10,1,23.854193,38.001228
10,2,23.853993,38.001727
10,3,23.854683,38.002319
10,4,23.854682,38.003867
10,5,23.856132,38.003245
10,6,23.859361,38.001544
10,7,23.862871,37.999595
10,8,23.86544,37.998473
10,9,23.868921,37.996532
10,10,23.87351,37.993591
10,11,23.87677,37.991069
10,12,23.88003,37.989028
10,13,23.88125,37.989886
10,14,23.88143,37.990116
10,15,23.88143,37.990177
10,16,23.88138,37.990165
10,17,23.88141,37.990116
10,18,23.88125,37.990005
10,19,23.88125,37.990016
10,20,23.8813,37.990207
10,21,23.88123,37.990546
10,22,23.881329,37.990638
10,23,23.881588,37.990909
10,24,23.881717,37.990409
10,25,23.881407,37.990131
10,26,23.881407,37.990131
10,27,23.881307,37.98997
10,28,23.880287,37.988979
10,29,23.879976,37.989097
10,30,23.878157,37.990207
10,31,23.875717,37.991798
10,32,23.874287,37.991729
10,33,23.872597,37.98973
10,34,23.871268,37.990321
10,35,23.871748,37.992022
10,36,23.871508,37.992194
10,37,23.871498,37.992206
10,38,23.872167,37.993087
10,39,23.870607,37.994857
10,40,23.870297,37.995768
10,41,23.870297,37.995768
10,42,23.870297,37.995941
10,43,23.867947,37.997169
10,44,23.864657,37.998927
10,45,23.860896,38.000518
10,46,23.857957,38.002487
10,47,23.857938,38.004806
10,48,23.858349,38.006637
10,49,23.858402,38.006847
10,50,23.858467,38.007033
10,51,23.858476,38.007052
10,52,23.858576,38.007362
10,53,23.857105,38.007892
10,54,23.854774,38.008643
10,55,23.854164,38.008823
10,56,23.853445,38.008994
10,57,23.851866,38.009273
10,58,23.850966,38.009471
10,59,23.849106,38.00981
10,60,23.848387,38.009952
10,61,23.848276,38.009963
10,62,23.847996,38.009994
10,63,23.847685,38.010024
10,64,23.847034,38.010123
10,65,23.846794,38.010154
10,66,23.846344,38.010234
10,67,23.845364,38.010394
10,68,23.844284,38.010512
10,69,23.842995,38.010661
10,70,23.842744,38.010681
10,71,23.842014,38.010772
10,72,23.840674,38.010932
10,73,23.840654,38.010982
10,74,23.840383,38.01102
10,75,23.840193,38.01105
10,76,23.840072,38.011088
10,77,23.840054,38.011088
10,78,23.839624,38.011207
10,79,23.839224,38.011378
10,80,23.839014,38.011417
10,81,23.838243,38.011817
10,82,23.837763,38.012039
10,83,23.837623,38.012076
10,84,23.836893,38.012397
10,85,23.836344,38.012626
10,86,23.836214,38.012687
10,87,23.835995,38.012779
10,88,23.835615,38.012858
10,89,23.835485,38.012928
10,90,23.835275,38.012996
10,91,23.834086,38.013256
10,92,23.833854,38.013305
10,93,23.833225,38.013465
10,94,23.831815,38.013774
10,95,23.830925,38.013996
10,96,23.830074,38.014087
10,97,23.829923,38.014049
10,98,23.829214,38.014049
10,99,23.829134,38.014049
10,100,23.828934,38.014018
10,101,23.828314,38.014018
10,102,23.828184,38.014007
10,103,23.827444,38.013976
10,104,23.827104,38.013976
10,105,23.826704,38.013946
10,106,23.826575,38.013866
10,107,23.826213,38.013866
10,108,23.825924,38.013854
10,109,23.825905,38.013866
10,110,23.825304,38.013854
10,111,23.825033,38.013843
10,112,23.824564,38.013843
10,113,23.824425,38.013812
10,114,23.822994,38.013721
10,115,23.822803,38.01379
10,116,23.822414,38.013828
10,117,23.821015,38.013717
10,118,23.818134,38.012977
10,119,23.816355,38.012466
10,120,23.814835,38.012107
10,121,23.810604,38.011138
10,122,23.805593,38.009009
10,123,23.802704,38.007819
10,124,23.801504,38.007358
10,125,23.798304,38.006499
10,126,23.796144,38.005797
10,127,23.794775,38.004885
10,128,23.793976,38.004397
10,129,23.793846,38.004337
10,130,23.793486,38.004085
10,131,23.792995,38.003654
10,132,23.792415,38.003165
10,133,23.791656,38.002505
10,134,23.790237,38.001994
10,135,23.790197,38.002013
10,136,23.789956,38.001834
10,137,23.789056,38.001544
10,138,23.788357,38.001304
10,139,23.788006,38.001235
10,140,23.787725,38.001117
10,141,23.786306,38.000316
10,142,23.784086,37.998805
10,143,23.782376,37.997485
10,144,23.782336,37.997485
10,145,23.780784,37.996425
10,146,23.778925,37.995334
10,147,23.776075,37.993273
10,148,23.772326,37.991542
10,149,23.770586,37.990314
10,150,23.770056,37.989852
10,151,23.767166,37.9882
10,152,23.765047,37.98656
10,153,23.764048,37.986018
10,154,23.764007,37.986018
10,155,23.761837,37.985317
10,156,23.760767,37.984985
10,157,23.759866,37.984305
10,158,23.758257,37.983085
10,159,23.755746,37.981277
10,160,23.753837,37.979457
10,161,23.753087,37.978915
10,162,23.752758,37.978717
10,163,23.752398,37.978507
10,164,23.750167,37.977027
10,165,23.749318,37.976829
10,166,23.749157,37.977218
10,167,23.749076,37.977409
10,168,23.749108,37.977298
10,169,23.749117,37.977329
10,170,23.748966,37.977687
10,171,23.748916,37.977909
10,172,23.748956,37.977958
10,173,23.749077,37.977527
10,174,23.748247,37.977306
10,175,23.747457,37.977127
10,176,23.746887,37.977008
10,177,23.746878,37.97673
10,178,23.748417,37.97655
10,179,23.750377,37.976932
10,180,23.752588,37.978653
10,181,23.754617,37.98046
10,182,23.755098,37.980949
10,183,23.755968,37.98191
10,184,23.758448,37.983508
10,185,23.759067,37.983958
10,186,23.761728,37.985347
10,187,23.763029,37.985889
10,188,23.763649,37.985878
10,189,23.765059,37.985897
10,190,23.767168,37.988048
10,191,23.770278,37.98999
10,192,23.771158,37.990711
10,193,23.774439,37.992172
10,194,23.778198,37.99472
10,195,23.778658,37.995021
10,196,23.780998,37.996433
10,197,23.783768,37.998542
10,198,23.785108,37.999633
10,199,23.786749,38.000602
10,200,23.787689,38.001102
10,201,23.789188,38.00162
10,202,23.790088,38.001922
10,203,23.792038,38.002834
10,204,23.794949,38.005035
10,205,23.797958,38.006396
10,206,23.800598,38.007057
10,207,23.800857,38.007118
10,208,23.803988,38.008258
10,209,23.808748,38.010429
10,210,23.813429,38.011699
10,211,23.81687,38.01255
10,212,23.818759,38.01311
10,213,23.822359,38.01363
10,214,23.824138,38.013709
10,215,23.824429,38.013698
10,216,23.827769,38.013847
10,217,23.829138,38.013847
10,218,23.831848,38.013507
10,219,23.835237,38.012798
10,220,23.838238,38.011626
10,221,23.841757,38.010726
10,222,23.845707,38.010265
10,223,23.851147,38.009296
10,224,23.854106,38.008785
10,225,23.855097,38.007403
10,226,23.855837,38.005973
10,227,23.856265,38.004504
10,228,23.856115,38.003333
10,229,23.857475,38.002631
10,230,23.858825,38.00191
10,231,23.860285,38.000919
10,232,23.862315,37.999828
10,233,23.865654,37.998378
10,234,23.867724,37.997268
10,235,23.869824,37.996066
10,236,23.871353,37.995616
10,237,23.874153,37.992797
10,238,23.878214,37.990096
10,239,23.880484,37.989246
10,240,23.880524,37.989215
10,241,23.880983,37.989566
10,242,23.881763,37.990344
10,243,23.882075,37.990715
10,244,23.881405,37.991645
10,245,23.881395,37.991657
10,246,23.881316,37.991657
10,247,23.881334,37.991477
10,248,23.882034,37.990626
10,249,23.881384,37.990078
10,250,23.881334,37.989986
10,251,23.881334,37.989986
10,252,23.881405,37.990054
10,253,23.881325,37.989963
10,254,23.881266,37.990023
10,255,23.880565,37.989364
10,256,23.880214,37.989032
10,257,23.879474,37.989391
10,258,23.877335,37.990752
10,259,23.874945,37.992343
10,260,23.873575,37.990924
10,261,23.872014,37.989833
10,262,23.869754,37.990875
10,263,23.871515,37.992594
10,264,23.870534,37.994815
10,265,23.870145,37.995754
10,266,23.870185,37.995784
10,267,23.868265,37.996986
10,268,23.864876,37.998824
10,269,23.862655,37.999736
10,270,23.860685,38.000697
10,271,23.857965,38.002456
10,272,23.857906,38.004768
10,273,23.858138,38.005958
10,274,23.858236,38.006267
10,275,23.858286,38.006457
10,276,23.858286,38.006488
10,277,23.858406,38.006896
10,278,23.858406,38.006915
10,279,23.858536,38.007426
10,280,23.858526,38.007488
10,281,23.858387,38.007629
10,282,23.857097,38.00801
10,283,23.856357,38.00878
10,284,23.856887,38.009902
10,285,23.854948,38.011283
10,286,23.853379,38.014545
10,287,23.851708,38.018226
10,288,23.850088,38.020755
10,289,23.848269,38.020725
10,290,23.847118,38.021266
10,291,23.847478,38.021747
10,292,23.84779,38.022178
10,293,23.84811,38.022678
10,294,23.84827,38.022998
10,295,23.848622,38.023646
10,296,23.848791,38.023947
10,297,23.849352,38.024878
10,298,23.848901,38.025649
10,299,23.849152,38.02647
10,300,23.847342,38.027221
10,301,23.844442,38.028922
10,302,23.843523,38.027633
10,303,23.841944,38.027621
10,304,23.838483,38.02914
10,305,23.837694,38.02951
10,306,23.836655,38.028868
10,307,23.834944,38.026828
10,308,23.834164,38.026126
10,309,23.833594,38.025188
10,310,23.833223,38.024886
10,311,23.832934,38.024886
10,312,23.832594,38.025336
10,313,23.832343,38.025386
10,314,23.832664,38.025066
10,315,23.832754,38.025027
10,316,23.832914,38.024829
10,317,23.832804,38.024841
10,318,23.832773,38.024852
10,319,23.832764,38.024962
10,320,23.832755,38.024982
10,321,23.833205,38.02492
10,322,23.834374,38.026352
10,323,23.835973,38.027991
10,324,23.837334,38.028133
10,325,23.841004,38.026535
10,326,23.842663,38.026496
10,327,23.846092,38.025386
10,328,23.848802,38.024997
10,329,23.848593,38.023807
10,330,23.846712,38.020896
10,331,23.845512,38.018417
10,332,23.846303,38.018008
10,333,23.849762,38.01765
10,334,23.852251,38.016898
10,335,23.854181,38.012618
10,336,23.856762,38.00996
10,337,23.857282,38.00941
10,338,23.858054,38.008789
10,339,23.857733,38.008327
10,340,23.857462,38.007907
10,341,23.857453,38.007907
10,342,23.857842,38.007655
10,343,23.858991,38.007426
10,344,23.86181,38.006927
10,345,23.86215,38.004977
10,346,23.86128,38.003047
10,347,23.862119,38.000106
10,348,23.86211,37.999988
10,349,23.865009,37.998759
10,350,23.86909,37.996429
10,351,23.871059,37.995749
10,352,23.874019,37.992931
10,353,23.87738,37.990661
10,354,23.880371,37.989143
10,355,23.881351,37.990211
10,356,23.881391,37.99015
10,357,23.881632,37.990371
10,358,23.881722,37.990489
10,359,23.881762,37.990501
10,360,23.881872,37.990561
10,361,23.881863,37.990573
10,362,23.881413,37.990134
10,363,23.881373,37.990134
10,364,23.881323,37.990073
10,365,23.880333,37.989055
10,366,23.879823,37.989246
10,367,23.877813,37.990497
10,368,23.875124,37.992267
10,369,23.874634,37.992206
10,370,23.872883,37.989986
10,371,23.870564,37.990337
10,372,23.870754,37.991527
10,373,23.872265,37.993747
10,374,23.870315,37.995739
10,375,23.870315,37.995749
10,376,23.870334,37.99583
10,377,23.868185,37.9971
10,378,23.864515,37.999042
10,379,23.860044,38.001171
10,380,23.857895,38.003391
10,381,23.858216,38.006202
10,382,23.858385,38.006813
10,383,23.858385,38.006823
10,384,23.858505,38.007243
10,385,23.858465,38.007213
10,386,23.857774,38.007701
10,387,23.856085,38.00846
10,388,23.857195,38.009689
10,389,23.855255,38.010959
10,390,23.853575,38.014159
10,391,23.851974,38.017661
10,392,23.850855,38.020191
10,393,23.848905,38.020511
10,394,23.847025,38.021079
10,395,23.848035,38.022399
10,396,23.848886,38.024077
10,397,23.849186,38.024688
10,398,23.849756,38.025576
10,399,23.850175,38.026145
10,400,23.850206,38.026175
10,401,23.849296,38.026595
10,402,23.846246,38.028007
10,403,23.844036,38.028575
10,404,23.842787,38.027366
10,405,23.839716,38.028674
10,406,23.838646,38.029136
10,407,23.838216,38.029315
10,408,23.838117,38.029327
10,409,23.837827,38.029468
10,410,23.837757,38.029486
10,411,23.837677,38.029517
10,412,23.836768,38.029029
10,413,23.836477,38.028621
10,414,23.836097,38.028072
10,415,23.835928,38.027881
10,416,23.834938,38.026851
10,417,23.834219,38.026191
10,418,23.83379,38.02555
10,419,23.83301,38.02486
10,420,23.83267,38.02489
10,421,23.832631,38.024879
10,422,23.832519,38.024749
10,423,23.83264,38.024848
10,424,23.83277,38.024848
10,425,23.83277,38.024848
10,426,23.832859,38.024837
10,427,23.833158,38.024848
10,428,23.833948,38.025939
10,429,23.834988,38.026958
10,430,23.836458,38.028529
10,431,23.839009,38.027469
10,432,23.842209,38.026031
10,433,23.843628,38.026172
10,434,23.847458,38.025241
10,435,23.849077,38.02494
10,436,23.849086,38.02494
10,437,23.848827,38.024082
10,438,23.847048,38.021221
10,439,23.847988,38.020851
10,440,23.850667,38.02061
10,441,23.852497,38.016571
10,442,23.854486,38.012179
10,443,23.857036,38.009849
10,444,23.857036,38.00954
10,445,23.857086,38.009559
10,446,23.858175,38.00891
10,447,23.858145,38.008769
10,448,23.857965,38.00856
10,449,23.857985,38.00851
10,450,23.857673,38.008109
10,451,23.857633,38.008071
10,452,23.857193,38.006892
10,453,23.855302,38.007171
10,454,23.855824,38.005641
10,455,23.856314,38.004253
10,456,23.857603,38.002551
10,457,23.861673,38.000052
10,458,23.865444,37.998473
10,459,23.869094,37.996383
10,460,23.871214,37.995643
10,461,23.873954,37.992934
10,462,23.877494,37.990523
10,463,23.880165,37.988925
10,464,23.881325,37.990035
10,465,23.881405,37.990073
10,466,23.881405,37.990085
10,467,23.881306,37.990073
10,468,23.881405,37.990005
10,469,23.881355,37.990005
10,470,23.881155,37.989864
10,471,23.880245,37.989063
10,472,23.879006,37.989703
10,473,23.876745,37.991172
10,474,23.874985,37.992393
10,475,23.875484,37.993373
10,476,23.876135,37.995322
10,477,23.875324,37.996581
10,478,23.873335,37.99546
10,479,23.870565,37.996199
10,480,23.870426,37.99612
10,481,23.869686,37.996249
10,482,23.867077,37.997718
10,483,23.863657,37.999419
10,484,23.859846,38.001338
10,485,23.857896,38.00341
10,486,23.858147,38.00603
10,487,23.858366,38.006862
10,488,23.858375,38.006873
10,489,23.858496,38.007255
10,490,23.858496,38.007285
10,491,23.859446,38.007434
10,492,23.860355,38.007366
10,493,23.860626,38.007773
10,494,23.860937,38.009555
10,495,23.861147,38.011195
10,496,23.860348,38.012706
10,497,23.860308,38.013515
10,498,23.860317,38.015246
10,499,23.860317,38.017307
10,500,23.860406,38.019877
10,501,23.859907,38.02248
10,502,23.859658,38.0242
10,503,23.859336,38.026569
10,504,23.859167,38.030029
10,505,23.858487,38.0312
10,506,23.858436,38.03123
10,507,23.857095,38.03168
10,508,23.857086,38.031692
10,509,23.856537,38.032222
10,510,23.857117,38.033443
10,511,23.856516,38.034293
10,512,23.854425,38.035823
10,513,23.851715,38.038333
10,514,23.848395,38.041484
10,515,23.844025,38.043933
10,516,23.843225,38.044204
10,517,23.840706,38.042094
10,518,23.839457,38.042545
10,519,23.837646,38.044013
10,520,23.835516,38.043815
10,521,23.832886,38.041873
10,522,23.830456,38.040122
10,523,23.829935,38.041491
10,524,23.829265,38.043883
10,525,23.828085,38.043563
10,526,23.824875,38.041965
10,527,23.821686,38.040366
10,528,23.819446,38.040465
10,529,23.819428,38.038715
10,530,23.819547,38.037906
10,531,23.819628,38.038024
10,532,23.819488,38.039214
10,533,23.820028,38.040393
10,534,23.822298,38.040591
10,535,23.823698,38.041332
10,536,23.826838,38.042922
10,537,23.829089,38.043891
10,538,23.829757,38.041579
10,539,23.829988,38.040878
10,540,23.830149,38.040309
10,541,23.830149,38.040297
10,542,23.831108,38.040527
10,543,23.833588,38.042377
10,544,23.836208,38.044265
10,545,23.836559,38.044506
10,546,23.83882,38.046126
10,547,23.83928,38.046447
10,548,23.839439,38.046527
10,549,23.8422,38.044746
10,550,23.846899,38.042144
10,551,23.85031,38.039653
10,552,23.85372,38.036132
10,553,23.857004,38.033653
10,554,23.856545,38.031844
10,555,23.859125,38.030254
10,556,23.859385,38.026344
10,557,23.859536,38.024302
10,558,23.859536,38.024242
10,559,23.859812,38.0227
10,560,23.860373,38.01905
10,561,23.860282,38.01501
10,562,23.859524,38.011721
10,563,23.857494,38.010761
10,564,23.858235,38.008842
10,565,23.858154,38.008681
10,566,23.858105,38.008613
10,567,23.857914,38.008384
10,568,23.857904,38.008334
10,569,23.857685,38.007983
10,570,23.857626,38.008014
10,571,23.857616,38.007693
10,572,23.856686,38.006973
10,573,23.855946,38.006072
10,574,23.856436,38.004703
10,575,23.857385,38.002711
10,576,23.861986,37.999981
10,577,23.866128,37.998172
10,578,23.869886,37.99607
10,579,23.871616,37.995559
10,580,23.874336,37.992728
10,581,23.877715,37.99047
10,582,23.880355,37.989059
10,583,23.881376,37.990207
10,584,23.881447,37.990089
10,585,23.881466,37.990119
10,586,23.881336,37.990051
10,587,23.881416,37.990062
10,588,23.881277,37.9901
10,589,23.880617,37.989299
10,590,23.879528,37.989379
10,591,23.877267,37.99081
10,592,23.874829,37.992389
10,593,23.873258,37.99044
10,594,23.871159,37.990051
10,595,23.870409,37.99113
10,596,23.87213,37.993019
10,597,23.87027,37.99538
10,598,23.870261,37.995631
10,599,23.870309,37.995803
10,600,23.870309,37.995803
10,601,23.870329,37.995872
10,602,23.868169,37.997093
10,603,23.864719,37.998954
10,604,23.860569,38.000793
10,605,23.857949,38.002963
10,606,23.858008,38.005412
10,607,23.858127,38.005954
10,608,23.858168,38.006084
10,609,23.858168,38.006095
10,610,23.858247,38.006427
10,611,23.858257,38.006465
10,612,23.858297,38.006606
10,613,23.858417,38.006977
10,614,23.858417,38.006977
10,615,23.858538,38.007445
10,616,23.857677,38.007735
10,617,23.855457,38.008506
10,618,23.852667,38.009128
10,619,23.849157,38.009769
10,620,23.846228,38.010249
10,621,23.843897,38.010581
10,622,23.840896,38.010921
10,623,23.839327,38.011352
10,624,23.838677,38.01166
10,625,23.837245,38.012351
10,626,23.837126,38.012413
10,627,23.836516,38.012671
10,628,23.836185,38.012783
10,629,23.836086,38.01282
10,630,23.835827,38.0129
10,631,23.834667,38.013153
10,632,23.834457,38.013202
10,633,23.834398,38.013221
10,634,23.833199,38.013499
10,635,23.832638,38.013629
10,636,23.832138,38.013739
10,637,23.831647,38.013851
10,638,23.831027,38.01403
10,639,23.830577,38.014099
10,640,23.828749,38.01411
10,641,23.827509,38.014121
10,642,23.826908,38.014041
10,643,23.826538,38.014022
10,644,23.825909,38.013992
10,645,23.825529,38.01398
10,646,23.825149,38.013961
10,647,23.824409,38.013911
10,648,23.823509,38.013912
10,649,23.82341,38.013911
10,650,23.822969,38.01385
10,651,23.822399,38.01377
10,652,23.822168,38.013751
10,653,23.822039,38.013771
10,654,23.820959,38.01372
10,655,23.819608,38.013461
10,656,23.819258,38.013382
10,657,23.819159,38.01337
10,658,23.818668,38.01316
10,659,23.818619,38.013129
10,660,23.818449,38.013019
10,661,23.817669,38.012767
10,662,23.817539,38.012798
10,663,23.817379,38.012778
10,664,23.817079,38.012699
10,665,23.816281,38.012508
10,666,23.81624,38.012519
10,667,23.815691,38.012298
10,668,23.815411,38.012267
10,669,23.814671,38.012126
10,670,23.813659,38.011824
10,671,23.813289,38.011684
10,672,23.813019,38.011665
10,673,23.812938,38.011695
10,674,23.812409,38.011584
10,675,23.812328,38.011596
10,676,23.812189,38.011565
10,677,23.811878,38.011516
10,678,23.811869,38.011516
10,679,23.811838,38.011005
10,680,23.813038,38.010086
10,681,23.813957,38.009925
10,682,23.814887,38.010326
10,683,23.814879,38.010555
10,684,23.815909,38.010906
10,685,23.816599,38.011115
10,686,23.8168,38.010974
10,687,23.816659,38.011443
10,688,23.81618,38.012004
10,689,23.816189,38.011992
10,690,23.816198,38.011973
10,691,23.817037,38.012473
10,692,23.819338,38.013164
10,693,23.821857,38.013522
10,694,23.826918,38.013744
10,695,23.830828,38.013652
10,696,23.835866,38.012622
10,697,23.839718,38.010993
10,698,23.843228,38.010562
10,699,23.847907,38.009872
10,700,23.853958,38.00883
10,701,23.857757,38.007671
10,702,23.861517,38.007071
10,703,23.865776,38.006214
10,704,23.868776,38.005672
10,705,23.872227,38.00505
10,706,23.873426,38.00476
10,707,23.873697,38.004699
10,708,23.874218,38.00455
10,709,23.876429,38.00397
10,710,23.876839,38.003871
10,711,23.877899,38.003833
10,712,23.879429,38.003821
10,713,23.880609,38.003791
10,714,23.88069,38.00344
10,715,23.88068,38.002899
10,716,23.880159,37.999588
10,717,23.8811,37.994777
10,718,23.88201,37.990626
10,719,23.881229,37.990367
10,720,23.88126,37.990317
10,721,23.88126,37.990416
10,722,23.881371,37.990608
10,723,23.881641,37.990989
10,724,23.881752,37.99134
10,725,23.881582,37.991618
10,726,23.881792,37.991408
10,727,23.882393,37.989818
10,728,23.882753,37.987876
10,729,23.879624,37.989337
10,730,23.875263,37.992198
10,731,23.874323,37.992846
10,732,23.872423,37.995185
10,733,23.867644,37.997425
10,734,23.863273,37.999545
10,735,23.859163,38.001827
10,736,23.856894,38.003005
10,737,23.857153,38.002796
10,738,23.857163,38.002807
10,739,23.857175,38.002815
10,740,23.857826,38.002543
10,741,23.858255,38.000365
10,742,23.856655,38.000427
10,743,23.856226,38.001487
10,744,23.854955,38.001708
10,745,23.853956,38.001456
10,746,23.854406,38.001296
10,747,23.854406,38.001296
10,748,23.854156,38.001414
10,749,23.854256,38.001384
