100,1,23.881339,37.991611
100,2,23.881709,37.99094
100,3,23.881807,37.99052
100,4,23.881847,37.99044
100,5,23.881638,37.990348
100,6,23.881326,37.990097
100,7,23.881326,37.990097
100,8,23.881236,37.989936
100,9,23.880867,37.989505
100,10,23.880867,37.989486
100,11,23.880417,37.989036
100,12,23.879887,37.989135
100,13,23.878567,37.989936
100,14,23.876667,37.991176
100,15,23.875048,37.992256
100,16,23.874717,37.992317
100,17,23.873798,37.991095
100,18,23.872278,37.989764
100,19,23.870058,37.990493
100,20,23.870659,37.991382
100,21,23.872148,37.992954
100,22,23.870678,37.994815
100,23,23.870338,37.995753
100,24,23.869308,37.996364
100,25,23.866928,37.997726
100,26,23.863998,37.999237
100,27,23.860838,38.000575
100,28,23.858818,38.001956
100,29,23.858488,38.002128
100,30,23.858167,38.0023
100,31,23.858017,38.002552
100,32,23.858017,38.002563
100,33,23.857998,38.002784
100,34,23.857978,38.002853
100,35,23.857969,38.002864
100,36,23.857939,38.003265
100,37,23.857919,38.003383
100,38,23.857901,38.003531
100,39,23.857882,38.003883
100,40,23.857872,38.003902
100,41,23.857872,38.004073
100,42,23.857872,38.004252
100,43,23.857872,38.004394
100,44,23.857891,38.004573
100,45,23.857891,38.004573
100,46,23.857931,38.004973
100,47,23.857941,38.005054
100,48,23.85798,38.005344
100,49,23.857971,38.005363
100,50,23.85799,38.005523
100,51,23.85803,38.005722
100,52,23.85804,38.005722
100,53,23.858139,38.006152
100,54,23.858149,38.006171
100,55,23.858248,38.006522
100,56,23.858266,38.006541
100,57,23.858377,38.006912
100,58,23.858408,38.00695
100,59,23.858568,38.007381
100,60,23.858587,38.007411
100,61,23.858787,38.007461
100,62,23.859877,38.007301
100,63,23.860306,38.00727
100,64,23.860657,38.008021
100,65,23.860957,38.009643
100,66,23.861175,38.011005
100,67,23.860756,38.012366
100,68,23.860367,38.013748
100,69,23.860286,38.015887
100,70,23.860447,38.018146
100,71,23.860446,38.019817
100,72,23.860446,38.019817
100,73,23.860416,38.020007
100,74,23.860166,38.021419
100,75,23.859698,38.023448
100,76,23.859648,38.025909
100,77,23.859287,38.028011
100,78,23.859297,38.0289
100,79,23.859287,38.029159
100,80,23.859217,38.029998
100,81,23.859207,38.030029
100,82,23.859157,38.03075
100,83,23.859117,38.030811
100,84,23.858358,38.031211
100,85,23.858059,38.031341
100,86,23.857019,38.031722
100,87,23.85669,38.031821
100,88,23.856499,38.032172
100,89,23.857088,38.033393
100,90,23.857128,38.033553
100,91,23.856148,38.034545
100,92,23.853909,38.036144
100,93,23.851448,38.038665
100,94,23.849148,38.040924
100,95,23.846308,38.042594
100,96,23.844068,38.043944
100,97,23.842739,38.044646
100,98,23.841749,38.045177
100,99,23.841268,38.045456
100,100,23.840949,38.045676
100,101,23.840938,38.045676
100,102,23.840188,38.046188
100,103,23.839699,38.046558
100,104,23.839699,38.046546
100,105,23.839838,38.047347
100,106,23.839838,38.049167
100,107,23.839658,38.050475
100,108,23.83964,38.050537
100,109,23.839569,38.051005
100,110,23.839519,38.051085
100,111,23.839519,38.051097
100,112,23.839131,38.051479
100,113,23.839131,38.051467
100,114,23.83859,38.051585
100,115,23.836331,38.051177
100,116,23.83435,38.051139
100,117,23.832281,38.05125
100,118,23.83225,38.051261
100,119,23.83103,38.051459
100,120,23.828171,38.052372
100,121,23.825491,38.052913
100,122,23.824772,38.053752
100,123,23.825351,38.054503
100,124,23.825571,38.055652
100,125,23.82604,38.056853
100,126,23.82617,38.057342
100,127,23.82617,38.05738
100,128,23.82611,38.057498
100,129,23.825811,38.05764
100,130,23.826092,38.057498
100,131,23.826012,38.057147
100,132,23.825431,38.055495
100,133,23.825002,38.054176
100,134,23.824533,38.053626
100,135,23.825862,38.052924
100,136,23.827883,38.052516
100,137,23.829723,38.051807
100,138,23.830393,38.051616
100,139,23.831133,38.051456
100,140,23.831682,38.051345
100,141,23.832762,38.051204
100,142,23.833242,38.051185
100,143,23.833952,38.051173
100,144,23.834602,38.051185
100,145,23.835613,38.051223
100,146,23.836162,38.051211
100,147,23.837133,38.051371
100,148,23.837673,38.051482
100,149,23.839372,38.050891
100,150,23.839622,38.048751
100,151,23.839333,38.047019
100,152,23.839261,38.046901
100,153,23.840203,38.045981
100,154,23.842953,38.044402
100,155,23.844202,38.043712
100,156,23.847493,38.041851
100,157,23.850412,38.03955
100,158,23.853173,38.036621
100,159,23.856512,38.034122
100,160,23.856312,38.032092
100,161,23.856312,38.032081
100,162,23.857141,38.031649
100,163,23.859041,38.030189
100,164,23.85921,38.026889
100,165,23.859471,38.024158
100,166,23.85948,38.024138
100,167,23.859649,38.023089
100,168,23.86023,38.019981
100,169,23.86031,38.018069
100,170,23.86194,38.01789
100,171,23.863911,38.017559
100,172,23.864861,38.016997
100,173,23.865751,38.016116
100,174,23.866821,38.016277
100,175,23.867891,38.017776
100,176,23.87,38.017886
100,177,23.872061,38.017375
100,178,23.87154,38.014285
100,179,23.871009,38.011004
100,180,23.87113,38.008033
100,181,23.871731,38.005485
100,182,23.871731,38.005424
100,183,23.8719,38.005123
100,184,23.873612,38.004722
100,185,23.874861,38.004272
100,186,23.8759,38.004043
100,187,23.876551,38.003882
100,188,23.87875,38.003845
100,189,23.87982,38.003806
100,190,23.88056,38.003768
100,191,23.88065,38.00349
100,192,23.88055,38.001419
100,193,23.88009,37.99858
100,194,23.88084,37.995521
100,195,23.881781,37.99216
100,196,23.881839,37.990508
100,197,23.88183,37.990448
100,198,23.881309,37.990127
100,199,23.88126,37.990088
100,200,23.88126,37.990069
100,201,23.880591,37.98928
100,202,23.87973,37.989219
100,203,23.878031,37.990268
100,204,23.875921,37.991649
100,205,23.874521,37.99203
100,206,23.873032,37.990142
100,207,23.871031,37.990032
100,208,23.869991,37.990771
100,209,23.871071,37.991862
100,210,23.872132,37.993853
100,211,23.870251,37.995585
100,212,23.869411,37.996276
100,213,23.866902,37.997707
100,214,23.863791,37.999267
100,215,23.86055,38.000747
100,216,23.857951,38.002479
100,217,23.857891,38.00439
100,218,23.858221,38.006221
100,219,23.85832,38.006553
100,220,23.8584,38.006862
100,221,23.85841,38.006862
100,222,23.85852,38.007194
100,223,23.85852,38.007194
100,224,23.858561,38.007305
100,225,23.859439,38.007304
100,226,23.86029,38.007213
100,227,23.86059,38.007411
100,228,23.860861,38.009002
100,229,23.861212,38.010662
100,230,23.861082,38.012122
100,231,23.860412,38.013744
100,232,23.860224,38.016242
100,233,23.858263,38.016383
100,234,23.854744,38.017112
100,235,23.854275,38.017691
100,236,23.854703,38.019221
100,237,23.855225,38.02106
100,238,23.855585,38.022632
100,239,23.855505,38.024562
100,240,23.852895,38.025382
100,241,23.850435,38.026172
100,242,23.850435,38.026172
100,243,23.850225,38.02624
100,244,23.848076,38.026931
100,245,23.845116,38.028572
100,246,23.843795,38.02814
100,247,23.842627,38.027339
100,248,23.840117,38.0284
100,249,23.837736,38.029467
100,250,23.837736,38.029467
100,251,23.837125,38.029567
100,252,23.836546,38.028766
100,253,23.835565,38.027495
100,254,23.833675,38.025393
100,255,23.832645,38.024562
100,256,23.831025,38.023792
100,257,23.827597,38.02307
100,258,23.823637,38.022331
100,259,23.820436,38.021911
100,260,23.817417,38.021151
100,261,23.814928,38.020641
100,262,23.814147,38.020499
100,263,23.812057,38.020038
100,264,23.808906,38.019378
100,265,23.807837,38.019149
100,266,23.807818,38.019149
100,267,23.806827,38.018928
100,268,23.803157,38.01815
100,269,23.799028,38.01741
100,270,23.796549,38.017662
100,271,23.796509,38.017672
100,272,23.796148,38.017864
100,273,23.796108,38.017864
100,274,23.795128,38.017375
100,275,23.793047,38.016155
100,276,23.791076,38.015533
100,277,23.788366,38.013713
100,278,23.785816,38.011813
100,279,23.784656,38.010684
100,280,23.785826,38.010222
100,281,23.786616,38.009742
100,282,23.786134,38.0092
100,283,23.785444,38.009501
100,284,23.785244,38.009513
100,285,23.785314,38.009532
100,286,23.784935,38.009464
100,287,23.784904,38.009445
100,288,23.784825,38.009456
100,289,23.784895,38.009296
100,290,23.784266,38.009376
100,291,23.783325,38.009726
100,292,23.783085,38.009807
100,293,23.784455,38.010917
100,294,23.786983,38.012748
100,295,23.789673,38.014709
100,296,23.792812,38.01609
100,297,23.793682,38.016521
100,298,23.794071,38.016712
100,299,23.794901,38.017241
100,300,23.794931,38.01726
100,301,23.795541,38.01778
100,302,23.795561,38.01778
100,303,23.796161,38.0177
100,304,23.798631,38.01726
100,305,23.801352,38.017631
100,306,23.804031,38.018199
100,307,23.806261,38.01868
100,308,23.80821,38.019088
100,309,23.811791,38.019828
100,310,23.814411,38.02045
100,311,23.81887,38.021331
100,312,23.822911,38.02209
100,313,23.82751,38.022971
100,314,23.831652,38.023963
100,315,23.833601,38.025313
100,316,23.834431,38.026381
100,317,23.835241,38.027152
100,318,23.836422,38.028553
100,319,23.838281,38.027751
100,320,23.840902,38.026591
100,321,23.842583,38.026401
100,322,23.844492,38.025729
100,323,23.848182,38.025169
100,324,23.848683,38.025058
100,325,23.849012,38.024947
100,326,23.849142,38.02491
100,327,23.849481,38.02515
100,328,23.849991,38.025939
100,329,23.850691,38.026057
100,330,23.853561,38.025146
100,331,23.85695,38.024375
100,332,23.859541,38.023635
100,333,23.860111,38.020645
100,334,23.860522,38.018016
100,335,23.862961,38.017764
100,336,23.864129,38.017493
100,337,23.86545,38.016383
100,338,23.866249,38.016063
100,339,23.86763,38.017082
100,340,23.86904,38.017994
100,341,23.87216,38.017642
100,342,23.8717,38.015174
100,343,23.871111,38.011516
100,344,23.87096,38.008155
100,345,23.871759,38.005565
100,346,23.87175,38.005553
100,347,23.87178,38.005153
100,348,23.872061,38.005091
100,349,23.872631,38.004981
100,350,23.873162,38.004863
100,351,23.873522,38.004733
100,352,23.874672,38.004344
100,353,23.875942,38.003974
100,354,23.876382,38.003856
100,355,23.877114,38.003726
100,356,23.878513,38.003787
100,357,23.878613,38.003776
100,358,23.879412,38.003795
100,359,23.880331,38.003795
100,360,23.880612,38.002906
100,361,23.880322,38.000568
100,362,23.880442,37.996867
100,363,23.881391,37.993446
100,364,23.882012,37.990706
100,365,23.881722,37.990535
100,366,23.881722,37.990497
100,367,23.881861,37.990467
100,368,23.881821,37.990356
100,369,23.88187,37.990467
100,370,23.88171,37.990348
100,371,23.881509,37.990188
100,372,23.881509,37.990268
100,373,23.88134,37.990008
100,374,23.880659,37.98933
100,375,23.880369,37.989078
100,376,23.87965,37.989379
100,377,23.87797,37.990409
100,378,23.875949,37.99174
100,379,23.87507,37.992301
100,380,23.87488,37.992401
100,381,23.873989,37.99134
100,382,23.87233,37.989791
100,383,23.870038,37.990542
100,384,23.870338,37.991073
100,385,23.871748,37.992542
100,386,23.871078,37.994571
100,387,23.870329,37.995761
100,388,23.870329,37.995761
100,389,23.869209,37.996421
100,390,23.86674,37.997833
100,391,23.86351,37.999404
100,392,23.8603,38.000953
100,393,23.858101,38.002364
100,394,23.85791,38.003616
100,395,23.857941,38.004596
100,396,23.857971,38.004985
100,397,23.85799,38.005146
100,398,23.85802,38.005385
100,399,23.85807,38.005565
100,400,23.85807,38.005576
100,401,23.85816,38.005927
100,402,23.858169,38.005958
100,403,23.858228,38.006209
100,404,23.858247,38.006278
100,405,23.858328,38.006556
100,406,23.858337,38.006575
100,407,23.858387,38.006755
100,408,23.858467,38.006977
100,409,23.858476,38.006996
100,410,23.858637,38.007377
100,411,23.858656,38.007446
100,412,23.859325,38.007427
100,413,23.860377,38.007277
100,414,23.860626,38.00745
100,415,23.860897,38.008861
100,416,23.861208,38.01057
100,417,23.861279,38.011631
100,418,23.860328,38.013011
100,419,23.860399,38.014942
100,420,23.859659,38.016292
100,421,23.85787,38.016513
100,422,23.857851,38.016513
100,423,23.857031,38.016654
100,424,23.854302,38.017253
100,425,23.854411,38.018134
100,426,23.854991,38.019904
100,427,23.855411,38.021434
100,428,23.855741,38.023185
100,429,23.855491,38.024677
100,430,23.853201,38.025325
100,431,23.85103,38.026027
100,432,23.850469,38.026198
100,433,23.85046,38.026198
100,434,23.850281,38.026259
100,435,23.84853,38.026828
100,436,23.84584,38.028217
100,437,23.84419,38.028865
100,438,23.84337,38.027435
100,439,23.841961,38.027633
100,440,23.839231,38.028823
100,441,23.838791,38.029002
100,442,23.8386,38.029082
100,443,23.838181,38.029273
100,444,23.838181,38.029273
100,445,23.83758,38.029544
100,446,23.837521,38.029574
100,447,23.837512,38.029574
100,448,23.836771,38.029087
100,449,23.83613,38.028186
100,450,23.835461,38.027408
100,451,23.83478,38.026748
100,452,23.834549,38.026508
100,453,23.834,38.025946
100,454,23.833081,38.024837
100,455,23.832571,38.025348
100,456,23.831581,38.025668
100,457,23.830471,38.026278
100,458,23.82323,38.032657
100,459,23.82282,38.033015
100,460,23.822651,38.033286
100,461,23.822681,38.033195
100,462,23.822641,38.033226
100,463,23.822601,38.033255
100,464,23.822601,38.033226
100,465,23.822592,38.033255
100,466,23.823113,38.032756
100,467,23.822992,38.032214
100,468,23.823011,38.032055
100,469,23.830851,38.026035
100,470,23.83189,38.025504
100,471,23.832741,38.025073
100,472,23.833081,38.024821
100,473,23.833771,38.02555
100,474,23.834822,38.026751
100,475,23.836192,38.028262
100,476,23.83707,38.028232
100,477,23.838859,38.027522
100,478,23.841419,38.026321
100,479,23.842748,38.026512
100,480,23.84471,38.0256
100,481,23.84832,38.025111
100,482,23.849131,38.024913
100,483,23.84914,38.024913
100,484,23.849781,38.025615
100,485,23.850091,38.025997
100,486,23.850912,38.025977
100,487,23.854052,38.024966
100,488,23.857351,38.024238
100,489,23.859602,38.023357
100,490,23.860191,38.020328
100,491,23.860342,38.018039
100,492,23.862242,38.017817
100,493,23.864012,38.017486
100,494,23.865211,38.016665
100,495,23.865853,38.015956
100,496,23.867141,38.016406
100,497,23.867992,38.017886
100,498,23.870052,38.017875
100,499,23.872121,38.017413
100,500,23.871591,38.014423
100,501,23.871062,38.011081
100,502,23.871252,38.007991
100,503,23.871773,38.00558
100,504,23.873204,38.004859
100,505,23.874332,38.004501
100,506,23.876491,38.003933
100,507,23.878691,38.003821
100,508,23.87949,38.00381
100,509,23.880729,38.003639
100,510,23.88059,38.001609
100,511,23.880121,37.998519
100,512,23.881012,37.99499
100,513,23.881972,37.99155
100,514,23.881771,37.990569
100,515,23.881771,37.990458
100,516,23.881911,37.9906
100,517,23.881839,37.990482
100,518,23.881889,37.990592
100,519,23.881898,37.990482
100,520,23.881449,37.99015
100,521,23.88143,37.990131
100,522,23.881371,37.990112
100,523,23.880941,37.98965
100,524,23.880121,37.989089
100,525,23.878891,37.989791
100,526,23.87697,37.991031
100,527,23.875141,37.992232
100,528,23.87479,37.992404
100,529,23.873831,37.991176
100,530,23.872331,37.989814
100,531,23.870182,37.990462
100,532,23.870521,37.991314
100,533,23.871952,37.992793
100,534,23.871162,37.994594
100,535,23.870303,37.995765
100,536,23.870292,37.995765
100,537,23.869433,37.996333
100,538,23.866972,37.997745
100,539,23.863842,37.999324
100,540,23.860641,38.000743
100,541,23.857962,38.002532
100,542,23.857912,38.004634
100,543,23.858363,38.006774
100,544,23.858483,38.007206
100,545,23.858482,38.007285
100,546,23.858482,38.007297
100,547,23.859043,38.007469
100,548,23.860292,38.007369
100,549,23.860582,38.007568
100,550,23.860842,38.008807
100,551,23.861141,38.010379
100,552,23.861261,38.011477
100,553,23.86272,38.011547
100,554,23.863881,38.011584
100,555,23.864599,38.012275
100,556,23.86603,38.012355
100,557,23.866579,38.011234
100,558,23.867529,38.011035
100,559,23.86855,38.011127
100,560,23.8683,38.012168
100,561,23.867889,38.013686
100,562,23.86701,38.015548
100,563,23.866659,38.016258
100,564,23.865899,38.017066
100,565,23.86471,38.017978
100,566,23.86335,38.019008
100,567,23.86181,38.019709
100,568,23.86186,38.019699
100,569,23.861781,38.019748
100,570,23.86171,38.019779
100,571,23.86137,38.01995
100,572,23.86241,38.019531
100,573,23.864149,38.01847
100,574,23.865558,38.017379
100,575,23.866768,38.016479
100,576,23.866858,38.01646
100,577,23.866898,38.01638
100,578,23.867527,38.016589
100,579,23.868378,38.01802
100,580,23.871328,38.017741
100,581,23.871938,38.016502
100,582,23.871377,38.012893
100,583,23.870868,38.009605
100,584,23.872089,38.007003
100,585,23.871799,38.005622
100,586,23.872799,38.00492
100,587,23.874039,38.00455
100,588,23.875827,38.00402
100,589,23.878458,38.00381
100,590,23.879068,38.003772
100,591,23.879758,38.00376
100,592,23.880659,38.00315
100,593,23.880579,38.001262
100,594,23.880128,37.99837
100,595,23.881089,37.99472
100,596,23.881967,37.991561
100,597,23.881717,37.99052
100,598,23.881627,37.990428
100,599,23.881728,37.990398
100,600,23.882078,37.990676
100,601,23.881927,37.990966
100,602,23.881829,37.991355
100,603,23.881729,37.991576
100,604,23.881769,37.991675
