101,1,23.881735,37.991512
101,2,23.881864,37.991123
101,3,23.882095,37.990722
101,4,23.881864,37.990531
101,5,23.881845,37.99044
101,6,23.881845,37.990329
101,7,23.881864,37.990367
101,8,23.881914,37.990477
101,9,23.881914,37.990539
101,10,23.881624,37.990318
101,11,23.881314,37.990078
101,12,23.881314,37.990078
101,13,23.881193,37.989905
101,14,23.880673,37.989356
101,15,23.880003,37.989115
101,16,23.878743,37.989837
101,17,23.876923,37.991016
101,18,23.875042,37.992286
101,19,23.873913,37.991268
101,20,23.872562,37.989726
101,21,23.870573,37.990195
101,22,23.870273,37.990955
101,23,23.871494,37.992305
101,24,23.871904,37.994114
101,25,23.870254,37.995502
101,26,23.870314,37.995761
101,27,23.869413,37.996303
101,28,23.867313,37.997523
101,29,23.864584,37.998973
101,30,23.861485,38.000183
101,31,23.858795,38.001933
101,32,23.857864,38.003715
101,33,23.858114,38.005893
101,34,23.858564,38.007274
101,35,23.859563,38.007274
101,36,23.860304,38.007213
101,37,23.860614,38.007602
101,38,23.860855,38.008761
101,39,23.861114,38.010062
101,40,23.861275,38.011142
101,41,23.861216,38.011302
101,42,23.861296,38.011501
101,43,23.862146,38.01152
101,44,23.862535,38.011558
101,45,23.862356,38.011386
101,46,23.862615,38.011577
101,47,23.863205,38.011508
101,48,23.863864,38.011737
101,49,23.864724,38.012336
101,50,23.865185,38.012397
101,51,23.866366,38.011947
101,52,23.866976,38.010955
101,53,23.868027,38.011024
101,54,23.869297,38.010985
101,55,23.870617,38.010867
101,56,23.870777,38.009688
101,57,23.872016,38.007068
101,58,23.871726,38.005458
101,59,23.871726,38.005447
101,60,23.871727,38.005206
101,61,23.872236,38.005046
101,62,23.872735,38.004954
101,63,23.872936,38.004917
101,64,23.873457,38.004768
101,65,23.874536,38.004428
101,66,23.875616,38.004138
101,67,23.875946,38.004058
101,68,23.876887,38.003837
101,69,23.877467,38.003825
101,70,23.877737,38.003814
101,71,23.878607,38.003814
101,72,23.879167,38.003803
101,73,23.879887,38.003803
101,74,23.880716,38.003741
101,75,23.880697,38.002422
101,76,23.880336,38.000121
101,77,23.880586,37.996871
101,78,23.881438,37.993663
101,79,23.882168,37.990772
101,80,23.881878,37.990493
101,81,23.881819,37.990474
101,82,23.881819,37.990504
101,83,23.881658,37.990466
101,84,23.88119,37.990085
101,85,23.88117,37.990047
101,86,23.88063,37.989436
101,87,23.88001,37.989216
101,88,23.878681,37.989986
101,89,23.876751,37.991236
101,90,23.874772,37.992466
101,91,23.873642,37.991016
101,92,23.872081,37.989925
101,93,23.869922,37.990634
101,94,23.870552,37.991374
101,95,23.871792,37.992675
101,96,23.871573,37.994395
101,97,23.870283,37.995784
101,98,23.870283,37.995814
101,99,23.869323,37.996383
101,100,23.867094,37.997665
101,101,23.864235,37.999156
101,102,23.861136,38.000384
101,103,23.858434,38.002155
101,104,23.857874,38.004073
101,105,23.858253,38.006332
101,106,23.858392,38.00677
101,107,23.858522,38.00719
101,108,23.858522,38.007228
101,109,23.858522,38.00724
101,110,23.859312,38.007358
101,111,23.860213,38.007259
101,112,23.860613,38.007518
101,113,23.860873,38.008857
101,114,23.861132,38.010547
101,115,23.861212,38.011848
101,116,23.860271,38.012989
101,117,23.860401,38.014479
101,118,23.860271,38.016189
101,119,23.859211,38.016281
101,120,23.85695,38.01665
101,121,23.854671,38.017138
101,122,23.854332,38.01781
101,123,23.854661,38.019061
101,124,23.855051,38.020423
101,125,23.855381,38.021552
101,126,23.85563,38.022803
101,127,23.855631,38.024112
101,128,23.854761,38.024741
101,129,23.85239,38.025562
101,130,23.85069,38.026111
101,131,23.850681,38.026122
101,132,23.85041,38.026214
101,133,23.84889,38.026695
101,134,23.846071,38.028064
101,135,23.844361,38.028975
101,136,23.843629,38.027847
101,137,23.842599,38.027385
101,138,23.840579,38.028243
101,139,23.83766,38.029494
101,140,23.837459,38.029574
101,141,23.837429,38.029593
101,142,23.836698,38.028972
101,143,23.835228,38.027152
101,144,23.833779,38.025611
101,145,23.833008,38.024841
101,146,23.832589,38.025341
101,147,23.831768,38.025569
101,148,23.830547,38.026229
101,149,23.830448,38.026309
101,150,23.823148,38.032669
101,151,23.823079,38.032768
101,152,23.822738,38.033019
101,153,23.822798,38.032981
101,154,23.822588,38.033122
101,155,23.822619,38.033084
101,156,23.822748,38.032992
101,157,23.822748,38.032992
101,158,23.822869,38.032912
101,159,23.823288,38.032543
101,160,23.829147,38.027553
101,161,23.830567,38.026591
101,162,23.831596,38.025981
101,163,23.832515,38.025451
101,164,23.832957,38.02481
101,165,23.833906,38.025828
101,166,23.834437,38.026378
101,167,23.836086,38.028087
101,168,23.837637,38.027996
101,169,23.840147,38.026935
101,170,23.842266,38.025997
101,171,23.843346,38.026317
101,172,23.845846,38.025406
101,173,23.848896,38.024986
101,174,23.849405,38.025066
101,175,23.850676,38.026065
101,176,23.853176,38.025287
101,177,23.855245,38.024718
101,178,23.858136,38.024138
101,179,23.859186,38.023997
101,180,23.859686,38.022929
101,181,23.860235,38.019889
101,182,23.860426,38.018039
101,183,23.862446,38.017841
101,184,23.864025,38.01752
101,185,23.865145,38.01673
101,186,23.865915,38.015952
101,187,23.867136,38.016433
101,188,23.868016,38.018012
101,189,23.870325,38.017894
101,190,23.872055,38.017383
101,191,23.871535,38.014262
101,192,23.871004,38.011013
101,193,23.871094,38.008071
101,194,23.871714,38.005461
101,195,23.872114,38.005103
101,196,23.872604,38.005012
101,197,23.873034,38.00492
101,198,23.873514,38.004779
101,199,23.874264,38.004527
101,200,23.876015,38.004108
101,201,23.877544,38.003887
101,202,23.878324,38.003898
101,203,23.879885,38.003878
101,204,23.880374,38.003891
101,205,23.880576,38.003539
101,206,23.880535,38.00172
101,207,23.880184,38.000099
101,208,23.880444,37.997027
101,209,23.881403,37.993579
101,210,23.882113,37.990989
101,211,23.881832,37.990581
101,212,23.881841,37.990501
101,213,23.881771,37.990383
101,214,23.881391,37.990081
101,215,23.881373,37.9901
101,216,23.881703,37.99042
101,217,23.882131,37.990753
101,218,23.882052,37.991332
101,219,23.8817,37.992614
101,220,23.88117,37.994464
101,221,23.88065,37.996375
101,222,23.88019,37.998195
101,223,23.880319,38.000106
101,224,23.880659,38.001976
101,225,23.880729,38.003444
101,226,23.880749,38.003456
101,227,23.880718,38.003654
101,228,23.879448,38.003642
101,229,23.878449,38.003672
101,230,23.877078,38.003692
101,231,23.875529,38.0041
101,232,23.874677,38.004352
101,233,23.874708,38.004672
101,234,23.875378,38.005122
101,235,23.876137,38.005622
101,236,23.876956,38.005851
101,237,23.877368,38.006572
101,238,23.877877,38.00722
101,239,23.878276,38.007369
101,240,23.878638,38.007197
101,241,23.878977,38.007438
101,242,23.879357,38.007728
101,243,23.879616,38.008079
101,244,23.879625,38.008239
101,245,23.879695,38.00825
101,246,23.879326,38.008571
101,247,23.878805,38.008811
101,248,23.879425,38.008491
101,249,23.879434,38.008479
101,250,23.879635,38.008209
101,251,23.878944,38.007369
101,252,23.877945,38.007309
101,253,23.876986,38.00587
101,254,23.876005,38.005581
101,255,23.874774,38.00484
101,256,23.874515,38.00465
101,257,23.874466,38.004508
101,258,23.875486,38.004169
101,259,23.876797,38.003867
101,260,23.878468,38.003829
101,261,23.879359,38.003817
101,262,23.880607,38.003787
101,263,23.880728,38.003757
101,264,23.880687,38.002689
101,265,23.880447,38.0004
101,266,23.880506,37.99702
101,267,23.881487,37.993461
101,268,23.882117,37.99071
101,269,23.881816,37.990531
101,270,23.881816,37.990493
101,271,23.881977,37.990523
101,272,23.882117,37.990653
101,273,23.882157,37.990691
101,274,23.882116,37.991283
101,275,23.881636,37.993014
101,276,23.881025,37.995246
101,277,23.880356,37.997646
101,278,23.880297,37.999785
101,279,23.880618,38.001487
101,280,23.880768,38.003138
101,281,23.880798,38.003367
101,282,23.880788,38.00362
101,283,23.879809,38.003639
101,284,23.877819,38.003669
101,285,23.875439,38.004058
101,286,23.874548,38.004489
101,287,23.875167,38.004878
101,288,23.875809,38.00534
101,289,23.876688,38.0055
101,290,23.877138,38.006251
101,291,23.877687,38.0069
101,292,23.878298,38.00735
101,293,23.878468,38.007289
101,294,23.878397,38.007407
101,295,23.878817,38.007136
101,296,23.879186,38.007568
101,297,23.879636,38.008048
101,298,23.879816,38.008197
101,299,23.879545,38.008388
101,300,23.878935,38.008708
101,301,23.879354,38.008598
101,302,23.879675,38.008266
101,303,23.879734,38.008304
101,304,23.879275,38.007682
101,305,23.878655,38.007251
101,306,23.877855,38.007213
101,307,23.877115,38.006232
101,308,23.876606,38.005702
101,309,23.874895,38.004901
101,310,23.874414,38.00455
101,311,23.874874,38.004299
101,312,23.876194,38.004009
101,313,23.878024,38.003859
101,314,23.880403,38.003829
101,315,23.880674,38.002547
101,316,23.880304,38.000236
101,317,23.880464,37.997016
101,318,23.881414,37.993557
101,319,23.882114,37.990775
101,320,23.881784,37.990535
101,321,23.881754,37.990535
101,322,23.881624,37.990374
101,323,23.881303,37.990153
101,324,23.881263,37.990142
101,325,23.881103,37.989921
101,326,23.880703,37.98952
101,327,23.880253,37.989112
101,328,23.880062,37.989143
101,329,23.878992,37.989753
101,330,23.877232,37.990875
101,331,23.875231,37.992195
101,332,23.87396,37.991416
101,333,23.87248,37.989806
101,334,23.87039,37.990348
101,335,23.870439,37.991119
101,336,23.871599,37.992401
101,337,23.87176,37.99425
101,338,23.870279,37.995639
101,339,23.87032,37.99578
101,340,23.869708,37.996199
101,341,23.867639,37.997379
101,342,23.864689,37.99895
101,343,23.86138,38.00027
101,344,23.858459,38.002158
101,345,23.85787,38.003939
101,346,23.858141,38.005908
101,347,23.85827,38.00637
101,348,23.8584,38.006778
101,349,23.858419,38.006877
101,350,23.858459,38.006987
101,351,23.85857,38.007339
101,352,23.85857,38.007339
101,353,23.8589,38.0074
101,354,23.86042,38.007202
101,355,23.86042,38.007202
101,356,23.86064,38.007423
101,357,23.860899,38.008884
101,358,23.861148,38.010692
101,359,23.861038,38.012172
101,360,23.860369,38.013664
101,361,23.860298,38.015803
101,362,23.859209,38.016334
101,363,23.856669,38.016734
101,364,23.854189,38.017315
101,365,23.854429,38.018295
101,366,23.854909,38.019854
101,367,23.855299,38.021186
101,368,23.85562,38.022574
101,369,23.855569,38.024383
101,370,23.85393,38.025043
101,371,23.850849,38.026035
101,372,23.850529,38.026152
101,373,23.850418,38.026191
101,374,23.848898,38.026691
101,375,23.846249,38.027961
101,376,23.844219,38.028881
101,377,23.843439,38.0275
101,378,23.842169,38.02756
101,379,23.839649,38.02864
101,380,23.83853,38.029102
101,381,23.83821,38.029243
101,382,23.83815,38.029273
101,383,23.837651,38.029494
101,384,23.83762,38.029513
101,385,23.83688,38.029125
101,386,23.836689,38.028846
101,387,23.836569,38.028625
101,388,23.836208,38.028113
101,389,23.835538,38.027336
101,390,23.835018,38.026793
101,391,23.833948,38.025734
101,392,23.832958,38.024882
101,393,23.832438,38.025424
101,394,23.831627,38.025646
101,395,23.830797,38.026107
101,396,23.830547,38.026267
101,397,23.822518,38.032805
101,398,23.822338,38.033015
101,399,23.821418,38.033706
101,400,23.822809,38.032527
101,401,23.82296,38.032516
101,402,23.82333,38.032596
101,403,23.829229,38.027465
101,404,23.830369,38.026695
101,405,23.83135,38.026126
101,406,23.832341,38.025627
101,407,23.833081,38.024886
101,408,23.8338,38.025775
101,409,23.83411,38.026175
101,410,23.83527,38.027267
101,411,23.83611,38.028197
101,412,23.83714,38.028228
101,413,23.838839,38.027556
101,414,23.841058,38.026546
101,415,23.842258,38.026046
101,416,23.842939,38.026615
101,417,23.844639,38.025683
101,418,23.84755,38.025283
101,419,23.84889,38.025054
101,420,23.84926,38.025004
101,421,23.84993,38.025935
101,422,23.851249,38.025905
101,423,23.85372,38.025134
101,424,23.854999,38.024726
101,425,23.85706,38.024356
101,426,23.85932,38.024005
101,427,23.859829,38.022353
101,428,23.860248,38.019832
101,429,23.860289,38.018153
101,430,23.861629,38.017993
101,431,23.86389,38.017772
101,432,23.864639,38.017303
101,433,23.865639,38.016303
101,434,23.866398,38.016211
101,435,23.867628,38.01728
101,436,23.868837,38.018069
101,437,23.871837,38.017798
101,438,23.871779,38.016067
101,439,23.871248,38.012698
101,440,23.870758,38.009498
101,441,23.870659,38.008407
101,442,23.870689,38.008407
101,443,23.871078,38.008067
101,444,23.871818,38.005798
101,445,23.871707,38.005287
101,446,23.873898,38.004615
101,447,23.876506,38.003875
101,448,23.878567,38.003806
101,449,23.879048,38.003776
101,450,23.879107,38.003764
101,451,23.879616,38.003734
101,452,23.880717,38.003642
101,453,23.880685,38.003181
101,454,23.880705,38.003169
101,455,23.880735,38.002849
101,456,23.880735,38.002178
101,457,23.880365,37.999988
101,458,23.880646,37.996597
101,459,23.881626,37.993018
101,460,23.882196,37.990737
101,461,23.882026,37.990935
101,462,23.881638,37.991637
101,463,23.881447,37.991649
101,464,23.881438,37.991638
101,465,23.881037,37.991607
101,466,23.880917,37.991748
