102,1,23.881437,37.991168
102,2,23.882008,37.9906
102,3,23.881798,37.990409
102,4,23.881788,37.99034
102,5,23.881529,37.99029
102,6,23.88135,37.990119
102,7,23.881349,37.9901
102,8,23.88147,37.98994
102,9,23.881239,37.989989
102,10,23.881489,37.990211
102,11,23.88176,37.990383
102,12,23.88176,37.990443
102,13,23.881899,37.990585
102,14,23.881769,37.991176
102,15,23.881608,37.991637
102,16,23.88156,37.991577
102,17,23.881699,37.991386
102,18,23.881788,37.991054
102,19,23.881807,37.991054
102,20,23.881976,37.990783
102,21,23.881218,37.990023
102,22,23.880188,37.989085
102,23,23.878908,37.989788
102,24,23.877058,37.990966
102,25,23.875208,37.992187
102,26,23.874558,37.992199
102,27,23.873527,37.990848
102,28,23.872008,37.989868
102,29,23.869907,37.990638
102,30,23.870509,37.991309
102,31,23.871889,37.992747
102,32,23.871149,37.994555
102,33,23.870239,37.995704
102,34,23.870239,37.995715
102,35,23.870149,37.996048
102,36,23.868069,37.997139
102,37,23.865278,37.998618
102,38,23.862108,37.99995
102,39,23.859259,38.001701
102,40,23.857969,38.002452
102,41,23.857849,38.003734
102,42,23.858068,38.005813
102,43,23.858458,38.007095
102,44,23.858427,38.007064
102,45,23.858477,38.007334
102,46,23.859707,38.007304
102,47,23.860327,38.007266
102,48,23.860616,38.007617
102,49,23.860875,38.009189
102,50,23.861116,38.010921
102,51,23.860897,38.012283
102,52,23.860107,38.012664
102,53,23.859598,38.011745
102,54,23.857829,38.012023
102,55,23.857137,38.013004
102,56,23.855538,38.014384
102,57,23.854078,38.016643
102,58,23.854479,38.018561
102,59,23.855069,38.020591
102,60,23.855508,38.02227
102,61,23.855589,38.024169
102,62,23.855179,38.024699
102,63,23.852659,38.02547
102,64,23.850738,38.026069
102,65,23.850378,38.026187
102,66,23.848799,38.026686
102,67,23.846329,38.027866
102,68,23.84426,38.028896
102,69,23.843399,38.027457
102,70,23.842199,38.027495
102,71,23.839828,38.028507
102,72,23.837377,38.029574
102,73,23.837368,38.029586
102,74,23.837148,38.029567
102,75,23.836149,38.028117
102,76,23.83429,38.026206
102,77,23.833889,38.025775
102,78,23.833019,38.024795
102,79,23.83082,38.023776
102,80,23.827789,38.023116
102,81,23.826039,38.023776
102,82,23.823867,38.025047
102,83,23.822267,38.026126
102,84,23.821019,38.027007
102,85,23.819828,38.027866
102,86,23.820498,38.028594
102,87,23.821688,38.030154
102,88,23.822267,38.031383
102,89,23.821087,38.032222
102,90,23.821047,38.032642
102,91,23.822397,38.033634
102,92,23.823967,38.034812
102,93,23.824537,38.035292
102,94,23.824648,38.035403
102,95,23.824747,38.035465
102,96,23.824837,38.035556
102,97,23.825006,38.035705
102,98,23.825136,38.035846
102,99,23.825257,38.035938
102,100,23.825296,38.035957
102,101,23.826156,38.036658
102,102,23.826277,38.036758
102,103,23.826657,38.037128
102,104,23.827097,38.037517
102,105,23.827288,38.037635
102,106,23.827466,38.037754
102,107,23.827596,38.037852
102,108,23.827655,38.037871
102,109,23.827875,38.03802
102,110,23.827985,38.038101
102,111,23.828165,38.038241
102,112,23.828565,38.038562
102,113,23.828776,38.038752
102,114,23.829006,38.038913
102,115,23.829845,38.039604
102,116,23.830045,38.039721
102,117,23.830196,38.039863
102,118,23.830126,38.040294
102,119,23.829774,38.041576
102,120,23.829334,38.043246
102,121,23.828785,38.043765
102,122,23.826595,38.042746
102,123,23.824066,38.041816
102,124,23.821497,38.042137
102,125,23.819508,38.042278
102,126,23.819418,38.041377
102,127,23.819408,38.040126
102,128,23.818307,38.040245
102,129,23.816267,38.041843
102,130,23.813646,38.043402
102,131,23.810655,38.044494
102,132,23.808186,38.045245
102,133,23.806465,38.045417
102,134,23.804556,38.043487
102,135,23.802046,38.040427
102,136,23.799945,38.037917
102,137,23.797476,38.035926
102,138,23.795345,38.033737
102,139,23.793415,38.031558
102,140,23.792175,38.030257
102,141,23.791815,38.029887
102,142,23.791254,38.030208
102,143,23.791024,38.030356
102,144,23.790993,38.030376
102,145,23.790853,38.030516
102,146,23.790782,38.031085
102,147,23.790783,38.031097
102,148,23.790203,38.031226
102,149,23.788713,38.031746
102,150,23.788053,38.032016
102,151,23.787294,38.032367
102,152,23.786544,38.032328
102,153,23.786535,38.031947
102,154,23.786795,38.031985
102,155,23.786795,38.031997
102,156,23.787035,38.032275
102,157,23.787054,38.032207
102,158,23.787085,38.032195
102,159,23.787044,38.032176
102,160,23.787026,38.032176
102,161,23.786865,38.032096
102,162,23.786686,38.031818
102,163,23.786695,38.031879
102,164,23.786485,38.031997
102,165,23.786596,38.032497
102,166,23.787617,38.032219
102,167,23.789008,38.031669
102,168,23.790678,38.031028
102,169,23.791499,38.030059
102,170,23.791718,38.029918
102,171,23.791736,38.029899
102,172,23.791317,38.029368
102,173,23.790876,38.028857
102,174,23.790846,38.028758
102,175,23.790605,38.028419
102,176,23.789425,38.026378
102,177,23.789365,38.025737
102,178,23.789306,38.025257
102,179,23.789287,38.025146
102,180,23.789298,38.025127
102,181,23.789226,38.024677
102,182,23.789177,38.024547
102,183,23.789177,38.024535
102,184,23.789118,38.024276
102,185,23.790777,38.023006
102,186,23.793318,38.020976
102,187,23.795489,38.018176
102,188,23.797718,38.017326
102,189,23.799888,38.017486
102,190,23.800099,38.017566
102,191,23.800459,38.017615
102,192,23.80358,38.018214
102,193,23.805779,38.018653
102,194,23.806679,38.018813
102,195,23.806697,38.018832
102,196,23.808788,38.019313
102,197,23.812079,38.019985
102,198,23.813167,38.020244
102,199,23.815828,38.020786
102,200,23.819658,38.021525
102,201,23.823778,38.022304
102,202,23.827099,38.022914
102,203,23.827739,38.023014
102,204,23.83087,38.023715
102,205,23.832769,38.024665
102,206,23.83408,38.026046
102,207,23.83597,38.027976
102,208,23.837271,38.028125
102,209,23.839821,38.027106
102,210,23.842111,38.026046
102,211,23.842641,38.026324
102,212,23.844023,38.025943
102,213,23.847433,38.025222
102,214,23.849132,38.02492
102,215,23.849142,38.02492
102,216,23.849512,38.025191
102,217,23.850141,38.026103
102,218,23.851242,38.025894
102,219,23.854332,38.024894
102,220,23.857601,38.024245
102,221,23.859621,38.023216
102,222,23.860222,38.020316
102,223,23.860582,38.018016
102,224,23.862282,38.017844
102,225,23.863931,38.017554
102,226,23.864792,38.017124
102,227,23.865722,38.016185
102,228,23.866932,38.016327
102,229,23.868122,38.018058
102,230,23.870632,38.017837
102,231,23.871982,38.016978
102,232,23.871492,38.01377
102,233,23.870983,38.010601
102,234,23.871412,38.007911
102,235,23.871751,38.00547
102,236,23.871762,38.00547
102,237,23.871872,38.00513
102,238,23.872631,38.004969
102,239,23.873162,38.004852
102,240,23.873671,38.004691
102,241,23.87425,38.004493
102,242,23.875249,38.004173
102,243,23.875639,38.004081
102,244,23.876879,38.003791
102,245,23.877098,38.00378
102,246,23.878497,38.003818
102,247,23.879108,38.003787
102,248,23.879978,38.003776
102,249,23.880659,38.003387
102,250,23.88064,38.001826
102,251,23.880119,37.999175
102,252,23.880779,37.995807
102,253,23.88171,37.992447
102,254,23.88203,37.990626
102,255,23.88174,37.990455
102,256,23.88174,37.990466
102,257,23.88191,37.990535
102,258,23.881911,37.990566
102,259,23.881892,37.990436
102,260,23.88145,37.990116
102,261,23.881272,37.989917
102,262,23.881201,37.989929
102,263,23.881081,37.989818
102,264,23.880362,37.989109
102,265,23.880081,37.989108
102,266,23.878842,37.98981
102,267,23.876951,37.991038
102,268,23.874812,37.99242
102,269,23.873791,37.991149
102,270,23.872231,37.989848
102,271,23.87001,37.990428
102,272,23.87081,37.991637
102,273,23.872219,37.993426
102,274,23.870218,37.995395
102,275,23.870267,37.995715
102,276,23.870118,37.996055
102,277,23.868107,37.997123
102,278,23.865437,37.998553
102,279,23.862426,37.999843
102,280,23.859617,38.001495
102,281,23.857946,38.003215
102,282,23.858045,38.005546
102,283,23.858434,38.006877
102,284,23.858515,38.007186
102,285,23.858484,38.007175
102,286,23.858533,38.007404
102,287,23.859844,38.007232
102,288,23.860134,38.007232
102,289,23.860575,38.00735
102,290,23.860765,38.008682
102,291,23.861015,38.010211
102,292,23.861126,38.01147
102,293,23.860266,38.012729
102,294,23.860285,38.013549
102,295,23.860315,38.01519
102,296,23.860084,38.016319
102,297,23.858105,38.01649
102,298,23.854835,38.01715
102,299,23.854274,38.01773
102,300,23.854654,38.019141
102,301,23.855204,38.0209
102,302,23.855503,38.022109
102,303,23.855703,38.023658
102,304,23.855423,38.024718
102,305,23.853453,38.02526
102,306,23.850462,38.026222
102,307,23.848002,38.027011
102,308,23.845261,38.02856
102,309,23.844011,38.028511
102,310,23.843071,38.027171
102,311,23.841551,38.027842
102,312,23.838791,38.029021
102,313,23.8381,38.029342
102,314,23.837909,38.029441
102,315,23.8379,38.029452
102,316,23.837419,38.029643
102,317,23.837419,38.029655
102,318,23.83728,38.029685
102,319,23.83655,38.028685
102,320,23.835199,38.027076
102,321,23.833679,38.025344
102,322,23.832819,38.025073
102,323,23.832409,38.025585
102,324,23.832538,38.025523
102,325,23.83162,38.025974
102,326,23.830219,38.026794
102,327,23.828809,38.027732
102,328,23.823049,38.032581
102,329,23.822799,38.032859
102,330,23.822781,38.032828
102,331,23.82263,38.032908
102,332,23.82285,38.03276
102,333,23.822868,38.032741
102,334,23.823148,38.03265
102,335,23.823368,38.032599
102,336,23.830118,38.026858
102,337,23.831669,38.025947
102,338,23.832849,38.024887
102,339,23.833608,38.025337
102,340,23.834009,38.025985
102,341,23.83531,38.027255
102,342,23.836439,38.028575
102,343,23.83848,38.027694
102,344,23.841151,38.026503
102,345,23.842581,38.026355
102,346,23.844251,38.025867
102,347,23.847983,38.025206
102,348,23.849283,38.024967
102,349,23.850023,38.026076
102,350,23.850794,38.026088
102,351,23.853184,38.025336
102,352,23.856385,38.024585
102,353,23.859274,38.024024
102,354,23.859283,38.024024
102,355,23.859672,38.023014
102,356,23.860122,38.020675
102,357,23.860283,38.018134
102,358,23.860703,38.018054
102,359,23.862783,38.017844
102,360,23.863993,38.017554
102,361,23.865043,38.016864
102,362,23.865824,38.016032
102,363,23.867073,38.016452
102,364,23.867963,38.017993
102,365,23.870104,38.017924
102,366,23.872074,38.017444
102,367,23.871543,38.014365
102,368,23.870995,38.010917
102,369,23.871275,38.008025
102,370,23.871784,38.005836
102,371,23.871734,38.005477
102,372,23.872114,38.005119
102,373,23.872573,38.005039
102,374,23.872734,38.005
102,375,23.873204,38.004882
102,376,23.873543,38.004802
102,377,23.874172,38.004603
102,378,23.875871,38.004115
102,379,23.878132,38.003887
102,380,23.880151,38.003856
102,381,23.880701,38.003536
102,382,23.880611,38.002716
102,383,23.880371,38.000625
102,384,23.880331,37.997424
102,385,23.881311,37.993873
102,386,23.882131,37.990901
102,387,23.881742,37.990531
102,388,23.881723,37.990482
102,389,23.881903,37.990561
102,390,23.881883,37.990573
102,391,23.881653,37.990394
102,392,23.881302,37.990153
102,393,23.881292,37.990123
102,394,23.881101,37.989845
102,395,23.880811,37.989566
102,396,23.880611,37.989376
102,397,23.87997,37.989154
102,398,23.878721,37.989883
102,399,23.876901,37.991073
102,400,23.875042,37.992313
102,401,23.874323,37.991851
102,402,23.872963,37.990119
102,403,23.870922,37.990108
102,404,23.870042,37.990867
102,405,23.871272,37.992137
102,406,23.871924,37.994128
102,407,23.870314,37.995788
102,408,23.870314,37.995788
102,409,23.870002,37.996089
102,410,23.867843,37.99726
102,411,23.865114,37.998698
102,412,23.861994,37.999981
102,413,23.859134,38.001781
102,414,23.857895,38.00344
102,415,23.858055,38.005698
102,416,23.858144,38.005977
102,417,23.858185,38.006095
102,418,23.858295,38.006404
102,419,23.858295,38.006423
102,420,23.858456,38.006923
102,421,23.858456,38.006934
102,422,23.858515,38.007144
102,423,23.859745,38.007224
102,424,23.860454,38.007175
102,425,23.860645,38.007495
102,426,23.861056,38.008406
102,427,23.862806,38.008106
102,428,23.863186,38.008525
102,429,23.863446,38.009696
102,430,23.863745,38.011035
102,431,23.864225,38.011996
102,432,23.865216,38.012317
102,433,23.866366,38.011897
102,434,23.867056,38.010849
102,435,23.868045,38.010916
102,436,23.868487,38.011257
102,437,23.868205,38.012546
102,438,23.867626,38.014316
102,439,23.866806,38.015937
102,440,23.866316,38.016536
102,441,23.865356,38.017475
102,442,23.864306,38.018252
102,443,23.862496,38.019381
102,444,23.860605,38.020221
102,445,23.859544,38.020362
102,446,23.858065,38.020663
102,447,23.856454,38.020942
102,448,23.855036,38.021141
102,449,23.853886,38.021289
102,450,23.852886,38.02143
102,451,23.852096,38.021549
102,452,23.851187,38.021689
102,453,23.850256,38.021789
102,454,23.849406,38.02196
102,455,23.849266,38.021999
102,456,23.848806,38.02201
102,457,23.847968,38.022129
102,458,23.847298,38.022159
102,459,23.846607,38.022277
102,460,23.845346,38.022457
102,461,23.844276,38.022628
102,462,23.843687,38.022666
102,463,23.843388,38.022597
102,464,23.843698,38.022419
102,465,23.84323,38.022457
102,466,23.843359,38.022468
102,467,23.843359,38.022468
102,468,23.843689,38.022449
102,469,23.843368,38.02256
102,470,23.843368,38.02267
102,471,23.844118,38.022632
102,472,23.844987,38.022491
102,473,23.846077,38.022361
102,474,23.847037,38.022201
102,475,23.847977,38.022151
102,476,23.848776,38.022021
102,477,23.849655,38.021911
102,478,23.850586,38.021819
102,479,23.851476,38.021678
102,480,23.852637,38.02153
102,481,23.853965,38.021331
102,482,23.855745,38.021091
102,483,23.857706,38.020759
102,484,23.859226,38.02058
102,485,23.860475,38.02021
102,486,23.862316,38.019432
102,487,23.864505,38.018081
102,488,23.865856,38.017032
102,489,23.866976,38.016391
102,490,23.866886,38.016361
102,491,23.867645,38.01699
102,492,23.868225,38.01805
102,493,23.870014,38.017878
102,494,23.872145,38.017627
102,495,23.871734,38.015449
102,496,23.871194,38.012027
102,497,23.870674,38.008868
102,498,23.871864,38.00608
102,499,23.871744,38.005439
102,500,23.871895,38.005088
102,501,23.872245,38.005038
102,502,23.872596,38.004978
102,503,23.873057,38.004867
102,504,23.873606,38.004706
102,505,23.874805,38.004287
102,506,23.876545,38.003879
102,507,23.878265,38.00376
102,508,23.879286,38.003749
102,509,23.880256,38.003681
102,510,23.880636,38.002711
102,511,23.880486,38.000751
102,512,23.880226,37.997779
102,513,23.881127,37.994548
102,514,23.881996,37.991378
102,515,23.881805,37.990489
102,516,23.881765,37.990588
102,517,23.881845,37.990489
102,518,23.881475,37.990218
102,519,23.881416,37.990126
102,520,23.881357,37.990107
102,521,23.881298,37.989997
102,522,23.880568,37.989257
102,523,23.880188,37.989059
102,524,23.879087,37.989638
102,525,23.877148,37.990878
102,526,23.875028,37.992278
102,527,23.874008,37.991347
102,528,23.872518,37.989738
102,529,23.870369,37.99028
102,530,23.870288,37.99097
102,531,23.87159,37.992401
102,532,23.871439,37.994392
102,533,23.87032,37.995742
102,534,23.87032,37.995742
102,535,23.869989,37.996063
102,536,23.86775,37.997283
102,537,23.864861,37.998824
102,538,23.861721,38.000076
102,539,23.858921,38.001884
102,540,23.858042,38.002395
102,541,23.857931,38.003676
102,542,23.858122,38.005737
102,543,23.858532,38.007186
102,544,23.858542,38.007198
102,545,23.858612,38.007396
102,546,23.859762,38.007277
102,547,23.860462,38.007209
102,548,23.860642,38.007541
102,549,23.861002,38.008422
102,550,23.862432,38.008201
102,551,23.863152,38.008373
102,552,23.863391,38.009464
102,553,23.863712,38.011023
102,554,23.864603,38.012245
102,555,23.866153,38.012084
102,556,23.866934,38.010875
102,557,23.867794,38.010913
102,558,23.868485,38.011173
102,559,23.868245,38.012313
102,560,23.867923,38.013534
102,561,23.867394,38.014785
102,562,23.866832,38.015884
102,563,23.866422,38.016414
102,564,23.865433,38.017383
102,565,23.864452,38.018134
102,566,23.863033,38.019084
102,567,23.861454,38.019905
102,568,23.860415,38.020236
102,569,23.860554,38.020274
102,570,23.860303,38.020095
102,571,23.860124,38.020145
102,572,23.859515,38.020366
102,573,23.859654,38.020366
102,574,23.859453,38.020427
102,575,23.859373,38.020446
102,576,23.859373,38.020484
102,577,23.859084,38.020484
102,578,23.859234,38.020446
102,579,23.859153,38.020457
102,580,23.859095,38.020488
102,581,23.859095,38.020598
102,582,23.860014,38.020298
102,583,23.861503,38.019915
102,584,23.863363,38.018935
102,585,23.865283,38.017547
102,586,23.866544,38.016376
102,587,23.867855,38.017646
102,588,23.869924,38.017898
102,589,23.872104,38.017356
102,590,23.871555,38.013996
102,591,23.871025,38.010604
102,592,23.871025,38.008125
102,593,23.871876,38.005965
102,594,23.871777,38.005435
102,595,23.871777,38.005435
102,596,23.872127,38.005054
102,597,23.875097,38.004214
102,598,23.878347,38.003807
102,599,23.880137,38.003776
102,600,23.880756,38.003726
102,601,23.880626,38.002345
102,602,23.880607,38.001567
102,603,23.880158,37.998447
102,604,23.881187,37.994426
102,605,23.882187,37.990855
102,606,23.881388,37.990196
102,607,23.881289,37.990078
102,608,23.881289,37.990066
102,609,23.881278,37.990047
102,610,23.881529,37.990245
102,611,23.881849,37.991244
102,612,23.881359,37.991664
102,613,23.88139,37.991653
102,614,23.880989,37.991641
102,615,23.88089,37.991481
