103,1,23.881366,37.991469
103,2,23.881987,37.99079
103,3,23.881626,37.990401
103,4,23.881645,37.99023
103,5,23.881796,37.990268
103,6,23.881827,37.990378
103,7,23.881475,37.990199
103,8,23.881256,37.989948
103,9,23.881236,37.989936
103,10,23.880907,37.989535
103,11,23.880296,37.988975
103,12,23.879236,37.989505
103,13,23.877327,37.990726
103,14,23.874727,37.992507
103,15,23.873287,37.994216
103,16,23.871147,37.995746
103,17,23.870696,37.995864
103,18,23.870158,37.996012
103,19,23.867486,37.997432
103,20,23.864267,37.999111
103,21,23.860817,38.000571
103,22,23.858097,38.00233
103,23,23.858016,38.002608
103,24,23.857946,38.00439
103,25,23.858437,38.00677
103,26,23.858566,38.00724
103,27,23.858567,38.00727
103,28,23.857746,38.00769
103,29,23.855476,38.00846
103,30,23.851896,38.009231
103,31,23.848286,38.009853
103,32,23.845226,38.010341
103,33,23.842787,38.01062
103,34,23.839497,38.011199
103,35,23.836366,38.012618
103,36,23.832447,38.013499
103,37,23.828907,38.013949
103,38,23.825136,38.01387
103,39,23.822166,38.01374
103,40,23.822157,38.01374
103,41,23.821068,38.013702
103,42,23.817657,38.012912
103,43,23.813847,38.011943
103,44,23.812327,38.011622
103,45,23.809696,38.011012
103,46,23.806046,38.009323
103,47,23.802715,38.007934
103,48,23.802166,38.007663
103,49,23.800136,38.007064
103,50,23.796538,38.005966
103,51,23.795748,38.005645
103,52,23.793997,38.004424
103,53,23.791546,38.002494
103,54,23.789356,38.001792
103,55,23.787685,38.001232
103,56,23.785974,38.001662
103,57,23.783184,38.003051
103,58,23.782425,38.003402
103,59,23.781425,38.002231
103,60,23.779155,38.00143
103,61,23.777246,38.001441
103,62,23.776738,38.002089
103,63,23.776056,38.003669
103,64,23.775727,38.004551
103,65,23.775636,38.00473
103,66,23.775556,38.004711
103,67,23.775526,38.004829
103,68,23.775365,38.004558
103,69,23.775376,38.004569
103,70,23.775566,38.004638
103,71,23.775906,38.003749
103,72,23.776655,38.001949
103,73,23.776735,38.001708
103,74,23.776716,38.000949
103,75,23.778545,38.001289
103,76,23.781246,38.00191
103,77,23.783026,38.003001
103,78,23.786186,38.00151
103,79,23.786956,38.00111
103,80,23.786956,38.00109
103,81,23.787496,38.001021
103,82,23.788585,38.001403
103,83,23.791206,38.002273
103,84,23.793596,38.004012
103,85,23.796476,38.005863
103,86,23.800346,38.007003
103,87,23.803627,38.008094
103,88,23.804756,38.008545
103,89,23.806665,38.009445
103,90,23.807406,38.009784
103,91,23.810335,38.010985
103,92,23.813565,38.011714
103,93,23.817875,38.012805
103,94,23.822004,38.013595
103,95,23.826223,38.013805
103,96,23.829433,38.013835
103,97,23.830352,38.013805
103,98,23.831462,38.013595
103,99,23.831703,38.013545
103,100,23.832073,38.013454
103,101,23.833883,38.013072
103,102,23.835033,38.012821
103,103,23.835443,38.01274
103,104,23.836684,38.012371
103,105,23.837402,38.012031
103,106,23.838262,38.011623
103,107,23.839313,38.011161
103,108,23.839943,38.010963
103,109,23.841112,38.010791
103,110,23.842691,38.010619
103,111,23.845871,38.010238
103,112,23.850641,38.009387
103,113,23.854701,38.008609
103,114,23.855152,38.007388
103,115,23.855562,38.006118
103,116,23.856442,38.005206
103,117,23.856152,38.003344
103,118,23.857822,38.002433
103,119,23.859213,38.001673
103,120,23.861492,38.000125
103,121,23.861492,38.000113
103,122,23.863052,37.999546
103,123,23.866352,37.998005
103,124,23.869782,37.996063
103,125,23.870111,37.995963
103,126,23.871981,37.995341
103,127,23.874311,37.99269
103,128,23.877831,37.990352
103,129,23.88027,37.988952
103,130,23.88051,37.98915
103,131,23.88125,37.98989
103,132,23.881251,37.99026
103,133,23.881281,37.990661
103,134,23.881281,37.990691
103,135,23.88165,37.99095
103,136,23.881821,37.990463
103,137,23.88184,37.990581
103,138,23.88141,37.990222
103,139,23.881371,37.990142
103,140,23.88134,37.990142
103,141,23.881241,37.989951
103,142,23.880571,37.989231
103,143,23.879782,37.989311
103,144,23.878061,37.990359
103,145,23.875961,37.99174
103,146,23.874891,37.992442
103,147,23.874801,37.992442
103,148,23.874052,37.991451
103,149,23.872492,37.98978
103,150,23.870302,37.990321
103,151,23.870633,37.991412
103,152,23.872183,37.993091
103,153,23.870373,37.995102
103,154,23.870292,37.995723
103,155,23.870292,37.995723
103,156,23.870194,37.996043
103,157,23.867924,37.997214
103,158,23.864904,37.998824
103,159,23.861574,38.000175
103,160,23.858654,38.002055
103,161,23.857874,38.003955
103,162,23.858294,38.006435
103,163,23.858503,38.007136
103,164,23.858983,38.007415
103,165,23.860424,38.007255
103,166,23.860483,38.007285
103,167,23.860782,38.008445
103,168,23.861082,38.010177
103,169,23.861203,38.011539
103,170,23.860252,38.012977
103,171,23.860382,38.014957
103,172,23.860351,38.017177
103,173,23.860471,38.019206
103,174,23.860462,38.019737
103,175,23.860323,38.020625
103,176,23.859922,38.022434
103,177,23.859673,38.024524
103,178,23.859312,38.027145
103,179,23.859192,38.029803
103,180,23.858252,38.031242
103,181,23.856481,38.031832
103,182,23.856441,38.031863
103,183,23.856811,38.032665
103,184,23.856682,38.034126
103,185,23.854532,38.035697
103,186,23.851803,38.038219
103,187,23.849293,38.04082
103,188,23.846243,38.04262
103,189,23.842853,38.044582
103,190,23.839853,38.046432
103,191,23.839924,38.047602
103,192,23.839813,38.048904
103,193,23.839634,38.050254
103,194,23.839054,38.051383
103,195,23.838864,38.051494
103,196,23.838814,38.051532
103,197,23.838173,38.051521
103,198,23.836683,38.051261
103,199,23.834553,38.051181
103,200,23.832332,38.051292
103,201,23.829723,38.05186
103,202,23.827883,38.052539
103,203,23.825712,38.052939
103,204,23.824062,38.05355
103,205,23.822952,38.052482
103,206,23.820202,38.052444
103,207,23.816902,38.052695
103,208,23.814592,38.053226
103,209,23.813081,38.053634
103,210,23.812071,38.053875
103,211,23.811642,38.053985
103,212,23.811592,38.053996
103,213,23.811743,38.054645
103,214,23.811943,38.056125
103,215,23.809334,38.057395
103,216,23.808803,38.059444
103,217,23.808764,38.060534
103,218,23.808732,38.060344
103,219,23.808394,38.060413
103,220,23.808553,38.060482
103,221,23.808624,38.060371
103,222,23.808624,38.060402
103,223,23.808574,38.059741
103,224,23.809083,38.05735
103,225,23.811864,38.05574
103,226,23.810564,38.052791
103,227,23.808564,38.049899
103,228,23.807483,38.04676
103,229,23.805063,38.044311
103,230,23.803663,38.04293
103,231,23.803533,38.042869
103,232,23.803093,38.041629
103,233,23.805633,38.040889
103,234,23.808013,38.03973
103,235,23.808483,38.03979
103,236,23.808943,38.041549
103,237,23.809223,38.04425
103,238,23.809923,38.044658
103,239,23.812354,38.043967
103,240,23.814974,38.042605
103,241,23.817024,38.041285
103,242,23.819183,38.040057
103,243,23.819812,38.040466
103,244,23.821483,38.040374
103,245,23.822233,38.040706
103,246,23.822612,38.040927
103,247,23.824093,38.041686
103,248,23.826412,38.042857
103,249,23.828851,38.044047
103,250,23.829182,38.043449
103,251,23.829823,38.041209
103,252,23.830063,38.040359
103,253,23.830072,38.040321
103,254,23.830263,38.04013
103,255,23.831084,38.04066
103,256,23.831743,38.041149
103,257,23.832293,38.041549
103,258,23.832982,38.042037
103,259,23.834703,38.043228
103,260,23.837084,38.044978
103,261,23.839034,38.046366
103,262,23.839723,38.046257
103,263,23.842212,38.044696
103,264,23.845623,38.042808
103,265,23.848673,38.041099
103,266,23.851303,38.038528
103,267,23.854174,38.035827
103,268,23.856813,38.033805
103,269,23.856533,38.032417
103,270,23.856462,38.032306
103,271,23.857181,38.031634
103,272,23.859072,38.030196
103,273,23.859192,38.026977
103,274,23.859581,38.025016
103,275,23.859721,38.022815
103,276,23.86016,38.020396
103,277,23.8603,38.018077
103,278,23.86136,38.017978
103,279,23.86388,38.017726
103,280,23.8645,38.017394
103,281,23.8656,38.016284
103,282,23.866211,38.016063
103,283,23.867501,38.016803
103,284,23.86816,38.018103
103,285,23.870371,38.017882
103,286,23.87203,38.017315
103,287,23.87159,38.014633
103,288,23.871069,38.011413
103,289,23.870819,38.008281
103,290,23.871778,38.005771
103,291,23.871748,38.005492
103,292,23.871738,38.005401
103,293,23.872999,38.004912
103,294,23.873748,38.004691
103,295,23.874338,38.004493
103,296,23.875668,38.004104
103,297,23.876318,38.003943
103,298,23.877348,38.003825
103,299,23.878458,38.003863
103,300,23.879747,38.003833
103,301,23.880618,38.003611
103,302,23.880648,38.003162
103,303,23.880617,38.001853
103,304,23.880307,38.000072
103,305,23.880466,37.997161
103,306,23.881367,37.99382
103,307,23.882057,37.991241
103,308,23.881746,37.990539
103,309,23.881765,37.990539
103,310,23.881435,37.990261
103,311,23.881306,37.990161
103,312,23.881275,37.99018
103,313,23.881587,37.990371
103,314,23.881805,37.99052
103,315,23.882015,37.990691
103,316,23.882045,37.991233
103,317,23.881685,37.992572
103,318,23.881155,37.994532
103,319,23.880625,37.996444
103,320,23.880156,37.998264
103,321,23.880325,38.000094
103,322,23.880685,38.001903
103,323,23.880766,38.003292
103,324,23.880766,38.00333
103,325,23.880125,38.003699
103,326,23.879094,38.003738
103,327,23.877044,38.003775
103,328,23.874985,38.004226
103,329,23.873174,38.004856
103,330,23.872024,38.005156
103,331,23.870824,38.005397
103,332,23.868234,38.005866
103,333,23.867584,38.005984
103,334,23.866024,38.006244
103,335,23.864753,38.006545
103,336,23.864735,38.006545
103,337,23.864045,38.006656
103,338,23.863425,38.006836
103,339,23.863375,38.006836
103,340,23.862915,38.006874
103,341,23.862785,38.007274
103,342,23.862865,38.007552
103,343,23.862995,38.008101
103,344,23.863596,38.008022
103,345,23.864025,38.007953
103,346,23.863766,38.007072
103,347,23.863746,38.007151
103,348,23.863746,38.007221
103,349,23.863746,38.007251
103,350,23.863866,38.007671
103,351,23.863907,38.008002
103,352,23.863108,38.008151
103,353,23.862898,38.007732
103,354,23.862728,38.007221
103,355,23.862787,38.007301
103,356,23.862777,38.00714
103,357,23.862787,38.007221
103,358,23.862787,38.007251
103,359,23.862978,38.007922
103,360,23.863398,38.009532
103,361,23.863887,38.011703
103,362,23.864819,38.012404
103,363,23.866419,38.011966
103,364,23.866437,38.011955
103,365,23.866438,38.011726
103,366,23.867338,38.011005
103,367,23.868748,38.011066
103,368,23.870798,38.010875
103,369,23.870949,38.010574
103,370,23.871509,38.007923
103,371,23.871729,38.005492
103,372,23.873338,38.004863
103,373,23.873999,38.004664
103,374,23.874979,38.004325
103,375,23.876829,38.003886
103,376,23.877338,38.003848
103,377,23.878378,38.00386
103,378,23.878979,38.003859
103,379,23.879848,38.003849
103,380,23.880718,38.003219
103,381,23.880259,38.000019
103,382,23.880788,37.995837
103,383,23.881949,37.991675
103,384,23.881979,37.990706
103,385,23.881979,37.990706
103,386,23.881759,37.990558
103,387,23.8817,37.99052
103,388,23.88163,37.99047
103,389,23.88159,37.990432
103,390,23.881821,37.99055
103,391,23.881911,37.990619
103,392,23.881469,37.990287
103,393,23.881331,37.990177
103,394,23.8813,37.990177
103,395,23.88121,37.990004
103,396,23.88085,37.989623
103,397,23.880239,37.989093
103,398,23.880239,37.989081
103,399,23.879919,37.989231
103,400,23.878649,37.98997
103,401,23.876759,37.991199
103,402,23.874939,37.99242
103,403,23.874368,37.991932
103,404,23.873039,37.990229
103,405,23.870958,37.990009
103,406,23.869688,37.990817
103,407,23.870878,37.991908
103,408,23.872108,37.993629
103,409,23.870239,37.995208
103,410,23.870239,37.995818
103,411,23.870249,37.995818
103,412,23.870048,37.996108
103,413,23.867988,37.997219
103,414,23.865219,37.998687
103,415,23.862049,38.000007
103,416,23.859128,38.001827
103,417,23.857899,38.003497
103,418,23.858058,38.005657
103,419,23.858519,38.007206
103,420,23.858809,38.007495
103,421,23.860428,38.007285
103,422,23.860468,38.007285
103,423,23.860699,38.007915
103,424,23.860958,38.009334
103,425,23.861148,38.010696
103,426,23.861198,38.012027
103,427,23.860268,38.012958
103,428,23.860418,38.014117
103,429,23.860279,38.015948
103,430,23.858799,38.016399
103,431,23.857819,38.01657
103,432,23.857819,38.01657
103,433,23.856378,38.01683
103,434,23.854288,38.01731
103,435,23.854387,38.018192
103,436,23.854928,38.019893
103,437,23.855368,38.021465
103,438,23.855658,38.022884
103,439,23.855547,38.024573
103,440,23.854137,38.025035
103,441,23.851738,38.025813
103,442,23.850618,38.026195
103,443,23.849967,38.026405
103,444,23.847688,38.027133
103,445,23.845039,38.028693
103,446,23.844029,38.028575
103,447,23.843098,38.027186
103,448,23.841458,38.027915
103,449,23.838618,38.029117
103,450,23.837588,38.029578
103,451,23.837498,38.029609
103,452,23.836717,38.028979
103,453,23.835237,38.027118
103,454,23.833707,38.025378
103,455,23.832857,38.02507
103,456,23.832376,38.02563
103,457,23.831325,38.026171
103,458,23.830225,38.026843
103,459,23.828914,38.027743
103,460,23.823154,38.032684
103,461,23.823185,38.032645
103,462,23.823296,38.032516
103,463,23.823145,38.032676
103,464,23.823176,38.032714
103,465,23.823345,38.032543
103,466,23.830166,38.026904
103,467,23.831086,38.026355
103,468,23.831035,38.026367
103,469,23.831135,38.026256
103,470,23.831955,38.025836
103,471,23.832735,38.025134
103,472,23.833225,38.024944
103,473,23.834175,38.026225
103,474,23.835146,38.027137
103,475,23.836246,38.028407
103,476,23.837656,38.028068
103,477,23.840156,38.026999
103,478,23.842387,38.026099
103,479,23.843626,38.02621
103,480,23.846466,38.025401
103,481,23.849026,38.024993
103,482,23.849165,38.024845
103,483,23.848126,38.022796
103,484,23.846205,38.020125
103,485,23.844845,38.017215
103,486,23.843725,38.014385
103,487,23.843605,38.012023
103,488,23.843605,38.011973
103,489,23.843766,38.010894
103,490,23.843755,38.010906
103,491,23.845285,38.010406
103,492,23.849605,38.009666
103,493,23.853984,38.008906
103,494,23.854824,38.007816
103,495,23.855044,38.006588
103,496,23.855743,38.005569
103,497,23.856333,38.004558
103,498,23.856761,38.003158
103,499,23.859732,38.001468
103,500,23.863331,37.999606
103,501,23.86705,37.997745
103,502,23.87095,37.995845
103,503,23.873671,37.993385
103,504,23.877151,37.990875
103,505,23.880202,37.989035
103,506,23.881041,37.989795
103,507,23.88134,37.990127
103,508,23.881331,37.990127
103,509,23.881361,37.990088
103,510,23.882171,37.990768
103,511,23.881952,37.991779
103,512,23.881403,37.993728
103,513,23.880733,37.996146
103,514,23.880163,37.998756
103,515,23.880583,38.001056
103,516,23.880863,38.003196
103,517,23.880832,38.003386
103,518,23.880802,38.003528
103,519,23.880793,38.003577
103,520,23.879933,38.003798
103,521,23.877133,38.003849
103,522,23.874314,38.004569
103,523,23.870733,38.0055
103,524,23.867603,38.006061
103,525,23.865543,38.006381
103,526,23.863583,38.006812
103,527,23.863502,38.006923
103,528,23.862842,38.007053
103,529,23.863003,38.007041
103,530,23.863003,38.007041
103,531,23.863333,38.007003
103,532,23.863373,38.006965
103,533,23.862672,38.007193
103,534,23.863083,38.008445
103,535,23.863524,38.010406
103,536,23.864243,38.012195
103,537,23.866031,38.012286
103,538,23.867132,38.010967
103,539,23.868692,38.011027
103,540,23.870521,38.010867
103,541,23.870972,38.010776
103,542,23.870642,38.008716
103,543,23.871792,38.005916
103,544,23.871703,38.005397
103,545,23.873502,38.004749
103,546,23.876302,38.003948
103,547,23.877853,38.003806
103,548,23.878864,38.003806
103,549,23.879774,38.003794
103,550,23.880594,38.003425
103,551,23.880424,38.001376
103,552,23.880084,37.998027
103,553,23.881065,37.994476
103,554,23.882005,37.991195
103,555,23.881416,37.990264
103,556,23.881385,37.990234
103,557,23.881235,37.990333
103,558,23.881145,37.990214
103,559,23.881416,37.990177
103,560,23.881826,37.990997
103,561,23.881616,37.991588
103,562,23.881607,37.991606
103,563,23.881286,37.991657
103,564,23.881416,37.991657
103,565,23.881086,37.991576
103,566,23.881086,37.991485
103,567,23.880917,37.991675
