104,1,23.881775,37.991485
104,2,23.882095,37.990764
104,3,23.881605,37.990283
104,4,23.881534,37.990215
104,5,23.881814,37.990325
104,6,23.881895,37.990443
104,7,23.881385,37.990112
104,8,23.881326,37.990131
104,9,23.881166,37.989902
104,10,23.880516,37.98923
104,11,23.880285,37.989051
104,12,23.879986,37.989161
104,13,23.878616,37.989951
104,14,23.876736,37.991153
104,15,23.874935,37.992355
104,16,23.874556,37.992125
104,17,23.873246,37.990467
104,18,23.872076,37.989856
104,19,23.869806,37.990706
104,20,23.870515,37.991305
104,21,23.872085,37.992934
104,22,23.870454,37.994994
104,23,23.870304,37.995773
104,24,23.870295,37.995811
104,25,23.870155,37.996082
104,26,23.868046,37.99718
104,27,23.865215,37.998679
104,28,23.861965,37.999999
104,29,23.859094,38.001808
104,30,23.857904,38.003509
104,31,23.858105,38.005767
104,32,23.858494,38.007148
104,33,23.858475,38.007148
104,34,23.858555,38.007426
104,35,23.859945,38.007278
104,36,23.860405,38.007239
104,37,23.860686,38.007701
104,38,23.861005,38.009291
104,39,23.861225,38.010901
104,40,23.860905,38.012233
104,41,23.860344,38.013072
104,42,23.860465,38.014434
104,43,23.860334,38.016612
104,44,23.860494,38.019141
104,45,23.860464,38.019882
104,46,23.860183,38.021479
104,47,23.859693,38.023399
104,48,23.859663,38.02365
104,49,23.859524,38.023929
104,50,23.857014,38.02431
104,51,23.853613,38.025131
104,52,23.850603,38.02613
104,53,23.850584,38.026149
104,54,23.850233,38.026267
104,55,23.848272,38.026889
104,56,23.845522,38.02838
104,57,23.843992,38.028411
104,58,23.842993,38.027183
104,59,23.841124,38.027984
104,60,23.838693,38.029014
104,61,23.838693,38.029025
104,62,23.838454,38.029143
104,63,23.838284,38.029212
104,64,23.838253,38.029224
104,65,23.837963,38.029353
104,66,23.837963,38.029384
104,67,23.837543,38.029583
104,68,23.837543,38.029593
104,69,23.837373,38.029685
104,70,23.837195,38.029674
104,71,23.836883,38.029273
104,72,23.836683,38.028964
104,73,23.836403,38.028533
104,74,23.836273,38.028361
104,75,23.836072,38.028091
104,76,23.835703,38.027683
104,77,23.835573,38.027541
104,78,23.835444,38.027392
104,79,23.835304,38.027263
104,80,23.835014,38.026943
104,81,23.834355,38.026352
104,82,23.834144,38.026153
104,83,23.833515,38.025111
104,84,23.832805,38.025222
104,85,23.832216,38.025752
104,86,23.831405,38.026153
104,87,23.830505,38.026671
104,88,23.829325,38.027423
104,89,23.828945,38.027701
104,90,23.830345,38.02666
104,91,23.830866,38.026339
104,92,23.831905,38.025779
104,93,23.832756,38.025027
104,94,23.833586,38.025127
104,95,23.834795,38.026626
104,96,23.836395,38.028464
104,97,23.837825,38.027896
104,98,23.839975,38.027015
104,99,23.842306,38.025973
104,100,23.843425,38.026263
104,101,23.846537,38.025302
104,102,23.848757,38.025001
104,103,23.848917,38.024951
104,104,23.848917,38.024951
104,105,23.849086,38.024913
104,106,23.849417,38.025012
104,107,23.849676,38.025413
104,108,23.849997,38.025893
104,109,23.849997,38.025893
104,110,23.850566,38.026072
104,111,23.852796,38.025371
104,112,23.855907,38.024669
104,113,23.858927,38.023978
104,114,23.859427,38.02391
104,115,23.859778,38.022651
104,116,23.860308,38.019629
104,117,23.860338,38.01802
104,118,23.861658,38.017871
104,119,23.863768,38.017619
104,120,23.864838,38.01707
104,121,23.865796,38.016109
104,122,23.866658,38.016159
104,123,23.867907,38.01773
104,124,23.870237,38.017841
104,125,23.872118,38.01739
104,126,23.871588,38.0143
104,127,23.871008,38.010642
104,128,23.871668,38.007773
104,129,23.871748,38.005412
104,130,23.871748,38.005412
104,131,23.872907,38.004893
104,132,23.873718,38.004653
104,133,23.875328,38.004123
104,134,23.876738,38.003802
104,135,23.878316,38.003783
104,136,23.879577,38.003765
104,137,23.880759,38.003734
104,138,23.880759,38.002303
104,139,23.880358,37.999893
104,140,23.880577,37.996921
104,141,23.881456,37.99374
104,142,23.882236,37.990729
104,143,23.881897,37.990397
104,144,23.881897,37.990477
104,145,23.881906,37.99044
104,146,23.881478,37.990138
104,147,23.881317,37.989917
104,148,23.881218,37.989936
104,149,23.880678,37.989467
104,150,23.880228,37.989035
104,151,23.879799,37.989226
104,152,23.878168,37.990219
104,153,23.876099,37.99158
104,154,23.874528,37.992141
104,155,23.873159,37.990409
104,156,23.871149,37.99007
104,157,23.869919,37.990959
104,158,23.871269,37.992347
104,159,23.87171,37.994235
104,160,23.870199,37.995826
104,161,23.870199,37.995838
104,162,23.869009,37.996558
104,163,23.866428,37.998019
104,164,23.863428,37.999469
104,165,23.861258,38.000358
104,166,23.861248,38.000369
104,167,23.860838,38.000609
104,168,23.859068,38.001838
104,169,23.857859,38.003497
104,170,23.858068,38.005859
104,171,23.858509,38.007289
104,172,23.859879,38.007289
104,173,23.860378,38.007251
104,174,23.860708,38.00817
104,175,23.861029,38.00994
104,176,23.861167,38.011458
104,177,23.860388,38.012637
104,178,23.860048,38.012489
104,179,23.859818,38.011809
104,180,23.859558,38.01173
104,181,23.858429,38.011927
104,182,23.85776,38.012336
104,183,23.857129,38.013026
104,184,23.8556,38.014407
104,185,23.85415,38.016597
104,186,23.854521,38.018546
104,187,23.855121,38.020568
104,188,23.855462,38.021796
104,189,23.855701,38.023246
104,190,23.855431,38.024707
104,191,23.854321,38.024948
104,192,23.85412,38.025028
104,193,23.853059,38.025435
104,194,23.85232,38.025657
104,195,23.851891,38.025775
104,196,23.851881,38.025775
104,197,23.851401,38.025924
104,198,23.85133,38.025935
104,199,23.850979,38.026054
104,200,23.850979,38.026054
104,201,23.850828,38.026103
104,202,23.850678,38.026172
104,203,23.850307,38.026271
104,204,23.848597,38.026851
104,205,23.845846,38.02827
104,206,23.844165,38.028789
104,207,23.843306,38.027278
104,208,23.841826,38.027728
104,209,23.839044,38.02893
104,210,23.837515,38.02959
104,211,23.837324,38.02967
104,212,23.836464,38.02861
104,213,23.834904,38.026828
104,214,23.834574,38.026496
104,215,23.833654,38.025294
104,216,23.832785,38.025176
104,217,23.832276,38.025665
104,218,23.831455,38.026065
104,219,23.830805,38.026454
104,220,23.829934,38.027003
104,221,23.828945,38.027694
104,222,23.830894,38.026313
104,223,23.832024,38.025703
104,224,23.832374,38.025512
104,225,23.832844,38.024783
104,226,23.833704,38.025344
104,227,23.834043,38.025912
104,228,23.834685,38.026553
104,229,23.836204,38.028213
104,230,23.837564,38.027992
104,231,23.840025,38.026992
104,232,23.842195,38.025981
104,233,23.842976,38.026523
104,234,23.845325,38.025463
104,235,23.848514,38.025054
104,236,23.848875,38.024974
104,237,23.848986,38.024944
104,238,23.849136,38.024913
104,239,23.849136,38.024913
104,240,23.849296,38.024902
104,241,23.849447,38.0251
104,242,23.849967,38.025859
104,243,23.850048,38.025989
104,244,23.851198,38.02587
104,245,23.854078,38.024959
104,246,23.857029,38.024329
104,247,23.859308,38.023948
104,248,23.859459,38.023917
104,249,23.859909,38.022147
104,250,23.860349,38.018897
104,251,23.861009,38.017966
104,252,23.86364,38.017707
104,253,23.864469,38.017376
104,254,23.865629,38.016246
104,255,23.866299,38.016067
104,256,23.867639,38.017097
104,257,23.86903,38.017978
104,258,23.872009,38.017699
104,259,23.871778,38.0157
104,260,23.871168,38.011882
104,261,23.870648,38.008663
104,262,23.871798,38.005851
104,263,23.871739,38.005519
104,264,23.871899,38.00508
104,265,23.872539,38.004969
104,266,23.873209,38.004821
104,267,23.87377,38.004661
104,268,23.87472,38.004321
104,269,23.876471,38.003902
104,270,23.87685,38.003821
104,271,23.877929,38.003791
104,272,23.87878,38.003791
104,273,23.87952,38.003791
104,274,23.88064,38.00363
104,275,23.88059,38.002441
104,276,23.880279,38.000209
104,277,23.880439,37.997039
104,278,23.881371,37.993678
104,279,23.882141,37.990859
104,280,23.88179,37.990501
104,281,23.881759,37.990482
104,282,23.881399,37.99023
104,283,23.881359,37.990112
104,284,23.881349,37.9901
104,285,23.88125,37.98997
104,286,23.880492,37.989212
104,287,23.879732,37.989272
104,288,23.878162,37.990234
104,289,23.876182,37.991542
104,290,23.874582,37.992183
104,291,23.873302,37.990532
104,292,23.872002,37.989902
104,293,23.869871,37.990722
104,294,23.870521,37.991314
104,295,23.871891,37.992752
104,296,23.87108,37.994613
104,297,23.870291,37.995803
104,298,23.870291,37.995803
104,299,23.869201,37.996451
104,300,23.866781,37.99784
104,301,23.864,37.999259
104,302,23.86087,38.00056
104,303,23.85823,38.002291
104,304,23.857981,38.001503
104,305,23.8584,37.999793
104,306,23.85779,37.998233
104,307,23.85733,37.997653
104,308,23.855989,37.997794
104,309,23.85348,37.998046
104,310,23.85273,37.998386
104,311,23.852659,37.998855
104,312,23.852649,37.999317
104,313,23.85177,37.999076
104,314,23.85075,37.998386
104,315,23.85039,37.998095
104,316,23.849649,37.997714
104,317,23.848799,37.997406
104,318,23.847778,37.996974
104,319,23.846869,37.996642
104,320,23.845768,37.996722
104,321,23.844828,37.997054
104,322,23.844689,37.997172
104,323,23.844707,37.997172
104,324,23.844698,37.997134
104,325,23.844908,37.996955
104,326,23.846237,37.996615
104,327,23.846237,37.996615
104,328,23.846827,37.996634
104,329,23.848297,37.997146
104,330,23.849707,37.997695
104,331,23.850807,37.998416
104,332,23.852157,37.999377
104,333,23.852567,37.998748
104,334,23.852657,37.998058
104,335,23.855226,37.997908
104,336,23.857477,37.997669
104,337,23.857828,37.998328
104,338,23.858349,37.999568
104,339,23.857948,38.0013
104,340,23.857958,38.002342
104,341,23.858258,38.002223
104,342,23.860508,38.000743
104,343,23.863898,37.999263
104,344,23.867327,37.997493
104,345,23.870497,37.995895
104,346,23.873167,37.994235
104,347,23.876136,37.991474
104,348,23.879387,37.989383
104,349,23.880805,37.989544
104,350,23.881556,37.990321
104,351,23.881866,37.99087
104,352,23.881345,37.99084
104,353,23.881207,37.990729
104,354,23.881357,37.990729
104,355,23.881746,37.990859
104,356,23.881996,37.990581
104,357,23.881916,37.990569
104,358,23.881876,37.990489
104,359,23.881857,37.990558
104,360,23.881767,37.990428
104,361,23.881397,37.990107
104,362,23.881348,37.990107
104,363,23.881678,37.990329
104,364,23.881697,37.990329
104,365,23.881807,37.990409
104,366,23.881838,37.990428
104,367,23.882248,37.990589
104,368,23.882358,37.990077
104,369,23.882618,37.989219
104,370,23.882957,37.98801
104,371,23.883288,37.987659
104,372,23.885698,37.986377
104,373,23.888989,37.984557
104,374,23.892408,37.982245
104,375,23.895889,37.979965
104,376,23.899488,37.977633
104,377,23.90297,37.975265
104,378,23.905029,37.972316
104,379,23.905639,37.969265
104,380,23.906161,37.966694
104,381,23.90706,37.964652
104,382,23.906561,37.964202
104,383,23.903952,37.963634
104,384,23.900661,37.963005
104,385,23.898482,37.962673
104,386,23.896111,37.960792
104,387,23.893551,37.958011
104,388,23.890351,37.95692
104,389,23.888241,37.956458
104,390,23.886372,37.955688
104,391,23.883612,37.95409
104,392,23.880281,37.95359
104,393,23.876331,37.95304
104,394,23.87173,37.952129
104,395,23.86697,37.952117
104,396,23.863649,37.951568
104,397,23.862299,37.951648
104,398,23.862279,37.951648
104,399,23.862031,37.951426
104,400,23.863269,37.949447
104,401,23.864808,37.947376
104,402,23.867579,37.945365
104,403,23.871019,37.942844
104,404,23.874199,37.940323
104,405,23.877018,37.937591
104,406,23.879808,37.934909
104,407,23.882538,37.932319
104,408,23.884808,37.930198
104,409,23.885217,37.927387
104,410,23.883568,37.924395
104,411,23.887379,37.922477
104,412,23.890909,37.920246
104,413,23.892839,37.916984
104,414,23.89477,37.913745
104,415,23.895029,37.912013
104,416,23.894569,37.910224
104,417,23.89427,37.907375
104,418,23.894519,37.904174
104,419,23.89382,37.902576
104,420,23.891251,37.900688
104,421,23.88743,37.899169
104,422,23.884769,37.898231
104,423,23.883789,37.895671
104,424,23.883188,37.893001
104,425,23.883169,37.892921
104,426,23.882939,37.891921
104,427,23.881668,37.891231
104,428,23.881658,37.890461
104,429,23.881618,37.88988
104,430,23.881428,37.889232
104,431,23.881008,37.88824
104,432,23.880619,37.887778
104,433,23.880058,37.887267
104,434,23.878128,37.885566
104,435,23.875588,37.883334
104,436,23.872738,37.881175
104,437,23.869638,37.878783
104,438,23.866638,37.876564
104,439,23.864208,37.875064
104,440,23.861507,37.873615
104,441,23.859957,37.873183
104,442,23.858717,37.873202
104,443,23.856438,37.872554
104,444,23.853708,37.871962
104,445,23.850178,37.871222
104,446,23.845577,37.871223
104,447,23.842326,37.871532
104,448,23.839058,37.87144
104,449,23.835848,37.871909
104,450,23.832218,37.870078
104,451,23.830248,37.86803
104,452,23.826837,37.868961
104,453,23.823859,37.86753
104,454,23.821369,37.86597
104,455,23.819359,37.863681
104,456,23.81757,37.86111
104,457,23.81568,37.85823
104,458,23.814529,37.855311
104,459,23.812559,37.852691
104,460,23.810659,37.850151
104,461,23.81235,37.848552
104,462,23.8149,37.846473
104,463,23.817539,37.844321
104,464,23.818409,37.843612
104,465,23.818169,37.842884
104,466,23.817259,37.842254
104,467,23.81605,37.841502
104,468,23.81378,37.840171
104,469,23.81119,37.838611
104,470,23.80796,37.836589
104,471,23.806341,37.83557
104,472,23.805342,37.83493
104,473,23.804512,37.834399
104,474,23.804351,37.834289
104,475,23.802852,37.834358
104,476,23.802263,37.833648
104,477,23.802362,37.833618
104,478,23.802924,37.832736
104,479,23.802473,37.831138
104,480,23.802223,37.830497
104,481,23.801883,37.829567
104,482,23.801273,37.828178
104,483,23.800773,37.826927
104,484,23.800583,37.825408
104,485,23.800583,37.824058
104,486,23.800003,37.822676
104,487,23.799534,37.822276
104,488,23.798044,37.822277
104,489,23.795904,37.822276
104,490,23.794264,37.822165
104,491,23.793484,37.822727
104,492,23.793453,37.822425
104,493,23.793882,37.822307
104,494,23.793882,37.822307
104,495,23.794213,37.822295
104,496,23.795843,37.822284
104,497,23.797363,37.822273
104,498,23.799182,37.822272
104,499,23.799963,37.822414
104,500,23.800302,37.823345
104,501,23.800521,37.824694
104,502,23.800682,37.826335
104,503,23.801123,37.827895
104,504,23.801773,37.829185
104,505,23.802113,37.830386
104,506,23.802492,37.831355
104,507,23.802822,37.832644
104,508,23.803013,37.833366
104,509,23.805192,37.834728
104,510,23.807983,37.836498
104,511,23.810694,37.838218
104,512,23.813574,37.839988
104,513,23.816534,37.841746
104,514,23.818544,37.843085
104,515,23.818553,37.843097
104,516,23.818224,37.843776
104,517,23.816133,37.845485
104,518,23.813592,37.847545
104,519,23.810993,37.849666
104,520,23.811832,37.852207
104,521,23.814401,37.854957
104,522,23.815762,37.858326
104,523,23.817852,37.861693
104,524,23.820282,37.864704
104,525,23.823162,37.866474
104,526,23.825463,37.868552
104,527,23.829363,37.868312
104,528,23.831972,37.869891
104,529,23.835802,37.871852
104,530,23.839972,37.871463
104,531,23.844372,37.871413
104,532,23.849241,37.871112
104,533,23.853382,37.871802
104,534,23.857033,37.87266
104,535,23.858352,37.87173
104,536,23.858362,37.87173
104,537,23.859673,37.872482
104,538,23.862973,37.874331
104,539,23.865541,37.875781
104,540,23.866031,37.876101
104,541,23.868671,37.877853
104,542,23.871792,37.880462
104,543,23.875202,37.88288
104,544,23.878412,37.885711
104,545,23.880993,37.888091
104,546,23.881832,37.891131
104,547,23.883331,37.893382
104,548,23.884291,37.896911
104,549,23.886271,37.89881
104,550,23.890591,37.900279
104,551,23.894171,37.902759
104,552,23.894731,37.903289
104,553,23.894842,37.903758
104,554,23.894302,37.906398
104,555,23.894613,37.910018
104,556,23.895143,37.911838
104,557,23.894404,37.914409
104,558,23.892344,37.917838
104,559,23.890274,37.921287
104,560,23.885785,37.922557
104,561,23.883634,37.925556
104,562,23.885775,37.928836
104,563,23.882904,37.931858
104,564,23.883724,37.934188
104,565,23.885244,37.93436
104,566,23.888134,37.932949
104,567,23.890095,37.93433
104,568,23.890776,37.935611
104,569,23.891747,37.93788
104,570,23.893386,37.941383
104,571,23.895058,37.944911
104,572,23.896809,37.948341
104,573,23.898328,37.951709
104,574,23.900068,37.954417
104,575,23.900288,37.955527
104,576,23.900479,37.956466
104,577,23.900398,37.957236
104,578,23.900558,37.959259
104,579,23.900419,37.961417
104,580,23.900478,37.962738
104,581,23.900749,37.962848
104,582,23.90396,37.963519
104,583,23.907259,37.96429
104,584,23.906359,37.965919
104,585,23.905869,37.968219
104,586,23.905588,37.970939
104,587,23.904078,37.974109
104,588,23.900978,37.976619
104,589,23.897107,37.97911
104,590,23.893349,37.981539
104,591,23.889698,37.98405
104,592,23.885846,37.986228
104,593,23.882936,37.988189
104,594,23.882276,37.990581
104,595,23.882005,37.990462
104,596,23.881805,37.990313
104,597,23.881824,37.990424
104,598,23.881574,37.990234
104,599,23.881436,37.990054
104,600,23.881405,37.990054
104,601,23.881315,37.989993
104,602,23.880485,37.989135
104,603,23.881015,37.988543
104,604,23.882816,37.987765
104,605,23.883687,37.987475
104,606,23.886986,37.985637
104,607,23.890825,37.983298
104,608,23.894374,37.980899
104,609,23.898245,37.978408
104,610,23.901954,37.976027
104,611,23.904705,37.972908
104,612,23.905596,37.969379
104,613,23.906416,37.968169
104,614,23.909145,37.968188
104,615,23.910946,37.968208
104,616,23.914125,37.967826
104,617,23.917296,37.967055
104,618,23.920755,37.966217
104,619,23.922035,37.965908
104,620,23.923545,37.965518
104,621,23.925686,37.96305
104,622,23.926106,37.961928
104,623,23.925565,37.961676
104,624,23.926126,37.961887
104,625,23.926096,37.962738
104,626,23.924696,37.964679
104,627,23.925187,37.965739
104,628,23.927896,37.966639
104,629,23.926796,37.96685
104,630,23.925905,37.967021
104,631,23.924525,37.967273
104,632,23.925194,37.967864
104,633,23.927253,37.969905
104,634,23.929264,37.971927
104,635,23.931885,37.973926
104,636,23.933926,37.976627
104,637,23.934765,37.979705
104,638,23.934755,37.982914
104,639,23.935585,37.986693
104,640,23.938696,37.990184
104,641,23.940145,37.993495
104,642,23.940555,37.995696
104,643,23.941295,37.998034
104,644,23.941845,38.001346
104,645,23.941515,38.001987
104,646,23.941515,38.001998
104,647,23.942234,38.002406
104,648,23.945324,38.003406
104,649,23.949784,38.004794
104,650,23.954282,38.005862
104,651,23.958332,38.007083
104,652,23.959491,38.007972
104,653,23.958181,38.008563
104,654,23.956661,38.010135
104,655,23.954872,38.011295
104,656,23.952902,38.012325
104,657,23.951483,38.013816
104,658,23.950863,38.015548
104,659,23.950683,38.017356
104,660,23.950613,38.018664
104,661,23.950452,38.020026
104,662,23.950253,38.021995
104,663,23.950623,38.023524
104,664,23.951103,38.024753
104,665,23.951483,38.026245
104,666,23.951153,38.028015
104,667,23.949993,38.028575
104,668,23.948924,38.029586
104,669,23.948214,38.030765
104,670,23.948053,38.032096
104,671,23.947492,38.033298
104,672,23.946663,38.034278
104,673,23.946053,38.034907
104,674,23.945723,38.035598
104,675,23.945772,38.036399
104,676,23.945331,38.037139
104,677,23.9451,38.037898
104,678,23.945061,38.03873
104,679,23.94392,38.039008
104,680,23.94179,38.03931
