109,1,23.881052,37.990028
109,2,23.880972,37.990127
109,3,23.881142,37.990088
109,4,23.881133,37.990088
109,5,23.881092,37.989948
109,6,23.880981,37.989966
109,7,23.881102,37.989997
109,8,23.881102,37.990016
109,9,23.881151,37.990047
109,10,23.881052,37.990115
109,11,23.881052,37.990004
109,12,23.881142,37.989967
109,13,23.881401,37.990386
109,14,23.881111,37.990035
109,15,23.88121,37.990004
109,16,23.88117,37.990123
109,17,23.881001,37.989864
109,18,23.880991,37.989833
109,19,23.881071,37.989883
109,20,23.881021,37.989913
109,21,23.880941,37.989951
109,22,23.881071,37.990192
109,23,23.881052,37.989993
109,24,23.880993,37.989956
109,25,23.880913,37.989985
109,26,23.880984,37.989985
109,27,23.880873,37.990077
109,28,23.881063,37.990195
109,29,23.881144,37.990104
109,30,23.881144,37.990074
109,31,23.881153,37.990013
109,32,23.881153,37.989963
109,33,23.881173,37.989974
109,34,23.881162,37.990066
