11,1,23.853974,38.0017
11,2,23.854714,38.002391
11,3,23.854874,38.003883
11,4,23.856974,38.002833
11,5,23.861013,38.000373
11,6,23.865034,37.998672
11,7,23.868654,37.996692
11,8,23.869835,37.996044
11,9,23.871216,37.995643
11,10,23.873815,37.993103
11,11,23.878275,37.990062
11,12,23.880165,37.988952
11,13,23.881135,37.989811
11,14,23.881416,37.99015
11,15,23.881456,37.990188
11,16,23.881416,37.99015
11,17,23.881247,37.989909
11,18,23.881197,37.98983
11,19,23.881188,37.98983
11,20,23.880638,37.98933
11,21,23.879769,37.989238
11,22,23.877728,37.990478
11,23,23.875328,37.992069
11,24,23.874208,37.991619
11,25,23.872618,37.98973
11,26,23.870107,37.990409
11,27,23.870397,37.991168
11,28,23.872118,37.992999
11,29,23.870338,37.995109
11,30,23.870258,37.99565
11,31,23.870298,37.995768
11,32,23.868208,37.997039
11,33,23.865417,37.998531
11,34,23.864856,37.998832
11,35,23.862386,37.999801
11,36,23.859395,38.001583
11,37,23.857675,38.002513
11,38,23.856035,38.003322
11,39,23.854836,38.004024
11,40,23.853996,38.005824
11,41,23.853327,38.007816
11,42,23.853567,38.008727
11,43,23.854548,38.008609
11,44,23.855717,38.008331
11,45,23.856006,38.008391
11,46,23.857046,38.009433
11,47,23.856577,38.009963
11,48,23.854806,38.011375
11,49,23.853456,38.014304
11,50,23.852587,38.016265
11,51,23.852417,38.017555
11,52,23.854067,38.017295
11,53,23.854456,38.018455
11,54,23.854885,38.020004
11,55,23.855205,38.021064
11,56,23.855446,38.022133
11,57,23.855576,38.022803
11,58,23.855526,38.024264
11,59,23.854976,38.024673
11,60,23.851906,38.025684
11,61,23.850696,38.026091
11,62,23.850678,38.026122
11,63,23.849139,38.026634
11,64,23.846058,38.028072
11,65,23.844189,38.028792
11,66,23.8431,38.027122
11,67,23.84094,38.028083
11,68,23.83955,38.028705
11,69,23.838761,38.027866
11,70,23.83918,38.027415
11,71,23.838511,38.026885
11,72,23.837329,38.027446
11,73,23.83728,38.027477
11,74,23.836781,38.027674
11,75,23.83658,38.027744
11,76,23.83637,38.027823
11,77,23.83628,38.027842
11,78,23.83613,38.027911
11,79,23.83584,38.027873
11,80,23.835452,38.027454
11,81,23.835281,38.027313
11,82,23.834901,38.026943
11,83,23.834002,38.026084
11,84,23.833471,38.025165
11,85,23.831942,38.024215
11,86,23.829161,38.023555
11,87,23.826651,38.023013
11,88,23.82292,38.022293
11,89,23.81971,38.02167
11,90,23.815859,38.02095
11,91,23.81222,38.020129
11,92,23.810669,38.019809
11,93,23.810379,38.019748
11,94,23.810009,38.01971
11,95,23.809149,38.019489
11,96,23.808177,38.019267
11,97,23.808008,38.019236
11,98,23.807598,38.019156
11,99,23.805318,38.018638
11,100,23.804009,38.018337
11,101,23.803219,38.018196
11,102,23.802408,38.018016
11,103,23.802177,38.017887
11,104,23.802418,38.017257
11,105,23.801407,38.016979
11,106,23.800837,38.016787
11,107,23.799406,38.016608
11,108,23.797996,38.016559
11,109,23.797836,38.014777
11,110,23.797066,38.012828
11,111,23.795394,38.011169
11,112,23.793856,38.01131
11,113,23.792655,38.011371
11,114,23.791666,38.0097
11,115,23.790826,38.008441
11,116,23.790577,38.008441
11,117,23.788418,38.00941
11,118,23.788418,38.00973
11,119,23.789229,38.011371
11,120,23.790548,38.013312
11,121,23.791619,38.014991
11,122,23.790318,38.014991
11,123,23.789177,38.014343
11,124,23.786827,38.012592
11,125,23.784718,38.011001
11,126,23.784468,38.010802
11,127,23.784517,38.010692
11,128,23.785997,38.010093
11,129,23.786558,38.009551
11,130,23.786078,38.00912
11,131,23.785337,38.009472
11,132,23.785097,38.009509
11,133,23.785048,38.009529
11,134,23.785017,38.00949
11,135,23.785297,38.009528
11,136,23.785137,38.009517
11,137,23.784897,38.009387
11,138,23.784888,38.009376
11,139,23.784767,38.009178
11,140,23.783497,38.009666
11,141,23.783376,38.009696
11,142,23.783747,38.010295
11,143,23.786617,38.012386
11,144,23.789127,38.014247
11,145,23.790917,38.015449
11,146,23.793485,38.016387
11,147,23.794866,38.017158
11,148,23.795336,38.017566
11,149,23.795406,38.017604
11,150,23.796776,38.017383
11,151,23.798497,38.017253
11,152,23.799665,38.017444
11,153,23.800106,38.017513
11,154,23.800136,38.017562
11,155,23.801157,38.017673
11,156,23.801928,38.017833
11,157,23.801958,38.017883
11,158,23.803327,38.018161
11,159,23.804207,38.018332
11,160,23.804987,38.018443
11,161,23.806477,38.018775
11,162,23.806587,38.018806
11,163,23.808746,38.019286
11,164,23.812966,38.020256
11,165,23.817625,38.021155
11,166,23.821896,38.022037
11,167,23.826506,38.022807
11,168,23.830015,38.023536
11,169,23.831985,38.024158
11,170,23.833425,38.025237
11,171,23.833906,38.025977
11,172,23.834516,38.026496
11,173,23.834736,38.026676
11,174,23.835636,38.027594
11,175,23.836287,38.028445
11,176,23.839077,38.027396
11,177,23.842108,38.026015
11,178,23.843368,38.026237
11,179,23.846868,38.025268
11,180,23.848678,38.024967
11,181,23.848728,38.024085
11,182,23.847359,38.021717
11,183,23.847168,38.020995
11,184,23.849558,38.020637
11,185,23.851438,38.018615
11,186,23.853218,38.014637
11,187,23.854569,38.011725
11,188,23.856909,38.009815
11,189,23.857489,38.009254
11,190,23.858029,38.008685
11,191,23.857838,38.008464
11,192,23.857517,38.008212
11,193,23.857508,38.008193
11,194,23.857317,38.007953
11,195,23.856887,38.006893
11,196,23.855177,38.007053
11,197,23.855796,38.006122
11,198,23.856437,38.005191
11,199,23.856167,38.00381
11,200,23.856546,38.003131
11,201,23.860176,38.001029
11,202,23.863997,37.999229
11,203,23.868107,37.997069
11,204,23.873157,37.99422
11,205,23.876287,37.99134
11,206,23.879747,37.989139
11,207,23.881128,37.98984
11,208,23.881168,37.989879
11,209,23.881227,37.990039
11,210,23.881307,37.990001
11,211,23.881379,37.990081
11,212,23.881279,37.989963
11,213,23.881219,37.989994
11,214,23.88121,37.989994
11,215,23.881111,37.989802
11,216,23.881111,37.989791
11,217,23.8808,37.989452
11,218,23.87988,37.98912
11,219,23.878012,37.990249
11,220,23.875541,37.991878
11,221,23.874521,37.992026
11,222,23.872841,37.989917
11,223,23.87047,37.990188
11,224,23.87091,37.991569
11,225,23.872252,37.993629
11,226,23.870262,37.995498
11,227,23.870272,37.995658
11,228,23.870312,37.995758
11,229,23.868192,37.997009
11,230,23.864791,37.998839
11,231,23.861242,38.000301
11,232,23.858091,38.002311
11,233,23.857891,38.004279
11,234,23.858221,38.00624
11,235,23.858221,38.006252
11,236,23.858302,38.006553
11,237,23.85835,38.006702
11,238,23.85835,38.006713
11,239,23.858501,38.007182
11,240,23.858492,38.007213
11,241,23.858491,38.007373
11,242,23.858091,38.007644
11,243,23.856352,38.008185
11,244,23.856811,38.009185
11,245,23.856672,38.009975
11,246,23.854812,38.011443
11,247,23.853253,38.014785
