110,1,23.881296,37.990177
110,2,23.881055,37.990016
110,3,23.881015,37.989978
110,4,23.881006,37.990219
110,5,23.881126,37.989989
110,6,23.881207,37.98984
110,7,23.881108,37.98997
110,8,23.880928,37.989971
110,9,23.881097,37.98997
110,10,23.880978,37.989829
110,11,23.881089,37.98984
110,12,23.881279,37.989822
110,13,23.881069,37.990001
110,14,23.88106,37.990093
110,15,23.881198,37.990203
110,16,23.88102,37.990055
110,17,23.880961,37.990016
110,18,23.8811,37.990004
110,19,23.881119,37.990085
110,20,23.881149,37.990233
110,21,23.881109,37.990093
110,22,23.88122,37.990153
110,23,23.8811,37.990093
110,24,23.8811,37.990103
110,25,23.880819,37.989494
110,26,23.879769,37.989192
110,27,23.876618,37.991183
110,28,23.875257,37.992175
110,29,23.875257,37.992187
110,30,23.874847,37.992439
110,31,23.872757,37.994857
110,32,23.869118,37.996456
110,33,23.864638,37.998924
110,34,23.860117,38.001075
110,35,23.857937,38.003283
110,36,23.857956,38.004653
110,37,23.857956,38.004664
110,38,23.858236,38.006183
110,39,23.858596,38.007362
110,40,23.857147,38.007953
110,41,23.856718,38.009093
110,42,23.856138,38.010375
110,43,23.854399,38.012405
110,44,23.852598,38.016296
110,45,23.850979,38.019977
110,46,23.848429,38.020618
110,47,23.847168,38.020987
110,48,23.847307,38.021339
110,49,23.847607,38.021777
110,50,23.847687,38.021896
110,51,23.847857,38.022155
110,52,23.848035,38.022426
110,53,23.848156,38.022616
110,54,23.848206,38.022716
110,55,23.848304,38.022895
110,56,23.848376,38.023056
110,57,23.848554,38.023387
110,58,23.848674,38.023616
110,59,23.848764,38.023776
110,60,23.848814,38.023765
110,61,23.848873,38.023826
110,62,23.849013,38.024127
110,63,23.849013,38.024158
110,64,23.849182,38.024509
110,65,23.849502,38.025039
110,66,23.849962,38.025779
110,67,23.850003,38.025878
110,68,23.850003,38.025878
110,69,23.850683,38.026477
110,70,23.850942,38.026717
110,71,23.851093,38.026908
110,72,23.851333,38.027278
110,73,23.851453,38.027438
110,74,23.851784,38.027919
110,75,23.851914,38.02811
110,76,23.852212,38.02856
110,77,23.852614,38.028881
110,78,23.852974,38.02904
110,79,23.853665,38.029361
110,80,23.853843,38.029453
110,81,23.854633,38.029933
110,82,23.854754,38.030032
110,83,23.855303,38.030693
110,84,23.855393,38.030803
110,85,23.856012,38.031573
110,86,23.856022,38.031573
110,87,23.856662,38.032424
110,88,23.856662,38.034095
110,89,23.852971,38.036945
110,90,23.850002,38.040176
110,91,23.847163,38.042167
110,92,23.844113,38.043888
110,93,23.842163,38.044879
110,94,23.839662,38.046557
110,95,23.839662,38.046569
110,96,23.839903,38.048431
110,97,23.839483,38.051261
110,98,23.839133,38.05152
110,99,23.838743,38.051681
110,100,23.841164,38.053199
110,101,23.842323,38.054538
110,102,23.841053,38.055038
110,103,23.839064,38.056579
110,104,23.837793,38.058609
110,105,23.836202,38.05875
110,106,23.836302,38.060249
110,107,23.835842,38.060729
110,108,23.833301,38.06182
110,109,23.828701,38.063999
110,110,23.82633,38.06488
110,111,23.826179,38.066371
110,112,23.8228,38.066581
110,113,23.8211,38.067012
110,114,23.820961,38.069862
110,115,23.821001,38.0727
110,116,23.821121,38.073939
110,117,23.82118,38.075568
110,118,23.82024,38.07891
110,119,23.819189,38.082549
110,120,23.818819,38.08617
110,121,23.818429,38.087188
110,122,23.81835,38.087409
110,123,23.81835,38.087428
110,124,23.81818,38.087687
110,125,23.817989,38.087798
110,126,23.81798,38.08781
110,127,23.817579,38.088
110,128,23.81757,38.088012
110,129,23.818039,38.088722
110,130,23.818579,38.089122
110,131,23.819488,38.089862
110,132,23.820589,38.090831
110,133,23.821389,38.091372
110,134,23.822927,38.093654
110,135,23.824177,38.096675
110,136,23.825287,38.099345
110,137,23.829277,38.102687
110,138,23.833327,38.105826
110,139,23.835997,38.107478
110,140,23.840625,38.109657
110,141,23.845517,38.112788
110,142,23.850466,38.114528
110,143,23.855226,38.117599
110,144,23.858338,38.120837
110,145,23.856336,38.124007
110,146,23.856977,38.127719
110,147,23.858597,38.13058
110,148,23.858997,38.131121
110,149,23.859238,38.131412
110,150,23.858728,38.131511
110,151,23.858608,38.131541
110,152,23.858618,38.131591
110,153,23.858608,38.131671
110,154,23.858559,38.131671
110,155,23.858649,38.131683
110,156,23.858768,38.131763
110,157,23.858648,38.131484
110,158,23.858608,38.131583
110,159,23.858627,38.131725
110,160,23.858627,38.131725
110,161,23.858498,38.131954
110,162,23.858627,38.131835
110,163,23.858618,38.131725
110,164,23.858637,38.131785
110,165,23.858618,38.131755
110,166,23.858519,38.131766
110,167,23.858509,38.131766
110,168,23.858558,38.131778
110,169,23.858578,38.131698
110,170,23.858257,38.131668
110,171,23.858568,38.131766
110,172,23.858667,38.131729
110,173,23.859167,38.13166
110,174,23.859537,38.132041
110,175,23.859608,38.132583
110,176,23.859617,38.132633
110,177,23.858797,38.133872
110,178,23.856888,38.136061
110,179,23.855237,38.13787
110,180,23.853477,38.1398
110,181,23.851887,38.141471
110,182,23.850798,38.142772
110,183,23.850788,38.142791
110,184,23.850619,38.142753
110,185,23.850498,38.142684
110,186,23.849328,38.144103
110,187,23.847879,38.144805
110,188,23.84541,38.141944
110,189,23.8454,38.139632
110,190,23.84539,38.139632
110,191,23.845372,38.139362
110,192,23.842951,38.137931
110,193,23.840571,38.133612
110,194,23.84063,38.131652
110,195,23.8409,38.131202
110,196,23.840919,38.131202
110,197,23.840979,38.131202
110,198,23.841078,38.131103
110,199,23.841088,38.131042
110,200,23.841017,38.131061
110,201,23.841008,38.131042
110,202,23.841037,38.131122
110,203,23.840859,38.131313
110,204,23.840848,38.131324
110,205,23.840688,38.131564
110,206,23.8399,38.132194
110,207,23.840879,38.134082
110,208,23.842339,38.137012
110,209,23.845059,38.138423
110,210,23.84541,38.139174
110,211,23.84544,38.139323
110,212,23.845449,38.139335
110,213,23.84545,38.139766
110,214,23.84457,38.140906
110,215,23.8459,38.142688
110,216,23.846569,38.143378
110,217,23.846979,38.143878
110,218,23.84837,38.145179
110,219,23.849699,38.143798
110,220,23.849729,38.142867
110,221,23.848749,38.142276
110,222,23.848749,38.142196
110,223,23.84861,38.142116
110,224,23.8486,38.142097
110,225,23.84828,38.141978
110,226,23.84822,38.141959
110,227,23.8481,38.141921
110,228,23.84787,38.14175
110,229,23.847269,38.141868
110,230,23.846959,38.142299
110,231,23.846928,38.142219
110,232,23.846897,38.142238
110,233,23.847097,38.142009
110,234,23.847188,38.141929
110,235,23.847267,38.141707
110,236,23.847248,38.141745
110,237,23.847017,38.142078
110,238,23.846958,38.142115
110,239,23.846989,38.142078
110,240,23.847208,38.141769
110,241,23.847908,38.141608
110,242,23.848139,38.142017
110,243,23.848559,38.142189
110,244,23.848858,38.14241
110,245,23.849657,38.14286
110,246,23.849817,38.143638
110,247,23.848528,38.145107
110,248,23.848217,38.145316
110,249,23.846136,38.143107
110,250,23.845187,38.140006
110,251,23.845365,38.139716
110,252,23.845375,38.139705
110,253,23.845356,38.139064
110,254,23.842216,38.136863
110,255,23.839826,38.132201
110,256,23.840807,38.131412
110,257,23.840917,38.131171
110,258,23.840977,38.131072
110,259,23.840977,38.131072
110,260,23.841026,38.131091
110,261,23.840996,38.13129
110,262,23.840987,38.13129
110,263,23.840687,38.13177
110,264,23.840616,38.131851
110,265,23.839817,38.131942
110,266,23.838837,38.13016
110,267,23.836937,38.126121
110,268,23.833896,38.12178
110,269,23.830767,38.118781
110,270,23.828777,38.117419
110,271,23.825912,38.114562
110,272,23.823483,38.112651
110,273,23.820122,38.10905
110,274,23.815932,38.105609
110,275,23.81459,38.105048
110,276,23.813092,38.103766
110,277,23.807701,38.101516
110,278,23.801311,38.098945
110,279,23.795002,38.096237
110,280,23.791792,38.092735
110,281,23.791542,38.092414
110,282,23.790252,38.090736
110,283,23.787523,38.087195
110,284,23.784113,38.082744
110,285,23.780913,38.078723
110,286,23.776351,38.075554
110,287,23.771072,38.073375
110,288,23.765453,38.071117
110,289,23.759973,38.068957
110,290,23.759813,38.069167
110,291,23.759844,38.066947
110,292,23.759113,38.065116
110,293,23.758432,38.064266
110,294,23.757332,38.062903
110,295,23.756422,38.060412
110,296,23.756271,38.059673
110,297,23.75558,38.058681
110,298,23.753681,38.056102
110,299,23.75176,38.05313
110,300,23.751341,38.052581
110,301,23.752,38.051879
110,302,23.751621,38.05075
110,303,23.751492,38.050509
110,304,23.751051,38.049788
110,305,23.752201,38.049167
110,306,23.7548,38.048255
110,307,23.756472,38.047355
110,308,23.757351,38.046794
110,309,23.75772,38.046462
110,310,23.759022,38.044834
110,311,23.760591,38.042724
110,312,23.762972,38.041995
110,313,23.762682,38.041774
110,314,23.762342,38.041443
110,315,23.762413,38.041442
110,316,23.762403,38.041561
110,317,23.762653,38.041369
110,318,23.763143,38.04177
110,319,23.761143,38.04232
110,320,23.761162,38.042331
110,321,23.760002,38.043421
110,322,23.758291,38.045833
110,323,23.756361,38.047393
110,324,23.754701,38.048171
110,325,23.752423,38.048922
110,326,23.750842,38.049762
110,327,23.751444,38.050311
110,328,23.751194,38.051272
110,329,23.750765,38.051562
110,330,23.752035,38.053153
110,331,23.754305,38.056674
110,332,23.756285,38.059425
110,333,23.757204,38.062213
110,334,23.757894,38.063334
110,335,23.758234,38.063846
110,336,23.759764,38.066238
110,337,23.760454,38.068549
110,338,23.765524,38.070709
110,339,23.772153,38.073391
110,340,23.779024,38.076652
110,341,23.783643,38.081592
110,342,23.787175,38.086242
110,343,23.790874,38.09101
110,344,23.791244,38.091491
110,345,23.791605,38.091911
110,346,23.794526,38.095432
110,347,23.800735,38.09835
110,348,23.807464,38.100989
110,349,23.814405,38.1035
110,350,23.814696,38.105018
110,351,23.817925,38.10675
110,352,23.822264,38.11093
110,353,23.825054,38.113982
110,354,23.828784,38.117202
110,355,23.830706,38.118632
110,356,23.832365,38.120261
110,357,23.836096,38.124423
110,358,23.838507,38.129402
110,359,23.840557,38.131732
110,360,23.840917,38.131103
110,361,23.840976,38.130851
110,362,23.841146,38.130839
110,363,23.840956,38.13076
110,364,23.840996,38.130797
