111,1,23.839761,38.131232
111,2,23.839181,38.130832
111,3,23.837973,38.128322
111,4,23.836222,38.124732
111,5,23.83319,38.121093
111,6,23.830779,38.118743
111,7,23.82872,38.117263
111,8,23.826,38.114562
111,9,23.82423,38.11386
111,10,23.8237,38.112479
111,11,23.82156,38.110198
111,12,23.818041,38.1068
111,13,23.81324,38.103599
111,14,23.80723,38.101248
111,15,23.801,38.098788
111,16,23.795,38.09621
111,17,23.792021,38.092979
111,18,23.79035,38.0908
111,19,23.78772,38.08739
111,20,23.784799,38.083572
111,21,23.782031,38.080123
111,22,23.77964,38.077835
111,23,23.779582,38.077414
111,24,23.78008,38.077216
111,25,23.780861,38.078025
111,26,23.78272,38.080276
111,27,23.784561,38.082694
111,28,23.78593,38.084334
111,29,23.78606,38.084354
111,30,23.786141,38.084544
111,31,23.78647,38.084655
111,32,23.786951,38.084804
111,33,23.787392,38.084864
111,34,23.787292,38.085487
111,35,23.787499,38.085349
111,36,23.786378,38.084437
111,37,23.786068,38.084376
111,38,23.786247,38.084735
111,39,23.787508,38.086425
111,40,23.788988,38.088374
111,41,23.789839,38.089576
111,42,23.790798,38.090938
111,43,23.792827,38.093589
111,44,23.796149,38.09658
111,45,23.801119,38.098571
111,46,23.806219,38.100582
111,47,23.811289,38.102573
111,48,23.815109,38.103904
111,49,23.814628,38.105476
111,50,23.817369,38.106357
111,51,23.820089,38.108905
111,52,23.82309,38.111834
111,53,23.82481,38.114074
111,54,23.82702,38.115565
111,55,23.82971,38.118415
111,56,23.831011,38.118934
111,57,23.832642,38.120654
111,58,23.835371,38.123362
111,59,23.836931,38.126151
111,60,23.837902,38.128199
111,61,23.838972,38.130408
111,62,23.840212,38.131927
111,63,23.840822,38.131366
111,64,23.841022,38.131076
111,65,23.841072,38.130996
111,66,23.841023,38.130946
111,67,23.840983,38.131057
111,68,23.840924,38.131438
111,69,23.840433,38.131828
111,70,23.839893,38.131389
111,71,23.839924,38.131469
111,72,23.839884,38.1314
111,73,23.839868,38.131362
