112,1,23.839657,38.131312
112,2,23.840036,38.132381
112,3,23.841205,38.13467
112,4,23.842624,38.137469
112,5,23.845206,38.138511
112,6,23.845415,38.139121
112,7,23.845415,38.139121
112,8,23.845085,38.140021
112,9,23.844826,38.141242
112,10,23.846305,38.143073
112,11,23.848325,38.145225
112,12,23.850876,38.147925
112,13,23.853695,38.150714
112,14,23.855685,38.153606
112,15,23.855835,38.157306
112,16,23.856896,38.160594
112,17,23.856486,38.163634
112,18,23.856566,38.167083
112,19,23.855855,38.170672
112,20,23.855125,38.174323
112,21,23.854875,38.177402
112,22,23.853565,38.1804
112,23,23.852855,38.183539
112,24,23.853716,38.184989
112,25,23.854067,38.186008
112,26,23.854486,38.189357
112,27,23.853836,38.193026
112,28,23.852816,38.195277
112,29,23.852775,38.196658
112,30,23.854036,38.19905
112,31,23.856216,38.199828
112,32,23.857326,38.20198
112,33,23.858187,38.203392
112,34,23.860807,38.205253
112,35,23.864138,38.20632
112,36,23.867218,38.20695
112,37,23.869518,38.208141
112,38,23.871138,38.20933
112,39,23.872797,38.210681
112,40,23.873728,38.212322
112,41,23.874218,38.213562
112,42,23.875768,38.214652
112,43,23.877018,38.216002
112,44,23.876498,38.217662
112,45,23.875447,38.21971
112,46,23.875545,38.22092
112,47,23.875755,38.222358
112,48,23.874245,38.222908
112,49,23.875575,38.223765
112,50,23.875234,38.224468
112,51,23.874744,38.225578
112,52,23.874374,38.226939
112,53,23.873335,38.228191
112,54,23.872324,38.229812
112,55,23.870664,38.232062
112,56,23.869484,38.234771
112,57,23.867264,38.236541
112,58,23.868784,38.237479
112,59,23.870504,38.238749
112,60,23.872565,38.23986
112,61,23.875093,38.240631
112,62,23.877964,38.240001
112,63,23.880763,38.23862
112,64,23.883595,38.237399
112,65,23.884294,38.238838
112,66,23.885125,38.241027
112,67,23.886485,38.243197
112,68,23.887474,38.244728
112,69,23.888485,38.246527
112,70,23.889265,38.247547
112,71,23.890645,38.248546
112,72,23.891066,38.248824
112,73,23.890926,38.248954
112,74,23.890908,38.248855
112,75,23.890997,38.248996
112,76,23.891046,38.248687
112,77,23.891136,38.248847
112,78,23.891166,38.248736
112,79,23.889757,38.247867
112,80,23.888126,38.245616
112,81,23.887087,38.243648
112,82,23.885367,38.241138
112,83,23.884537,38.239009
112,84,23.883948,38.237419
112,85,23.882328,38.237937
112,86,23.880588,38.238776
112,87,23.878519,38.239818
112,88,23.87509,38.240607
112,89,23.87217,38.239615
112,90,23.869979,38.238276
112,91,23.867661,38.236957
112,92,23.869359,38.235415
112,93,23.87067,38.231994
112,94,23.873041,38.228694
112,95,23.87458,38.225352
112,96,23.876051,38.223991
112,97,23.87504,38.222831
112,98,23.875509,38.220512
112,99,23.876449,38.218032
112,100,23.876489,38.217922
112,101,23.876829,38.216773
112,102,23.87714,38.216304
112,103,23.876431,38.215312
112,104,23.874111,38.214503
112,105,23.87314,38.212302
112,106,23.87174,38.209663
112,107,23.86865,38.207194
112,108,23.864851,38.206306
112,109,23.86189,38.205516
112,110,23.859291,38.204006
112,111,23.859071,38.203906
112,112,23.859031,38.203906
112,113,23.858322,38.203517
112,114,23.857092,38.202265
112,115,23.856342,38.199947
112,116,23.854822,38.199485
112,117,23.854763,38.199485
112,118,23.852952,38.197265
112,119,23.853733,38.193355
112,120,23.854442,38.189006
112,121,23.854162,38.185195
112,122,23.852593,38.184646
112,123,23.853083,38.182407
112,124,23.853983,38.178806
112,125,23.855022,38.175075
112,126,23.855522,38.171706
112,127,23.856312,38.168925
112,128,23.856593,38.166106
112,129,23.856382,38.162887
112,130,23.856352,38.159816
112,131,23.855772,38.157714
112,132,23.855742,38.157073
112,133,23.855742,38.157061
112,134,23.855782,38.156291
112,135,23.855732,38.15483
112,136,23.855633,38.15364
112,137,23.854964,38.15227
112,138,23.853073,38.150249
112,139,23.850223,38.14738
112,140,23.847353,38.144339
112,141,23.844883,38.141448
112,142,23.845382,38.139709
112,143,23.845293,38.139499
112,144,23.842764,38.140411
112,145,23.841833,38.13964
112,146,23.841833,38.137149
112,147,23.840032,38.133517
112,148,23.838063,38.129539
112,149,23.835713,38.12466
112,150,23.831793,38.1202
112,151,23.827954,38.116279
112,152,23.824253,38.112647
112,153,23.820914,38.109439
112,154,23.817593,38.106257
112,155,23.813303,38.103575
112,156,23.808492,38.101715
112,157,23.803993,38.099914
112,158,23.799353,38.098132
112,159,23.794973,38.096141
112,160,23.792133,38.09309
112,161,23.790724,38.09122
112,162,23.788583,38.088432
112,163,23.785923,38.085033
112,164,23.783262,38.081542
112,165,23.780061,38.077853
112,166,23.775501,38.075042
112,167,23.76889,38.072372
112,168,23.761409,38.069373
112,169,23.754329,38.066455
112,170,23.74933,38.061793
112,171,23.74599,38.056083
112,172,23.743811,38.051162
112,173,23.739401,38.047012
112,174,23.734701,38.042602
112,175,23.73299,38.036971
112,176,23.72985,38.032802
112,177,23.730301,38.02901
112,178,23.730341,38.028869
112,179,23.730612,38.028068
112,180,23.730822,38.027339
112,181,23.730942,38.026969
112,182,23.731101,38.026561
112,183,23.731092,38.026549
112,184,23.731662,38.026199
112,185,23.732243,38.02695
112,186,23.732372,38.027122
112,187,23.732523,38.027061
112,188,23.732834,38.02642
112,189,23.732723,38.026191
112,190,23.732283,38.025672
112,191,23.732212,38.025382
112,192,23.732742,38.024993
112,193,23.733112,38.024833
112,194,23.733541,38.024661
112,195,23.733921,38.02447
112,196,23.734241,38.024379
112,197,23.734581,38.024249
112,198,23.735361,38.023898
112,199,23.735771,38.023608
112,200,23.735571,38.02209
112,201,23.73549,38.021179
112,202,23.73538,38.02011
112,203,23.735339,38.01876
112,204,23.73525,38.017719
112,205,23.735191,38.015979
112,206,23.735281,38.015758
112,207,23.735232,38.013926
112,208,23.735212,38.011947
112,209,23.735122,38.011417
112,210,23.735042,38.010559
112,211,23.735052,38.010429
112,212,23.735052,38.009997
112,213,23.734902,38.009326
112,214,23.734732,38.009315
112,215,23.734001,38.009345
112,216,23.733181,38.009406
112,217,23.73203,38.009548
112,218,23.731232,38.009597
112,219,23.730991,38.009616
112,220,23.730872,38.009627
112,221,23.730671,38.009769
112,222,23.730652,38.009807
112,223,23.730642,38.009807
112,224,23.730583,38.009937
112,225,23.730564,38.009998
112,226,23.730533,38.009929
112,227,23.730423,38.009868
112,228,23.730302,38.009879
112,229,23.730502,38.00996
112,230,23.730364,38.009898
112,231,23.730474,38.009887
112,232,23.730564,38.009955
112,233,23.730564,38.009955
112,234,23.730554,38.009837
112,235,23.730554,38.009807
112,236,23.730613,38.009826
112,237,23.730673,38.009715
112,238,23.730573,38.009906
112,239,23.730593,38.009875
112,240,23.730494,38.009895
112,241,23.730494,38.009895
112,242,23.730494,38.009845
112,243,23.730534,38.009826
112,244,23.730604,38.009814
112,245,23.730744,38.009753
112,246,23.730672,38.009635
112,247,23.730663,38.009585
112,248,23.730564,38.009586
112,249,23.729553,38.009776
112,250,23.729393,38.009974
112,251,23.729393,38.009994
112,252,23.729343,38.010135
112,253,23.729303,38.010283
112,254,23.729263,38.010375
112,255,23.729233,38.010535
112,256,23.729214,38.010597
112,257,23.729154,38.010768
112,258,23.729145,38.010879
112,259,23.729126,38.0111
112,260,23.729095,38.0111
112,261,23.729056,38.011211
112,262,23.729016,38.011291
112,263,23.728985,38.011291
112,264,23.728856,38.01144
112,265,23.728785,38.011428
112,266,23.728794,38.01173
112,267,23.728785,38.01176
112,268,23.728674,38.011981
112,269,23.726963,38.012233
112,270,23.724002,38.012744
112,271,23.721002,38.013515
112,272,23.720482,38.013687
112,273,23.720122,38.013816
112,274,23.720491,38.014686
112,275,23.720511,38.014895
112,276,23.7212,38.016586
112,277,23.722251,38.017924
112,278,23.724521,38.020564
112,279,23.725752,38.024104
112,280,23.727713,38.028476
112,281,23.730102,38.032477
112,282,23.732943,38.036548
112,283,23.734342,38.040919
112,284,23.736933,38.044638
112,285,23.739193,38.046619
112,286,23.741864,38.049117
112,287,23.744583,38.052096
112,288,23.745964,38.055705
112,289,23.747854,38.059276
112,290,23.750145,38.063037
112,291,23.753225,38.065906
112,292,23.757536,38.067687
112,293,23.762087,38.069519
112,294,23.766916,38.071449
112,295,23.771976,38.07347
112,296,23.777166,38.075649
112,297,23.781666,38.079226
112,298,23.784966,38.083476
112,299,23.788155,38.087607
112,300,23.790816,38.091056
112,301,23.791154,38.091464
112,302,23.792916,38.093723
112,303,23.796255,38.096633
112,304,23.801374,38.098655
112,305,23.806654,38.100703
112,306,23.812143,38.102806
112,307,23.815443,38.103236
112,308,23.815643,38.102855
112,309,23.815643,38.102844
112,310,23.816522,38.102874
112,311,23.817593,38.105353
112,312,23.820272,38.108272
112,313,23.823492,38.111331
112,314,23.827122,38.114882
112,315,23.830351,38.117992
112,316,23.833752,38.121501
112,317,23.836492,38.12514
112,318,23.837741,38.127761
112,319,23.838741,38.129863
112,320,23.839712,38.131812
112,321,23.840631,38.131553
112,322,23.84106,38.130984
112,323,23.84085,38.130985
112,324,23.84097,38.130843
112,325,23.840851,38.131252
112,326,23.8404,38.131232
112,327,23.84005,38.131232
112,328,23.83989,38.131324
