114,1,23.839696,38.131129
114,2,23.839367,38.130939
114,3,23.838608,38.1296
114,4,23.837127,38.126441
114,5,23.834948,38.12284
114,6,23.830947,38.118679
114,7,23.827368,38.115238
114,8,23.824018,38.111926
114,9,23.820528,38.108646
114,10,23.817548,38.105445
114,11,23.816358,38.102824
114,12,23.816279,38.102745
114,13,23.816099,38.102664
114,14,23.816099,38.102652
114,15,23.815988,38.102252
114,16,23.817289,38.101393
114,17,23.819719,38.100543
114,18,23.822209,38.099434
114,19,23.824268,38.098464
114,20,23.824408,38.098384
114,21,23.824137,38.097293
114,22,23.823276,38.094622
114,23,23.821605,38.091964
114,24,23.820265,38.090815
114,25,23.819244,38.089805
114,26,23.817613,38.088454
114,27,23.817503,38.088314
114,28,23.818144,38.087783
114,29,23.818733,38.085624
114,30,23.819253,38.082344
114,31,23.820253,38.078841
114,32,23.820903,38.076732
114,33,23.820974,38.076053
114,34,23.820993,38.074824
114,35,23.820934,38.073944
114,36,23.820774,38.070903
114,37,23.821045,38.068774
114,38,23.821144,38.068214
114,39,23.821064,38.067222
114,40,23.821283,38.066772
114,41,23.821753,38.066741
114,42,23.823183,38.066703
114,43,23.824583,38.066542
114,44,23.826343,38.066493
114,45,23.826224,38.064582
114,46,23.829174,38.063881
114,47,23.832443,38.062282
114,48,23.833063,38.06195
114,49,23.833584,38.061709
114,50,23.834444,38.061309
114,51,23.834755,38.061137
114,52,23.835436,38.060878
114,53,23.835717,38.060828
114,54,23.835975,38.060779
114,55,23.836216,38.060459
114,56,23.836077,38.059818
114,57,23.835917,38.059459
114,58,23.835626,38.058829
114,59,23.836867,38.058868
114,60,23.838177,38.058097
114,61,23.838586,38.055877
114,62,23.839136,38.053645
114,63,23.838976,38.052455
114,64,23.838836,38.052024
114,65,23.839956,38.052726
114,66,23.842026,38.053977
114,67,23.843826,38.055087
114,68,23.845337,38.056037
114,69,23.847958,38.056629
114,70,23.849678,38.056598
114,71,23.851097,38.055316
114,72,23.852527,38.055648
114,73,23.853928,38.056277
114,74,23.855968,38.056877
114,75,23.857418,38.056914
114,76,23.858088,38.058276
114,77,23.857467,38.059646
114,78,23.856557,38.060535
114,79,23.856388,38.060936
114,80,23.856438,38.060955
114,81,23.856348,38.061313
114,82,23.856468,38.062644
114,83,23.857878,38.063685
114,84,23.858618,38.063724
114,85,23.859107,38.063994
114,86,23.859268,38.064124
114,87,23.859378,38.064193
114,88,23.859259,38.064254
114,89,23.859209,38.064266
114,90,23.85908,38.064265
114,91,23.858799,38.064215
114,92,23.858448,38.064037
114,93,23.858338,38.063575
114,94,23.857708,38.062514
114,95,23.857609,38.062343
114,96,23.857538,38.062182
114,97,23.857587,38.061832
114,98,23.857727,38.0614
114,99,23.858057,38.061111
114,100,23.858346,38.060832
114,101,23.858497,38.060691
114,102,23.858738,38.060439
114,103,23.858757,38.060279
114,104,23.859277,38.059779
114,105,23.859589,38.05981
114,106,23.86019,38.060179
114,107,23.86072,38.06071
114,108,23.860569,38.060771
114,109,23.859888,38.060733
114,110,23.859338,38.060702
114,111,23.859589,38.060702
114,112,23.860809,38.060561
114,113,23.860128,38.06002
114,114,23.859477,38.059489
114,115,23.858759,38.059028
114,116,23.858118,38.059409
114,117,23.857307,38.060169
114,118,23.856617,38.061
114,119,23.856466,38.062202
114,120,23.857286,38.063171
114,121,23.858165,38.063701
114,122,23.859016,38.063953
114,123,23.859097,38.064144
114,124,23.859016,38.063884
114,125,23.858637,38.063285
114,126,23.858247,38.062507
114,127,23.858057,38.061908
114,128,23.858306,38.061477
114,129,23.858726,38.061126
114,130,23.858966,38.060904
114,131,23.859126,38.060634
114,132,23.859586,38.060263
114,133,23.859697,38.060092
114,134,23.859198,38.059573
114,135,23.858516,38.059085
114,136,23.858026,38.059055
114,137,23.857817,38.058173
114,138,23.857706,38.057193
114,139,23.857675,38.057144
114,140,23.857355,38.055762
114,141,23.855086,38.054073
114,142,23.854775,38.053462
114,143,23.852545,38.052932
114,144,23.848724,38.052661
114,145,23.845194,38.050582
114,146,23.841864,38.048171
114,147,23.839745,38.046752
114,148,23.841015,38.045482
114,149,23.844244,38.043731
114,150,23.847164,38.042041
114,151,23.848144,38.041499
114,152,23.849724,38.040329
114,153,23.852354,38.037517
114,154,23.855515,38.034778
114,155,23.856974,38.033156
114,156,23.857004,38.031646
114,157,23.859104,38.030048
114,158,23.859274,38.026576
114,159,23.859514,38.024127
114,160,23.859524,38.023986
114,161,23.860124,38.021365
114,162,23.860335,38.017985
114,163,23.860334,38.014747
114,164,23.859865,38.011798
114,165,23.857864,38.012076
114,166,23.857375,38.010005
114,167,23.858044,38.009067
114,168,23.857853,38.008358
114,169,23.858263,38.007648
114,170,23.861122,38.007167
114,171,23.865152,38.006366
114,172,23.867142,38.005966
114,173,23.867151,38.005947
114,174,23.867861,38.005805
114,175,23.86792,38.005793
114,176,23.86873,38.005653
114,177,23.869191,38.005561
114,178,23.869631,38.005481
114,179,23.869811,38.005443
114,180,23.870029,38.005405
114,181,23.870949,38.005263
114,182,23.871119,38.005202
114,183,23.871507,38.005153
114,184,23.871977,38.005053
114,185,23.872467,38.004974
114,186,23.872508,38.004962
114,187,23.873108,38.004844
114,188,23.873598,38.004783
114,189,23.874249,38.004562
114,190,23.876019,38.00405
114,191,23.876829,38.003871
114,192,23.87863,38.003871
114,193,23.880049,38.003852
114,194,23.880309,38.003821
114,195,23.882538,38.00373
114,196,23.885908,38.003829
114,197,23.890497,38.00455
114,198,23.895367,38.003901
114,199,23.899086,38.003261
114,200,23.902666,38.00283
114,201,23.907416,38.002639
114,202,23.911246,38.002338
114,203,23.912405,38.000739
114,204,23.913244,37.999961
114,205,23.916503,37.99908
114,206,23.919824,37.998229
114,207,23.923824,37.997588
114,208,23.925224,37.99768
114,209,23.928454,37.99792
114,210,23.931864,37.998641
114,211,23.933274,37.99908
114,212,23.933594,37.999179
114,213,23.934994,37.999668
114,214,23.937624,38.000949
114,215,23.938124,38.001079
114,216,23.938644,38.00122
114,217,23.940414,38.001869
114,218,23.942335,38.002437
114,219,23.945126,38.003338
114,220,23.948255,38.004299
114,221,23.951376,38.00526
114,222,23.954435,38.005939
114,223,23.955065,38.006259
114,224,23.955084,38.006259
114,225,23.955274,38.006278
114,226,23.955554,38.006198
114,227,23.954886,38.006167
114,228,23.953985,38.005717
114,229,23.951995,38.005447
114,230,23.949295,38.004615
114,231,23.945805,38.003554
114,232,23.942215,38.002445
114,233,23.941665,38.002284
114,234,23.941665,38.002284
114,235,23.941435,38.002204
114,236,23.941675,38.001624
114,237,23.941805,37.999793
114,238,23.940864,37.996833
114,239,23.939995,37.992831
114,240,23.937544,37.989272
114,241,23.935084,37.985671
114,242,23.934843,37.981681
114,243,23.934032,37.977203
114,244,23.931464,37.973582
114,245,23.928583,37.971332
114,246,23.925765,37.968463
114,247,23.922763,37.966323
114,248,23.922433,37.966102
114,249,23.922424,37.966091
114,250,23.921574,37.966071
114,251,23.919673,37.966522
114,252,23.917404,37.967071
114,253,23.914204,37.967842
114,254,23.910404,37.968192
114,255,23.909374,37.968192
114,256,23.906874,37.968414
114,257,23.905754,37.969672
114,258,23.905545,37.971373
114,259,23.903974,37.974265
114,260,23.900844,37.976733
114,261,23.897285,37.979034
114,262,23.893474,37.981483
114,263,23.889564,37.984172
114,264,23.885503,37.986461
114,265,23.883154,37.987682
114,266,23.881995,37.988051
114,267,23.880323,37.989044
114,268,23.881014,37.989642
114,269,23.881014,37.989711
114,270,23.881325,37.990032
114,271,23.881374,37.99018
114,272,23.881374,37.990119
114,273,23.881075,37.989719
114,274,23.880044,37.989108
114,275,23.877825,37.990447
114,276,23.875055,37.992328
114,277,23.874716,37.99258
114,278,23.873476,37.99398
114,279,23.871755,37.99559
114,280,23.867225,37.997638
114,281,23.863355,37.999526
114,282,23.859436,38.001648
114,283,23.857956,38.003447
114,284,23.858215,38.006069
114,285,23.858295,38.00645
114,286,23.858355,38.00669
114,287,23.858373,38.006729
114,288,23.858494,38.007117
114,289,23.858435,38.007117
114,290,23.858124,38.007537
114,291,23.856505,38.008078
114,292,23.853763,38.008918
114,293,23.851543,38.009368
114,294,23.848003,38.009948
114,295,23.845604,38.010329
114,296,23.843423,38.010589
114,297,23.839893,38.01107
114,298,23.835953,38.01276
114,299,23.834213,38.01316
114,300,23.832263,38.01356
114,301,23.830084,38.01393
114,302,23.825853,38.013912
114,303,23.824213,38.01382
114,304,23.822992,38.013751
114,305,23.822983,38.013751
114,306,23.821383,38.013671
114,307,23.818242,38.012992
114,308,23.816763,38.012561
114,309,23.816513,38.012431
114,310,23.814882,38.01197
114,311,23.812142,38.011401
114,312,23.81195,38.011402
114,313,23.81084,38.011173
114,314,23.808351,38.010272
114,315,23.806732,38.00952
114,316,23.806393,38.009372
114,317,23.804762,38.008613
114,318,23.803142,38.007964
114,319,23.802693,38.007793
114,320,23.800312,38.007064
114,321,23.797493,38.006232
114,322,23.796143,38.005732
114,323,23.794733,38.004802
114,324,23.794264,38.004523
114,325,23.793964,38.004351
114,326,23.793734,38.004234
114,327,23.793314,38.003925
114,328,23.793073,38.003753
114,329,23.792803,38.003532
114,330,23.792423,38.003211
114,331,23.791982,38.002791
114,332,23.791763,38.00265
114,333,23.791183,38.00233
114,334,23.790554,38.002132
114,335,23.788874,38.001583
114,336,23.787744,38.001162
114,337,23.787605,38.001094
114,338,23.786786,38.000644
114,339,23.785814,38.000125
114,340,23.783905,37.998745
114,341,23.783186,37.998175
114,342,23.782295,37.997528
114,343,23.778925,37.995368
114,344,23.776505,37.993537
114,345,23.772504,37.991637
114,346,23.770534,37.990409
114,347,23.768354,37.988898
114,348,23.767484,37.988387
114,349,23.767004,37.988018
114,350,23.765504,37.986789
114,351,23.764006,37.986141
114,352,23.763867,37.986129
114,353,23.762646,37.985729
114,354,23.761686,37.98532
114,355,23.761627,37.98532
114,356,23.760868,37.985209
114,357,23.760778,37.98524
114,358,23.760748,37.985252
114,359,23.760767,37.985503
114,360,23.760856,37.985912
114,361,23.760968,37.986072
114,362,23.760937,37.98606
114,363,23.760607,37.98677
114,364,23.758177,37.98722
114,365,23.758118,37.987232
114,366,23.757457,37.987342
114,367,23.756347,37.987502
114,368,23.756317,37.987533
114,369,23.754966,37.987785
114,370,23.751617,37.988395
114,371,23.749277,37.988815
114,372,23.748848,37.988914
114,373,23.745058,37.989616
114,374,23.742159,37.990158
114,375,23.740518,37.990428
114,376,23.740408,37.990428
114,377,23.738188,37.99076
114,378,23.738008,37.990821
114,379,23.737558,37.99086
114,380,23.737419,37.990878
114,381,23.737119,37.990909
114,382,23.737029,37.990909
114,383,23.73665,37.990909
114,384,23.736101,37.991
114,385,23.735931,37.99108
114,386,23.735152,37.991149
114,387,23.734501,37.991241
114,388,23.733912,37.99134
114,389,23.7329,37.9915
114,390,23.73282,37.99158
114,391,23.731711,37.991962
114,392,23.731651,37.992622
114,393,23.732271,37.994723
114,394,23.732312,37.995155
114,395,23.73278,37.996905
114,396,23.733021,37.997745
114,397,23.733012,37.997805
114,398,23.733581,37.999694
114,399,23.734081,38.002586
114,400,23.734492,38.003307
114,401,23.735142,38.005596
114,402,23.735222,38.006404
114,403,23.735092,38.007366
114,404,23.735292,38.009135
114,405,23.735333,38.010177
114,406,23.735413,38.010478
114,407,23.735444,38.011046
114,408,23.735452,38.011825
114,409,23.735452,38.012076
114,410,23.735663,38.013439
114,411,23.735311,38.015178
114,412,23.734361,38.015487
114,413,23.733021,38.015987
114,414,23.732312,38.015876
114,415,23.732092,38.015857
114,416,23.731232,38.015846
114,417,23.731071,38.015876
114,418,23.730322,38.016075
114,419,23.730032,38.016204
114,420,23.729893,38.016215
114,421,23.729143,38.016475
114,422,23.729143,38.016475
114,423,23.728653,38.016555
114,424,23.728572,38.016585
114,425,23.726303,38.016994
114,426,23.724434,38.017402
114,427,23.723564,38.017723
114,428,23.723104,38.018741
114,429,23.724785,38.02098
114,430,23.725525,38.023189
114,431,23.726385,38.025508
114,432,23.727224,38.027068
114,433,23.727554,38.027988
114,434,23.728075,38.029319
114,435,23.728584,38.03028
114,436,23.729663,38.031871
114,437,23.731643,38.034789
114,438,23.733833,38.03815
114,439,23.734514,38.041641
114,440,23.736515,38.04431
114,441,23.738185,38.045699
114,442,23.740296,38.04766
114,443,23.743114,38.050269
114,444,23.745215,38.053558
114,445,23.746885,38.057689
114,446,23.749605,38.061969
114,447,23.752845,38.065638
114,448,23.757625,38.067687
114,449,23.762105,38.069519
114,450,23.767077,38.071517
114,451,23.772217,38.073565
114,452,23.777417,38.075805
114,453,23.781836,38.079383
114,454,23.784655,38.082984
114,455,23.786705,38.085635
114,456,23.788195,38.087874
114,457,23.788545,38.088256
114,458,23.789495,38.089427
114,459,23.790136,38.090206
114,460,23.791266,38.091655
114,461,23.791285,38.091655
114,462,23.791845,38.092395
114,463,23.793954,38.095015
114,464,23.798185,38.097484
114,465,23.803576,38.099555
114,466,23.809185,38.101775
114,467,23.814565,38.103656
114,468,23.815016,38.104278
114,469,23.815496,38.105506
114,470,23.818506,38.107368
114,471,23.821446,38.110217
114,472,23.823376,38.113327
114,473,23.825935,38.114474
114,474,23.828476,38.117015
114,475,23.830705,38.118694
114,476,23.831716,38.119612
114,477,23.834017,38.121901
114,478,23.836376,38.12511
114,479,23.837576,38.127421
114,480,23.838445,38.129272
114,481,23.839386,38.130961
114,482,23.839907,38.13137
114,483,23.839866,38.131278
