115,1,23.882611,37.98587
115,2,23.882949,37.987091
115,3,23.88275,37.987762
115,4,23.88026,37.988933
115,5,23.88052,37.989203
115,6,23.88061,37.989322
115,7,23.880591,37.989371
115,8,23.880689,37.989433
115,9,23.881269,37.990172
115,10,23.88135,37.990184
115,11,23.88192,37.990504
115,12,23.88192,37.990504
115,13,23.88176,37.990905
115,14,23.88192,37.990573
115,15,23.88159,37.990295
115,16,23.881019,37.989673
115,17,23.88035,37.989063
115,18,23.8804,37.989101
115,19,23.881319,37.988391
115,20,23.884838,37.986819
115,21,23.889627,37.984099
115,22,23.894138,37.981029
115,23,23.898579,37.978168
115,24,23.902778,37.975349
115,25,23.90486,37.972529
115,26,23.905329,37.970778
115,27,23.905347,37.970718
115,28,23.905347,37.970729
115,29,23.905218,37.970298
115,30,23.904419,37.96936
115,31,23.90548,37.968738
115,32,23.905658,37.968749
115,33,23.905717,37.96902
115,34,23.905107,37.972239
115,35,23.902268,37.975829
115,36,23.897778,37.978721
115,37,23.893478,37.981509
115,38,23.889179,37.984428
115,39,23.88501,37.986789
115,40,23.881389,37.988388
115,41,23.88084,37.989448
115,42,23.88105,37.989669
115,43,23.881149,37.98981
115,44,23.88139,37.990169
115,45,23.88134,37.990199
115,46,23.881309,37.990039
115,47,23.881109,37.989818
115,48,23.881529,37.990249
115,49,23.881269,37.990131
115,50,23.88167,37.990371
115,51,23.881861,37.990542
115,52,23.88187,37.990554
115,53,23.881711,37.990455
115,54,23.881109,37.990047
115,55,23.88105,37.990035
115,56,23.88072,37.989597
115,57,23.88014,37.989085
115,58,23.87838,37.990066
115,59,23.875169,37.992217
115,60,23.872959,37.994586
115,61,23.86986,37.996146
115,62,23.86652,37.997966
115,63,23.86339,37.999485
115,64,23.860069,38.001136
115,65,23.857899,38.002697
115,66,23.857899,38.005195
115,67,23.858288,38.006694
115,68,23.858318,38.006694
115,69,23.858417,38.006946
115,70,23.858427,38.006946
115,71,23.858497,38.007197
115,72,23.858537,38.007198
115,73,23.858737,38.007427
115,74,23.860157,38.007205
115,75,23.860688,38.007365
115,76,23.860999,38.009166
115,77,23.861248,38.011207
115,78,23.860517,38.012545
115,79,23.860419,38.014686
115,80,23.860399,38.017845
115,81,23.860418,38.019664
115,82,23.860338,38.020434
115,83,23.859958,38.022365
115,84,23.859648,38.023746
115,85,23.859629,38.023856
115,86,23.857139,38.024387
115,87,23.853979,38.025058
115,88,23.85076,38.0261
115,89,23.850489,38.026191
115,90,23.848879,38.02671
115,91,23.846178,38.028011
115,92,23.844217,38.028869
115,93,23.843147,38.027137
115,94,23.842207,38.027519
115,95,23.839478,38.028708
115,96,23.838466,38.02914
115,97,23.838457,38.02914
115,98,23.838176,38.029258
115,99,23.838117,38.029277
115,100,23.837788,38.029426
115,101,23.837788,38.029426
115,102,23.837637,38.029487
115,103,23.837418,38.029586
115,104,23.837418,38.029586
115,105,23.837048,38.029494
115,106,23.836628,38.028953
115,107,23.836448,38.028682
115,108,23.835928,38.027954
115,109,23.835428,38.027362
115,110,23.834488,38.02645
115,111,23.833667,38.025432
115,112,23.832857,38.024863
115,113,23.832847,38.024795
115,114,23.832838,38.024795
115,115,23.832819,38.024764
115,116,23.833059,38.024753
115,117,23.833359,38.024894
115,118,23.834049,38.025985
115,119,23.83502,38.026885
115,120,23.83565,38.027526
115,121,23.83667,38.028376
115,122,23.83828,38.027728
115,123,23.83969,38.027137
115,124,23.84215,38.025996
115,125,23.84346,38.026206
115,126,23.847339,38.025215
115,127,23.848299,38.025104
115,128,23.849009,38.024925
115,129,23.849018,38.024925
115,130,23.849188,38.024864
115,131,23.849848,38.025665
115,132,23.850338,38.026164
115,133,23.853418,38.025173
115,134,23.857119,38.024272
115,135,23.859589,38.02328
115,136,23.860159,38.020228
115,137,23.860129,38.016219
115,138,23.859998,38.012328
115,139,23.858189,38.01194
115,140,23.857378,38.010318
115,141,23.857838,38.009048
115,142,23.858007,38.008647
115,143,23.857988,38.008616
115,144,23.857889,38.008506
115,145,23.85767,38.008197
115,146,23.85767,38.008185
115,147,23.85799,38.007594
115,148,23.860321,38.007213
115,149,23.8619,38.006301
115,150,23.862039,38.004592
115,151,23.86133,38.00294
115,152,23.86211,38.000179
115,153,23.86239,37.999778
115,154,23.866051,37.998168
115,155,23.869801,37.996078
115,156,23.872052,37.995307
115,157,23.875462,37.991908
115,158,23.879942,37.989078
115,159,23.881202,37.989989
115,160,23.881742,37.99052
115,161,23.881773,37.990508
115,162,23.881923,37.990569
115,163,23.882013,37.990588
115,164,23.881893,37.990558
115,165,23.881563,37.990299
115,166,23.881443,37.990126
115,167,23.881393,37.990116
115,168,23.880833,37.989425
115,169,23.880752,37.989406
115,170,23.880752,37.989417
115,171,23.880231,37.988998
115,172,23.878732,37.989806
115,173,23.875833,37.991737
115,174,23.873383,37.994056
115,175,23.871153,37.995788
115,176,23.867613,37.997379
115,177,23.865334,37.99866
115,178,23.865784,37.99934
115,179,23.866354,38.00051
115,180,23.866505,38.00098
115,181,23.867155,38.002608
115,182,23.867765,38.00455
115,183,23.867426,38.00576
115,184,23.867426,38.005771
115,185,23.868185,38.005722
115,186,23.870954,38.00526
115,187,23.871003,38.00526
115,188,23.871455,38.00518
115,189,23.871455,38.00518
115,190,23.871583,38.00516
115,191,23.872154,38.007
115,192,23.870804,38.009338
115,193,23.871273,38.012447
115,194,23.871783,38.015647
115,195,23.872122,38.017325
115,196,23.870362,38.017814
115,197,23.868332,38.018042
115,198,23.867591,38.017024
115,199,23.866641,38.016304
115,200,23.866062,38.016853
115,201,23.865643,38.017242
115,202,23.865174,38.017692
115,203,23.865133,38.01773
115,204,23.864973,38.017871
115,205,23.864223,38.01844
115,206,23.863203,38.019008
115,207,23.862083,38.019599
115,208,23.861623,38.019851
115,209,23.861013,38.02011
115,210,23.860384,38.02035
115,211,23.860174,38.019969
115,212,23.860023,38.020019
115,213,23.858895,38.02035
115,214,23.857664,38.020652
115,215,23.856064,38.020923
115,216,23.854583,38.021163
115,217,23.853104,38.021373
115,218,23.852385,38.021514
115,219,23.851934,38.021655
115,220,23.851324,38.021735
115,221,23.850785,38.021827
115,222,23.850264,38.021865
115,223,23.849724,38.021957
115,224,23.849185,38.022056
115,225,23.848634,38.022055
115,226,23.848155,38.022075
115,227,23.847793,38.022113
115,228,23.847334,38.022182
115,229,23.846853,38.022273
115,230,23.846224,38.022391
115,231,23.845583,38.022483
115,232,23.845333,38.022522
115,233,23.845092,38.02254
115,234,23.845092,38.022552
115,235,23.844763,38.02259
115,236,23.844432,38.022682
115,237,23.843763,38.022742
115,238,23.842703,38.022705
115,239,23.843103,38.022575
115,240,23.843454,38.022506
115,241,23.843765,38.022468
115,242,23.844515,38.022349
115,243,23.844625,38.022399
115,244,23.844076,38.022399
115,245,23.843756,38.022448
115,246,23.843386,38.02246
115,247,23.843086,38.02254
115,248,23.842966,38.022571
115,249,23.842966,38.022571
115,250,23.842726,38.02262
115,251,23.843006,38.022682
115,252,23.843897,38.022662
115,253,23.844877,38.022502
115,254,23.845688,38.02241
115,255,23.846518,38.022292
115,256,23.847357,38.022144
115,257,23.848217,38.022182
115,258,23.849166,38.02201
115,259,23.850188,38.021811
115,260,23.851168,38.021694
115,261,23.852167,38.021553
115,262,23.853087,38.021423
115,263,23.854046,38.021304
115,264,23.854607,38.021224
115,265,23.855627,38.021106
115,266,23.857126,38.020854
115,267,23.858517,38.020633
115,268,23.860016,38.020262
115,269,23.861166,38.019973
115,270,23.862496,38.019362
115,271,23.864826,38.017791
115,272,23.865956,38.016902
115,273,23.866875,38.01628
115,274,23.868025,38.017951
115,275,23.870994,38.017772
115,276,23.872006,38.017672
115,277,23.872015,38.017672
115,278,23.871824,38.015864
115,279,23.871106,38.011394
115,280,23.870936,38.008132
115,281,23.871755,38.005851
115,282,23.871716,38.005622
115,283,23.868866,38.00574
115,284,23.867617,38.005931
115,285,23.867598,38.005931
115,286,23.867468,38.00529
115,287,23.867298,38.002929
115,288,23.866397,38.00069
115,289,23.866117,38.000041
115,290,23.865368,37.998752
115,291,23.866897,37.997722
115,292,23.871277,37.995662
115,293,23.874456,37.992583
115,294,23.878267,37.990074
115,295,23.880506,37.989222
115,296,23.881277,37.990161
115,297,23.881286,37.990161
115,298,23.881477,37.990261
115,299,23.881828,37.99052
115,300,23.881828,37.99052
115,301,23.881998,37.990631
115,302,23.881887,37.990581
115,303,23.881357,37.990161
115,304,23.881317,37.99015
115,305,23.881447,37.990112
115,306,23.881836,37.990493
115,307,23.882156,37.990763
115,308,23.881846,37.992114
115,309,23.881086,37.994853
115,310,23.880235,37.997852
115,311,23.880525,38.000892
115,312,23.880745,38.002361
115,313,23.880794,38.003032
115,314,23.880813,38.003162
115,315,23.880813,38.003193
115,316,23.880833,38.003482
115,317,23.880833,38.003574
115,318,23.880842,38.003665
115,319,23.880032,38.003665
115,320,23.878132,38.003714
115,321,23.875973,38.003966
115,322,23.874513,38.004466
115,323,23.875633,38.005237
115,324,23.876863,38.005618
115,325,23.877054,38.006038
115,326,23.877385,38.006549
115,327,23.877933,38.006778
115,328,23.878463,38.006679
115,329,23.878602,38.00645
115,330,23.878252,38.00598
115,331,23.878182,38.00592
115,332,23.878171,38.00603
115,333,23.878252,38.005939
115,334,23.878471,38.006038
115,335,23.878471,38.006038
115,336,23.878641,38.006309
115,337,23.878261,38.006709
115,338,23.877571,38.00672
115,339,23.877071,38.005942
115,340,23.876871,38.005634
115,341,23.87561,38.005313
115,342,23.87447,38.004561
115,343,23.875829,38.004073
115,344,23.878259,38.003833
115,345,23.880089,38.003803
115,346,23.880739,38.003661
115,347,23.88064,38.002593
115,348,23.880301,38.000183
115,349,23.88069,37.996211
115,350,23.881889,37.991882
115,351,23.881988,37.99068
115,352,23.881957,37.990561
115,353,23.881859,37.990493
115,354,23.881858,37.990504
115,355,23.88143,37.990153
115,356,23.88129,37.990054
115,357,23.88126,37.990054
115,358,23.88119,37.989905
115,359,23.880579,37.989284
115,360,23.879869,37.989135
115,361,23.877449,37.990615
115,362,23.873998,37.993026
115,363,23.872029,37.995357
115,364,23.870699,37.995875
115,365,23.870289,37.995975
115,366,23.866959,37.997695
115,367,23.863029,37.999576
115,368,23.85915,38.001746
115,369,23.85784,38.003966
115,370,23.858169,38.006156
115,371,23.8582,38.006305
115,372,23.858259,38.006534
115,373,23.85833,38.006744
115,374,23.85833,38.006755
115,375,23.858469,38.007175
115,376,23.858429,38.007255
115,377,23.858429,38.007365
115,378,23.859809,38.007335
115,379,23.86029,38.007274
115,380,23.860679,38.008075
115,381,23.861081,38.010364
115,382,23.860621,38.012465
115,383,23.860361,38.014568
115,384,23.860331,38.017768
115,385,23.860349,38.019858
115,386,23.860349,38.01992
115,387,23.86009,38.021659
115,388,23.85959,38.02375
115,389,23.85959,38.02375
115,390,23.85924,38.024028
115,391,23.8563,38.024619
115,392,23.853229,38.025291
115,393,23.850701,38.026111
115,394,23.850151,38.026283
115,395,23.847521,38.027153
115,396,23.84473,38.028793
115,397,23.84341,38.027541
115,398,23.841991,38.027633
115,399,23.839441,38.028732
115,400,23.838611,38.02909
115,401,23.838611,38.02909
115,402,23.838001,38.029369
115,403,23.837992,38.02938
115,404,23.837391,38.029639
115,405,23.837391,38.029651
115,406,23.837012,38.029479
115,407,23.835821,38.027827
115,408,23.834251,38.026268
115,409,23.8332,38.024917
115,410,23.832679,38.025077
115,411,23.832261,38.025268
115,412,23.831739,38.025569
115,413,23.830799,38.026057
115,414,23.83041,38.026278
115,415,23.82294,38.03239
115,416,23.822531,38.032741
115,417,23.822271,38.033011
115,418,23.822271,38.032974
115,419,23.822311,38.032924
115,420,23.822271,38.032985
115,421,23.82241,38.032947
115,422,23.82225,38.033107
115,423,23.82087,38.034297
115,424,23.82011,38.034968
115,425,23.81893,38.03606
115,426,23.818791,38.036041
115,427,23.81868,38.036132
115,428,23.81868,38.036143
115,429,23.819069,38.035842
115,430,23.819989,38.034992
115,431,23.820598,38.034503
115,432,23.821369,38.033863
115,433,23.82148,38.033732
115,434,23.822609,38.032752
115,435,23.822948,38.032443
115,436,23.823219,38.032734
115,437,23.822908,38.032985
115,438,23.822748,38.033095
115,439,23.822587,38.033286
115,440,23.822578,38.033286
115,441,23.823059,38.032775
115,442,23.82321,38.032577
115,443,23.823259,38.032546
115,444,23.82939,38.027476
115,445,23.830189,38.026958
115,446,23.829948,38.027068
115,447,23.830439,38.02663
115,448,23.830439,38.026618
115,449,23.830639,38.026499
115,450,23.831459,38.026011
115,451,23.83235,38.025581
115,452,23.83283,38.02486
115,453,23.833141,38.02486
115,454,23.833822,38.025561
115,455,23.833822,38.02558
115,456,23.834001,38.025939
115,457,23.834251,38.026218
115,458,23.836092,38.028079
115,459,23.837081,38.028251
115,460,23.838992,38.027499
115,461,23.841881,38.02616
115,462,23.843152,38.026469
115,463,23.843971,38.025981
115,464,23.84399,38.025981
115,465,23.84431,38.02584
115,466,23.84762,38.025241
115,467,23.849831,38.025691
115,468,23.851989,38.02566
115,469,23.85566,38.024722
115,470,23.859249,38.02397
115,471,23.859339,38.02396
115,472,23.859909,38.022239
115,473,23.860359,38.01863
115,474,23.8603,38.014689
115,475,23.85981,38.01176
115,476,23.85768,38.011821
115,477,23.857159,38.009681
115,478,23.858158,38.00891
115,479,23.858078,38.00869
115,480,23.858097,38.008651
115,481,23.857866,38.00838
115,482,23.857827,38.008319
115,483,23.857515,38.008029
115,484,23.857496,38.008017
115,485,23.857885,38.007667
115,486,23.858385,38.007575
115,487,23.861745,38.006995
115,488,23.861866,38.005713
115,489,23.861876,38.004253
115,490,23.861326,38.003043
115,491,23.861995,38.000651
115,492,23.862116,37.99998
115,493,23.862116,37.999969
115,494,23.864725,37.998878
115,495,23.868376,37.996909
115,496,23.871817,37.995429
115,497,23.874197,37.99277
115,498,23.877527,37.990539
115,499,23.880367,37.989028
115,500,23.881438,37.99015
115,501,23.881788,37.99047
115,502,23.881838,37.99047
115,503,23.881998,37.990561
115,504,23.881948,37.990561
115,505,23.881929,37.990592
115,506,23.881368,37.990153
115,507,23.881338,37.990234
115,508,23.881578,37.990424
115,509,23.881889,37.990623
115,510,23.882058,37.990771
115,511,23.882049,37.99155
115,512,23.88133,37.994159
115,513,23.88048,37.9972
115,514,23.88036,38.000178
115,515,23.88077,38.00254
115,516,23.88204,38.00249
115,517,23.88237,38.00246
115,518,23.882999,38.00244
115,519,23.88485,38.001769
115,520,23.884619,38.00304
115,521,23.884578,38.00344
115,522,23.884058,38.00344
115,523,23.883158,38.003582
115,524,23.881977,38.003742
115,525,23.881027,38.003752
115,526,23.879368,38.003783
115,527,23.877487,38.003783
115,528,23.875846,38.004085
115,529,23.874297,38.004547
115,530,23.872137,38.005195
115,531,23.872106,38.005206
115,532,23.872106,38.006408
115,533,23.870836,38.008728
115,534,23.871286,38.011897
115,535,23.871827,38.015338
115,536,23.872177,38.017307
115,537,23.870167,38.017867
115,538,23.869017,38.017997
115,539,23.867866,38.017658
115,540,23.867067,38.016387
115,541,23.866207,38.016696
115,542,23.865686,38.017257
115,543,23.865236,38.017665
115,544,23.864756,38.018065
115,545,23.863936,38.018657
115,546,23.862365,38.019569
115,547,23.861696,38.01987
115,548,23.860965,38.020148
115,549,23.860025,38.020339
115,550,23.859186,38.020561
115,551,23.858097,38.020732
115,552,23.857067,38.020903
115,553,23.856017,38.021083
115,554,23.855086,38.021201
115,555,23.854104,38.02135
115,556,23.853245,38.021441
115,557,23.853014,38.02148
115,558,23.852333,38.021591
115,559,23.851632,38.021701
115,560,23.850964,38.021793
115,561,23.850334,38.021892
115,562,23.849675,38.021991
115,563,23.849055,38.022082
115,564,23.848345,38.022071
115,565,23.847694,38.022162
115,566,23.847014,38.022273
115,567,23.846144,38.022433
115,568,23.845244,38.022532
115,569,23.844463,38.022682
115,570,23.843772,38.022731
115,571,23.843064,38.022761
115,572,23.842804,38.022662
115,573,23.843284,38.022582
115,574,23.843445,38.022552
115,575,23.843445,38.02254
115,576,23.844074,38.022441
115,577,23.844774,38.022331
115,578,23.845045,38.022281
115,579,23.845245,38.022312
115,580,23.845106,38.02233
115,581,23.845846,38.022212
115,582,23.845495,38.022201
115,583,23.844745,38.022319
115,584,23.843827,38.02246
115,585,23.842916,38.022601
115,586,23.842966,38.022712
115,587,23.843937,38.022693
115,588,23.844896,38.022574
115,589,23.845896,38.022483
115,590,23.846876,38.022334
115,591,23.847736,38.022216
115,592,23.848526,38.022147
115,593,23.849476,38.022079
115,594,23.850286,38.021938
115,595,23.851137,38.021819
115,596,23.852037,38.021689
115,597,23.852848,38.02159
115,598,23.853718,38.021499
115,599,23.854698,38.021388
115,600,23.855428,38.021258
115,601,23.855589,38.021209
115,602,23.856508,38.02106
115,603,23.857649,38.02087
115,604,23.858518,38.020751
115,605,23.860058,38.02024
115,606,23.861078,38.020042
115,607,23.861738,38.019771
115,608,23.862678,38.019301
115,609,23.864939,38.01781
115,610,23.865759,38.017139
115,611,23.866339,38.016529
115,612,23.867588,38.016887
115,613,23.869207,38.017967
115,614,23.872078,38.017696
115,615,23.871828,38.015975
115,616,23.871249,38.012294
115,617,23.870839,38.009635
115,618,23.871967,38.006717
115,619,23.871356,38.005329
115,620,23.867776,38.005919
115,621,23.867607,38.00595
115,622,23.867527,38.005199
115,623,23.867267,38.002807
115,624,23.866277,38.000346
115,625,23.865337,37.998676
115,626,23.865318,37.998637
115,627,23.868338,37.996959
115,628,23.870068,37.995978
115,629,23.872507,37.995009
115,630,23.874557,37.99253
115,631,23.877197,37.990772
115,632,23.880408,37.989112
115,633,23.881557,37.990314
115,634,23.881968,37.990623
115,635,23.881897,37.990611
115,636,23.881357,37.990192
115,637,23.881357,37.990161
115,638,23.881367,37.990161
115,639,23.881216,37.989772
115,640,23.880597,37.98915
115,641,23.880507,37.989139
115,642,23.880377,37.989177
115,643,23.880318,37.989139
115,644,23.879488,37.98944
115,645,23.876898,37.9911
115,646,23.873799,37.9934
115,647,23.872309,37.995311
115,648,23.870699,37.99599
115,649,23.870387,37.99607
115,650,23.867638,37.997451
115,651,23.864437,37.999171
115,652,23.860968,38.000602
115,653,23.858078,38.002463
115,654,23.857918,38.004543
115,655,23.858398,38.006813
115,656,23.858429,38.007633
115,657,23.856519,38.008223
115,658,23.853939,38.009002
115,659,23.85026,38.009642
115,660,23.84734,38.010131
115,661,23.84556,38.010432
115,662,23.84293,38.010753
115,663,23.839119,38.011504
115,664,23.836088,38.012866
115,665,23.834808,38.013167
115,666,23.833599,38.013408
115,667,23.833579,38.013408
115,668,23.83337,38.013446
115,669,23.83127,38.013865
115,670,23.83041,38.014064
115,671,23.829411,38.014102
115,672,23.82843,38.014114
115,673,23.82831,38.014113
115,674,23.82782,38.014125
115,675,23.82671,38.014087
115,676,23.826109,38.014076
115,677,23.825838,38.014057
115,678,23.824608,38.013995
115,679,23.823543,38.013919
115,680,23.823534,38.01395
115,681,23.822273,38.013831
115,682,23.819603,38.013892
115,683,23.818382,38.013523
115,684,23.817583,38.013232
115,685,23.817293,38.013053
115,686,23.817003,38.012881
115,687,23.816323,38.012671
115,688,23.815431,38.012473
115,689,23.815231,38.012435
115,690,23.814072,38.012206
115,691,23.813097,38.011947
115,692,23.812758,38.011897
115,693,23.811367,38.011576
115,694,23.810436,38.011336
115,695,23.809835,38.011158
115,696,23.809235,38.010917
115,697,23.8092,38.010898
115,698,23.809049,38.010836
115,699,23.808529,38.010566
115,700,23.808008,38.010314
115,701,23.807839,38.010253
115,702,23.807518,38.010105
115,703,23.807348,38.010036
115,704,23.806759,38.009734
115,705,23.806579,38.009624
115,706,23.80527,38.009063
115,707,23.80514,38.009013
115,708,23.805123,38.009006
115,709,23.804522,38.008754
115,710,23.804291,38.008636
115,711,23.803871,38.008476
115,712,23.803011,38.008174
115,713,23.802422,38.007842
115,714,23.80227,38.007792
115,715,23.80207,38.007724
115,716,23.800991,38.007385
115,717,23.800581,38.007305
115,718,23.799441,38.007033
115,719,23.79935,38.007102
115,720,23.79911,38.007003
115,721,23.79779,38.006522
115,722,23.79735,38.006382
115,723,23.79702,38.006301
115,724,23.79606,38.006022
115,725,23.79566,38.005794
115,726,23.794911,38.005252
115,727,23.794521,38.005023
115,728,23.79429,38.004813
115,729,23.79409,38.004592
115,730,23.793871,38.004512
115,731,23.79352,38.004321
115,732,23.79343,38.004272
115,733,23.792351,38.003402
115,734,23.79186,38.002921
115,735,23.791682,38.002761
115,736,23.791031,38.002441
115,737,23.79071,38.002349
115,738,23.79056,38.002311
115,739,23.78931,38.001903
115,740,23.78829,38.001571
115,741,23.78812,38.00151
115,742,23.78723,38.001109
115,743,23.78641,38.00064
115,744,23.784769,37.999599
115,745,23.784629,37.999488
115,746,23.783519,37.998569
115,747,23.78137,37.996947
115,748,23.77982,37.995978
115,749,23.77962,37.995861
115,750,23.77743,37.994349
115,751,23.77454,37.992439
115,752,23.77202,37.99137
115,753,23.77079,37.990532
115,754,23.76907,37.98928
115,755,23.76651,37.987739
115,756,23.765649,37.986999
115,757,23.765021,37.986667
115,758,23.76306,37.986038
115,759,23.761049,37.985099
115,760,23.76025,37.984958
115,761,23.759029,37.983817
115,762,23.75724,37.982818
115,763,23.7565,37.982356
115,764,23.755431,37.981338
115,765,23.754111,37.980018
115,766,23.75391,37.979919
115,767,23.75379,37.980018
115,768,23.75384,37.979968
115,769,23.753278,37.979339
115,770,23.752369,37.978568
115,771,23.752329,37.978538
115,772,23.75137,37.977729
115,773,23.749519,37.976421
115,774,23.749519,37.976409
115,775,23.75022,37.976768
115,776,23.751739,37.977859
115,777,23.753669,37.979529
115,778,23.755899,37.981761
115,779,23.758999,37.983883
115,780,23.759689,37.984473
115,781,23.76228,37.985584
115,782,23.76309,37.985874
115,783,23.764321,37.985885
115,784,23.76633,37.987056
115,785,23.76857,37.989047
115,786,23.771021,37.990726
115,787,23.77227,37.991405
115,788,23.775631,37.992896
115,789,23.778721,37.995075
115,790,23.78084,37.996326
115,791,23.78342,37.998225
115,792,23.78602,38.000167
115,793,23.78964,38.001739
115,794,23.79225,38.002967
115,795,23.79307,38.003596
115,796,23.79558,38.005477
115,797,23.79968,38.006877
115,798,23.803952,38.008197
115,799,23.807852,38.009997
115,800,23.81223,38.011417
115,801,23.816701,38.012477
115,802,23.818841,38.013087
115,803,23.820973,38.013537
115,804,23.824703,38.013709
115,805,23.829193,38.01382
115,806,23.833153,38.013229
115,807,23.837343,38.01208
115,808,23.841573,38.01076
115,809,23.845715,38.010272
115,810,23.850565,38.009414
115,811,23.855015,38.008502
115,812,23.855274,38.007202
115,813,23.855955,38.006072
115,814,23.856245,38.006152
115,815,23.856245,38.006164
115,816,23.856445,38.006984
115,817,23.855184,38.006874
115,818,23.855785,38.005645
115,819,23.856316,38.004337
115,820,23.857456,38.002658
115,821,23.860926,38.00048
115,822,23.864697,37.998908
115,823,23.868436,37.996868
115,824,23.870068,37.995998
115,825,23.872827,37.99469
115,826,23.876497,37.991229
115,827,23.881318,37.988368
115,828,23.882927,37.987239
115,829,23.882606,37.98601
115,830,23.882406,37.985369
115,831,23.882376,37.98537
