116,1,23.882664,37.986014
116,2,23.882993,37.987174
116,3,23.883025,37.987693
116,4,23.880834,37.988654
116,5,23.880825,37.989455
116,6,23.881294,37.990127
116,7,23.881294,37.990138
116,8,23.881763,37.990439
116,9,23.881804,37.990451
116,10,23.881844,37.990462
116,11,23.882075,37.990543
116,12,23.881923,37.990542
116,13,23.881402,37.990172
116,14,23.881373,37.990134
116,15,23.880802,37.989646
116,16,23.879982,37.989158
116,17,23.877882,37.990409
116,18,23.875232,37.99221
116,19,23.873592,37.993721
116,20,23.872072,37.995399
116,21,23.870503,37.99599
116,22,23.867253,37.997611
116,23,23.863873,37.999332
116,24,23.860333,38.000941
116,25,23.857912,38.00278
116,26,23.857822,38.00405
116,27,23.857823,38.004352
116,28,23.857842,38.00458
116,29,23.857842,38.00468
116,30,23.85786,38.004939
116,31,23.85788,38.004951
116,32,23.857929,38.005332
116,33,23.85796,38.005462
116,34,23.857969,38.0055
116,35,23.85808,38.00584
116,36,23.85808,38.005851
116,37,23.85816,38.00611
116,38,23.85821,38.006259
116,39,23.858229,38.006339
116,40,23.858349,38.006748
116,41,23.858358,38.006759
116,42,23.858439,38.007018
116,43,23.858478,38.007148
116,44,23.858469,38.007167
116,45,23.858399,38.007568
116,46,23.856508,38.008128
116,47,23.854109,38.00885
116,48,23.850128,38.00957
116,49,23.846338,38.010193
116,50,23.843227,38.010593
116,51,23.839497,38.011192
116,52,23.837588,38.012103
116,53,23.835777,38.012813
116,54,23.835576,38.012862
116,55,23.835016,38.012981
116,56,23.834356,38.013122
116,57,23.834146,38.013172
116,58,23.833786,38.013252
116,59,23.833367,38.013332
116,60,23.832346,38.013572
116,61,23.831756,38.013682
116,62,23.831347,38.013774
116,63,23.829777,38.013996
116,64,23.829496,38.013995
116,65,23.828846,38.013995
116,66,23.828146,38.013995
116,67,23.827076,38.014007
116,68,23.825975,38.013958
116,69,23.825485,38.013926
116,70,23.824705,38.013847
116,71,23.822994,38.013748
116,72,23.822924,38.013748
116,73,23.822393,38.013717
116,74,23.820013,38.013526
116,75,23.817232,38.012694
116,76,23.816862,38.012626
116,77,23.815033,38.012175
116,78,23.814712,38.012114
116,79,23.814173,38.011886
116,80,23.813953,38.011847
116,81,23.813824,38.011848
116,82,23.813354,38.011768
116,83,23.812664,38.011626
116,84,23.812454,38.011588
116,85,23.812395,38.011588
116,86,23.811186,38.011318
116,87,23.810926,38.011268
116,88,23.810656,38.011207
116,89,23.810215,38.011115
116,90,23.809546,38.010916
116,91,23.809036,38.010707
116,92,23.808487,38.010455
116,93,23.808477,38.010455
116,94,23.808298,38.010376
116,95,23.807388,38.009956
116,96,23.805739,38.009166
116,97,23.804909,38.008785
116,98,23.804828,38.008747
116,99,23.804129,38.008445
116,100,23.803308,38.008144
116,101,23.803228,38.008125
116,102,23.802707,38.007926
116,103,23.802437,38.007815
116,104,23.802067,38.007655
116,105,23.801546,38.007476
116,106,23.799486,38.007014
116,107,23.797457,38.006366
116,108,23.795926,38.005805
116,109,23.795477,38.005546
116,110,23.795377,38.005485
116,111,23.795337,38.005473
116,112,23.794228,38.004672
116,113,23.793469,38.004112
116,114,23.793139,38.003852
116,115,23.793058,38.003784
116,116,23.792948,38.003692
116,117,23.793046,38.003531
116,118,23.792366,38.003181
116,119,23.791586,38.003952
116,120,23.789606,38.00563
116,121,23.788076,38.00698
116,122,23.787435,38.007548
116,123,23.787395,38.007567
116,124,23.786646,38.008197
116,125,23.786146,38.008926
116,126,23.785967,38.009166
116,127,23.785516,38.009418
116,128,23.785458,38.009498
116,129,23.785288,38.009528
116,130,23.785278,38.00954
116,131,23.785309,38.00954
116,132,23.784948,38.009281
116,133,23.784948,38.009311
116,134,23.784878,38.009231
116,135,23.784807,38.00917
116,136,23.785097,38.008991
116,137,23.785257,38.008952
116,138,23.785427,38.008861
116,139,23.785427,38.008861
116,140,23.785837,38.008632
116,141,23.785867,38.008621
116,142,23.786188,38.008422
116,143,23.786207,38.008422
116,144,23.786447,38.008223
116,145,23.786518,38.008193
116,146,23.786878,38.007884
116,147,23.786869,38.007865
116,148,23.786928,38.007637
116,149,23.786438,38.006908
116,150,23.785738,38.005958
116,151,23.785007,38.004966
116,152,23.784249,38.003867
116,153,23.784218,38.003829
116,154,23.783888,38.003368
116,155,23.783857,38.003329
116,156,23.783838,38.00331
116,157,23.783567,38.002959
116,158,23.783567,38.002948
116,159,23.783536,38.002807
116,160,23.783877,38.002555
116,161,23.784116,38.002414
116,162,23.784277,38.002365
116,163,23.784478,38.002284
116,164,23.785158,38.001926
116,165,23.785168,38.001926
116,166,23.785488,38.001777
116,167,23.785497,38.001796
116,168,23.785908,38.001605
116,169,23.785948,38.001605
116,170,23.786178,38.001495
116,171,23.786589,38.001285
116,172,23.786598,38.001296
116,173,23.786898,38.001166
116,174,23.786938,38.001105
116,175,23.787289,38.000988
116,176,23.789598,38.001789
116,177,23.792438,38.003227
116,178,23.793318,38.003855
116,179,23.794918,38.005046
116,180,23.795279,38.005298
116,181,23.798818,38.006679
116,182,23.803198,38.00793
116,183,23.805078,38.008621
116,184,23.808119,38.010081
116,185,23.811119,38.0111
116,186,23.811149,38.011119
116,187,23.81212,38.011348
116,188,23.815281,38.012077
116,189,23.816542,38.012416
116,190,23.817282,38.012626
116,191,23.818371,38.012977
116,192,23.81855,38.013076
116,193,23.821039,38.013564
116,194,23.82312,38.013644
116,195,23.82646,38.013843
116,196,23.83032,38.013804
116,197,23.834092,38.013076
116,198,23.836141,38.012607
116,199,23.83694,38.012275
116,200,23.83716,38.012164
116,201,23.837629,38.011943
116,202,23.837849,38.011851
116,203,23.838059,38.011752
116,204,23.838258,38.011661
116,205,23.838508,38.011542
116,206,23.838678,38.011462
116,207,23.838989,38.011302
116,208,23.839109,38.011253
116,209,23.83939,38.011134
116,210,23.84024,38.010894
116,211,23.840959,38.010814
116,212,23.841259,38.010764
116,213,23.84174,38.010703
116,214,23.842498,38.010623
116,215,23.844358,38.010413
116,216,23.845919,38.010192
116,217,23.846908,38.010032
116,218,23.849209,38.0096
116,219,23.853079,38.00896
116,220,23.855039,38.008418
116,221,23.855169,38.006949
116,222,23.855811,38.005889
116,223,23.85639,38.004951
116,224,23.856131,38.003581
116,225,23.857331,38.002662
116,226,23.860611,38.00064
116,227,23.864921,37.998729
116,228,23.869232,37.996287
116,229,23.872883,37.994579
116,230,23.875913,37.991557
116,231,23.879314,37.989368
116,232,23.880906,37.989589
116,233,23.881385,37.990078
116,234,23.881405,37.990107
