117,1,23.931112,37.838836
117,2,23.930703,37.839427
117,3,23.931131,37.840347
117,4,23.931321,37.841186
117,5,23.929232,37.843127
117,6,23.928862,37.846267
117,7,23.928921,37.849788
117,8,23.929481,37.852519
117,9,23.930432,37.856701
117,10,23.931211,37.86082
117,11,23.931523,37.860889
117,12,23.931563,37.861629
117,13,23.930193,37.865439
117,14,23.929644,37.869911
117,15,23.931244,37.872951
117,16,23.930013,37.87601
117,17,23.927763,37.879859
117,18,23.925373,37.883911
117,19,23.924173,37.886241
117,20,23.922623,37.88787
117,21,23.920424,37.89022
117,22,23.917183,37.892398
117,23,23.912934,37.89508
117,24,23.908382,37.898021
117,25,23.904792,37.900592
117,26,23.899303,37.901363
117,27,23.895464,37.903083
117,28,23.895365,37.903175
117,29,23.894856,37.903736
117,30,23.894335,37.906444
117,31,23.894834,37.910754
117,32,23.893894,37.915226
117,33,23.891375,37.919437
117,34,23.887724,37.922385
117,35,23.883595,37.924487
117,36,23.885894,37.928039
117,37,23.883305,37.931479
117,38,23.879915,37.934711
117,39,23.875625,37.938812
117,40,23.870735,37.942962
117,41,23.865906,37.946502
117,42,23.863445,37.949131
117,43,23.863636,37.950431
117,44,23.864586,37.95124
117,45,23.866306,37.951839
117,46,23.870777,37.9519
117,47,23.875267,37.952671
117,48,23.879927,37.953441
117,49,23.884536,37.954509
117,50,23.888357,37.956328
117,51,23.893717,37.95806
117,52,23.897017,37.961661
117,53,23.900707,37.962841
117,54,23.904297,37.963611
117,55,23.907226,37.964301
117,56,23.906326,37.965763
117,57,23.905926,37.967922
117,58,23.905566,37.970871
117,59,23.903974,37.974182
117,60,23.900434,37.976963
117,61,23.896254,37.979652
117,62,23.892103,37.982391
117,63,23.887434,37.985382
117,64,23.883203,37.98767
117,65,23.880474,37.98912
117,66,23.881193,37.989821
117,67,23.881224,37.98981
117,68,23.881613,37.99026
117,69,23.881793,37.990432
117,70,23.881841,37.990443
117,71,23.882132,37.990561
117,72,23.881912,37.990561
117,73,23.881562,37.990283
117,74,23.881302,37.990142
117,75,23.881292,37.990112
117,76,23.881373,37.990073
117,77,23.882063,37.990585
117,78,23.881982,37.991436
117,79,23.881403,37.993564
117,80,23.880653,37.996245
117,81,23.880154,37.998904
117,82,23.880623,38.001205
117,83,23.881052,38.002383
117,84,23.882433,38.002304
117,85,23.884103,38.001903
117,86,23.884653,38.002143
117,87,23.884363,38.003425
117,88,23.884333,38.003714
117,89,23.884902,38.004417
117,90,23.886093,38.005767
117,91,23.886753,38.006996
117,92,23.887643,38.008006
117,93,23.889315,38.009155
117,94,23.891775,38.010425
117,95,23.893705,38.010795
117,96,23.894436,38.010894
117,97,23.894565,38.011264
117,98,23.896755,38.011745
117,99,23.899496,38.011825
117,100,23.901846,38.012706
117,101,23.901586,38.013767
117,102,23.901886,38.015155
117,103,23.901867,38.015765
117,104,23.901358,38.015716
117,105,23.900868,38.015857
117,106,23.900596,38.016098
117,107,23.900667,38.016108
117,108,23.901028,38.015788
117,109,23.901158,38.015697
117,110,23.901848,38.015678
117,111,23.901848,38.015678
117,112,23.901668,38.013897
117,113,23.900829,38.012008
117,114,23.896869,38.011756
117,115,23.894609,38.010997
117,116,23.89358,38.010886
117,117,23.89089,38.009997
117,118,23.888439,38.008788
117,119,23.886659,38.006999
117,120,23.885398,38.00497
117,121,23.884189,38.003978
117,122,23.883579,38.003547
117,123,23.883178,38.003616
117,124,23.882618,38.003726
117,125,23.881668,38.003738
117,126,23.881088,38.003749
117,127,23.880817,38.002029
117,128,23.880297,37.998397
117,129,23.881317,37.994327
117,130,23.882236,37.990726
117,131,23.881667,37.991615
117,132,23.881726,37.991603
117,133,23.881605,37.991603
117,134,23.881985,37.990554
117,135,23.881975,37.990554
117,136,23.881935,37.990535
117,137,23.881965,37.990546
117,138,23.881935,37.990508
117,139,23.881904,37.990527
117,140,23.882025,37.991157
117,141,23.881544,37.992957
117,142,23.880844,37.995559
117,143,23.880144,37.998279
117,144,23.880464,38.000648
117,145,23.880634,38.001899
117,146,23.880653,38.00196
117,147,23.880753,38.002368
117,148,23.881992,38.002349
117,149,23.883723,38.00209
117,150,23.884622,38.00164
117,151,23.884583,38.00262
117,152,23.884403,38.003429
117,153,23.884394,38.00418
117,154,23.885794,38.00534
117,155,23.886744,38.007071
117,156,23.887853,38.008373
117,157,23.889654,38.009402
117,158,23.892143,38.010742
117,159,23.894284,38.010852
117,160,23.895863,38.011603
117,161,23.898493,38.011794
117,162,23.901323,38.012256
117,163,23.901623,38.013557
117,164,23.901943,38.015098
117,165,23.901943,38.015789
117,166,23.901764,38.015697
117,167,23.901163,38.015697
117,168,23.901024,38.015827
117,169,23.901043,38.015827
117,170,23.900903,38.015945
117,171,23.900734,38.016105
117,172,23.900724,38.016117
117,173,23.900965,38.015827
117,174,23.901895,38.015266
117,175,23.901885,38.013195
117,176,23.899845,38.011844
117,177,23.895614,38.011615
117,178,23.894564,38.011005
117,179,23.894564,38.011005
117,180,23.893494,38.010894
117,181,23.890422,38.009784
117,182,23.887853,38.008422
117,183,23.886235,38.006244
117,184,23.884624,38.004455
117,185,23.883955,38.004005
117,186,23.883545,38.003696
117,187,23.882746,38.003806
117,188,23.882305,38.003825
117,189,23.881466,38.003856
117,190,23.881417,38.003856
117,191,23.880987,38.003856
117,192,23.880968,38.003867
117,193,23.879718,38.003867
117,194,23.877388,38.003868
117,195,23.876839,38.002418
117,196,23.876049,38.000129
117,197,23.875479,37.998328
117,198,23.875749,37.996837
117,199,23.8759,37.993968
117,200,23.874941,37.992678
117,201,23.87491,37.992659
117,202,23.875521,37.991881
117,203,23.879761,37.989173
117,204,23.881321,37.990024
117,205,23.8817,37.990443
117,206,23.88174,37.990482
117,207,23.882021,37.990642
117,208,23.881881,37.990612
117,209,23.881373,37.990211
117,210,23.881292,37.990131
117,211,23.881292,37.990119
117,212,23.881202,37.989929
117,213,23.880123,37.989047
117,214,23.878264,37.990157
117,215,23.875574,37.991916
117,216,23.874843,37.992396
117,217,23.873542,37.990775
117,218,23.872003,37.989856
117,219,23.869864,37.990745
117,220,23.871303,37.992156
117,221,23.871233,37.994487
117,222,23.870253,37.995647
117,223,23.870283,37.995925
117,224,23.867563,37.997386
117,225,23.864453,37.999038
117,226,23.860961,38.000476
117,227,23.858153,38.002307
117,228,23.857921,38.003608
117,229,23.858273,38.006198
117,230,23.858603,38.007369
117,231,23.856842,38.00801
117,232,23.853591,38.008941
117,233,23.848843,38.009772
117,234,23.845263,38.010341
117,235,23.842493,38.010662
117,236,23.838783,38.011531
117,237,23.836603,38.012591
117,238,23.835284,38.01295
117,239,23.834472,38.013122
117,240,23.834454,38.013122
117,241,23.833284,38.013373
117,242,23.832144,38.013614
117,243,23.831055,38.013842
117,244,23.831035,38.014003
117,245,23.831316,38.014175
117,246,23.831546,38.014305
117,247,23.832037,38.014556
117,248,23.832107,38.014537
117,249,23.832906,38.014377
117,250,23.833138,38.014338
117,251,23.833288,38.01424
117,252,23.833098,38.013919
117,253,23.833098,38.013771
117,254,23.833067,38.013808
117,255,23.833067,38.01382
117,256,23.833107,38.0139
117,257,23.833217,38.0139
117,258,23.833217,38.0139
117,259,23.833198,38.013782
117,260,23.833099,38.013591
117,261,23.833099,38.01358
117,262,23.835079,38.012889
117,263,23.839189,38.011268
117,264,23.845061,38.010429
117,265,23.85121,38.009361
117,266,23.853961,38.008861
117,267,23.85496,38.00748
117,268,23.855879,38.005939
117,269,23.856329,38.004657
117,270,23.856699,38.003005
117,271,23.856779,38.002894
117,272,23.856779,38.002894
117,273,23.857079,38.002765
117,274,23.857138,38.002765
117,275,23.857878,38.002444
117,276,23.860949,38.000484
117,277,23.864978,37.998774
117,278,23.869028,37.996474
117,279,23.869928,37.996066
117,280,23.872069,37.995326
117,281,23.875078,37.992195
117,282,23.877388,37.990677
117,283,23.880108,37.989025
117,284,23.881477,37.990314
117,285,23.881758,37.990535
117,286,23.881767,37.990535
117,287,23.881878,37.990604
117,288,23.881897,37.990585
117,289,23.882047,37.990615
117,290,23.881909,37.990554
117,291,23.88152,37.990203
117,292,23.88134,37.990073
117,293,23.88132,37.990085
117,294,23.881472,37.990073
117,295,23.881851,37.990474
117,296,23.882182,37.990726
117,297,23.88203,37.991446
117,298,23.88149,37.993427
117,299,23.880781,37.995967
117,300,23.880181,37.998477
117,301,23.88048,38.000629
117,302,23.880689,38.002178
117,303,23.88084,38.002399
117,304,23.88217,38.002319
117,305,23.883909,38.00191
117,306,23.88476,38.001861
117,307,23.88463,38.00286
117,308,23.88463,38.00312
117,309,23.88636,38.003509
117,310,23.88995,38.00418
117,311,23.89496,38.00381
117,312,23.900131,38.002979
117,313,23.905762,38.00254
117,314,23.911371,38.00225
117,315,23.9148,37.999511
117,316,23.92103,37.99797
117,317,23.92662,37.997779
117,318,23.93173,37.998569
117,319,23.93611,38.00019
117,320,23.93959,38.00167
117,321,23.94269,38.002559
117,322,23.946409,38.003718
117,323,23.95003,38.00484
117,324,23.953959,38.005691
117,325,23.957538,38.006869
117,326,23.960967,38.00809
117,327,23.964909,38.008311
117,328,23.968769,38.010333
117,329,23.972738,38.011424
117,330,23.975858,38.013705
117,331,23.977829,38.016235
117,332,23.97984,38.018085
117,333,23.979889,38.018104
117,334,23.979899,38.018104
117,335,23.980278,38.018375
117,336,23.981499,38.020206
117,337,23.982649,38.022357
117,338,23.98305,38.024207
117,339,23.983109,38.025317
117,340,23.982458,38.026736
117,341,23.982248,38.028247
117,342,23.983338,38.030108
117,343,23.984546,38.032859
117,344,23.987437,38.035678
117,345,23.990307,38.039256
117,346,23.989107,38.043605
117,347,23.988007,38.047184
117,348,23.986717,38.050922
117,349,23.984347,38.054843
117,350,23.982786,38.058963
117,351,23.981717,38.061492
117,352,23.981787,38.063114
117,353,23.981987,38.065894
117,354,23.982037,38.066375
117,355,23.982037,38.066386
117,356,23.982086,38.067126
117,357,23.982046,38.067268
117,358,23.982226,38.067256
117,359,23.981955,38.066108
117,360,23.981665,38.062499
117,361,23.982904,38.058559
117,362,23.984693,38.053871
117,363,23.987474,38.049072
117,364,23.988705,38.044551
117,365,23.990175,38.040153
117,366,23.988794,38.036464
117,367,23.984675,38.033404
117,368,23.982805,38.029334
117,369,23.983116,38.024455
117,370,23.981435,38.020175
117,371,23.978497,38.017406
117,372,23.975567,38.013485
117,373,23.970297,38.010535
117,374,23.966618,38.009227
117,375,23.962058,38.008017
117,376,23.956898,38.006816
117,377,23.951828,38.005385
117,378,23.946718,38.003825
117,379,23.941998,38.002387
117,380,23.937328,38.000808
117,381,23.931879,37.998619
117,382,23.925638,37.997706
117,383,23.919317,37.998385
117,384,23.913908,37.999767
117,385,23.910757,38.002486
117,386,23.905777,38.002616
117,387,23.900556,38.003066
117,388,23.895557,38.003867
117,389,23.891827,38.004546
117,390,23.890956,38.004546
117,391,23.890087,38.004428
117,392,23.888027,38.004078
117,393,23.884907,38.003616
117,394,23.883817,38.003455
117,395,23.883078,38.003597
117,396,23.882097,38.003715
117,397,23.880968,38.003715
117,398,23.880738,38.002685
117,399,23.880408,38.000194
117,400,23.880796,37.995982
117,401,23.881987,37.991592
117,402,23.881506,37.990203
117,403,23.881326,37.990013
117,404,23.881346,37.990001
117,405,23.881426,37.990199
117,406,23.881946,37.990619
117,407,23.881946,37.990657
117,408,23.882027,37.990695
117,409,23.881928,37.990615
117,410,23.881339,37.990153
117,411,23.881319,37.990153
117,412,23.880968,37.989734
117,413,23.879978,37.989192
117,414,23.878199,37.99026
117,415,23.875698,37.991882
117,416,23.874218,37.99174
117,417,23.872497,37.989799
117,418,23.869987,37.990569
117,419,23.870928,37.991798
117,420,23.872007,37.994037
117,421,23.870297,37.995807
117,422,23.870297,37.995807
117,423,23.870077,37.996085
117,424,23.867387,37.997515
117,425,23.865346,37.998717
117,426,23.866126,38.000019
117,427,23.866707,38.001449
117,428,23.867527,38.00352
117,429,23.867416,38.00566
117,430,23.867426,38.00576
117,431,23.868015,38.005771
117,432,23.870945,38.005271
117,433,23.873964,38.00463
117,434,23.874645,38.004748
117,435,23.875515,38.005279
117,436,23.876785,38.005661
117,437,23.877036,38.006149
117,438,23.877535,38.006778
117,439,23.878185,38.006717
117,440,23.878614,38.006495
117,441,23.878235,38.005985
117,442,23.878185,38.005935
117,443,23.878176,38.006004
117,444,23.878176,38.005966
117,445,23.878496,38.006015
117,446,23.878516,38.006637
117,447,23.877775,38.006835
117,448,23.877254,38.006404
117,449,23.877224,38.006404
117,450,23.877224,38.006434
117,451,23.877224,38.006446
117,452,23.877045,38.005885
117,453,23.876715,38.005695
117,454,23.875105,38.004974
117,455,23.874455,38.004523
117,456,23.876755,38.003863
117,457,23.879324,38.003791
117,458,23.880743,38.002711
117,459,23.880172,37.99874
117,460,23.881292,37.994079
117,461,23.882131,37.99071
117,462,23.881531,37.990169
117,463,23.881312,37.989997
117,464,23.88141,37.990088
117,465,23.88142,37.99023
117,466,23.881929,37.990699
117,467,23.881979,37.99071
117,468,23.882089,37.99071
117,469,23.881929,37.990569
117,470,23.881899,37.990581
117,471,23.881898,37.990482
117,472,23.881548,37.99026
117,473,23.881357,37.99015
117,474,23.881376,37.990119
117,475,23.881456,37.990081
117,476,23.881027,37.989619
117,477,23.880386,37.989051
117,478,23.880266,37.98904
117,479,23.878746,37.989921
117,480,23.876376,37.991462
117,481,23.874716,37.99232
117,482,23.873176,37.99034
117,483,23.871167,37.990112
117,484,23.869236,37.990493
117,485,23.866556,37.988742
117,486,23.865017,37.986312
117,487,23.864826,37.986072
117,488,23.866837,37.985141
117,489,23.867777,37.982223
117,490,23.867028,37.979041
117,491,23.864777,37.977531
117,492,23.863688,37.975952
117,493,23.862688,37.974692
117,494,23.861978,37.973151
117,495,23.862608,37.971592
117,496,23.862408,37.97002
117,497,23.862577,37.968219
117,498,23.863937,37.966011
117,499,23.863697,37.963721
117,500,23.864187,37.961311
117,501,23.862948,37.95882
117,502,23.861347,37.957538
117,503,23.860968,37.956767
117,504,23.862128,37.956168
117,505,23.862137,37.95531
117,506,23.862096,37.955218
117,507,23.861767,37.95544
117,508,23.862007,37.955402
117,509,23.862056,37.95539
117,510,23.862467,37.95608
117,511,23.861166,37.956729
117,512,23.860596,37.957019
117,513,23.859206,37.956107
117,514,23.859035,37.955936
117,515,23.858986,37.955626
117,516,23.860855,37.953025
117,517,23.861805,37.951694
117,518,23.863106,37.949744
117,519,23.864816,37.947383
117,520,23.868415,37.944743
117,521,23.873757,37.940654
117,522,23.878276,37.936283
117,523,23.878927,37.935592
117,524,23.880697,37.933971
117,525,23.884497,37.930339
117,526,23.883907,37.926311
117,527,23.886497,37.92248
117,528,23.891338,37.91941
117,529,23.894299,37.914459
117,530,23.894449,37.909427
117,531,23.894369,37.904666
117,532,23.895038,37.903365
117,533,23.898939,37.901366
117,534,23.90523,37.899776
117,535,23.911009,37.896285
117,536,23.916418,37.892864
117,537,23.921188,37.889343
117,538,23.924398,37.885421
117,539,23.924799,37.88465
117,540,23.926739,37.881363
117,541,23.926229,37.878562
117,542,23.924339,37.875354
117,543,23.922109,37.874423
117,544,23.92251,37.875163
117,545,23.922309,37.875152
117,546,23.92225,37.874293
117,547,23.92511,37.876284
117,548,23.927179,37.880126
117,549,23.928369,37.878578
117,550,23.930749,37.874587
117,551,23.93128,37.873836
117,552,23.93033,37.875514
117,553,23.927669,37.880035
117,554,23.92499,37.884635
117,555,23.923749,37.886974
117,556,23.92013,37.890533
117,557,23.914681,37.893992
117,558,23.90844,37.897994
117,559,23.903139,37.900985
117,560,23.896238,37.902545
117,561,23.895168,37.903376
117,562,23.895168,37.903376
117,563,23.894357,37.905437
117,564,23.894798,37.910605
117,565,23.893078,37.916636
117,566,23.889359,37.922118
117,567,23.883539,37.924907
117,568,23.884868,37.930007
117,569,23.883309,37.933417
117,570,23.885288,37.934379
117,571,23.889069,37.93285
117,572,23.890608,37.93531
117,573,23.892727,37.939918
117,574,23.895388,37.945548
117,575,23.898017,37.950976
117,576,23.900248,37.954746
117,577,23.900407,37.957027
117,578,23.900528,37.959746
117,579,23.900498,37.962615
117,580,23.904078,37.963607
117,581,23.907017,37.964729
117,582,23.906157,37.96714
117,583,23.905607,37.970661
117,584,23.903517,37.974719
117,585,23.898676,37.978141
117,586,23.893767,37.981323
117,587,23.889147,37.984462
117,588,23.884336,37.987132
117,589,23.880355,37.988933
117,590,23.881266,37.990215
117,591,23.881395,37.990363
117,592,23.881386,37.990432
117,593,23.882156,37.990443
117,594,23.882036,37.990394
117,595,23.881956,37.990592
117,596,23.881886,37.990612
117,597,23.881886,37.990623
117,598,23.881555,37.990081
117,599,23.881456,37.990131
117,600,23.881425,37.990051
117,601,23.880707,37.989311
117,602,23.880476,37.989051
117,603,23.880256,37.989051
117,604,23.878607,37.990013
117,605,23.876136,37.991633
117,606,23.874888,37.992423
117,607,23.873657,37.990932
117,608,23.872017,37.989902
117,609,23.869898,37.990802
117,610,23.870638,37.991473
117,611,23.872258,37.993434
117,612,23.870256,37.995604
117,613,23.870315,37.995864
117,614,23.870315,37.995876
117,615,23.869646,37.996295
117,616,23.866706,37.997947
117,617,23.862917,37.999717
117,618,23.859167,38.001846
117,619,23.857937,38.003257
117,620,23.858116,38.005816
117,621,23.858536,38.007278
117,622,23.858554,38.007278
117,623,23.858394,38.007659
117,624,23.856295,38.008308
117,625,23.852924,38.009158
117,626,23.848814,38.009879
117,627,23.846553,38.01025
117,628,23.844583,38.010539
117,629,23.842083,38.01081
117,630,23.838583,38.011749
117,631,23.835222,38.01303
117,632,23.834692,38.013141
117,633,23.833902,38.01329
117,634,23.832302,38.013671
117,635,23.830723,38.014053
117,636,23.829342,38.014114
117,637,23.829202,38.014102
117,638,23.828613,38.014102
117,639,23.828364,38.014122
117,640,23.826853,38.014121
117,641,23.826563,38.014091
117,642,23.826104,38.01408
117,643,23.824832,38.014011
117,644,23.824052,38.013942
117,645,23.823343,38.013862
117,646,23.820893,38.013701
117,647,23.819002,38.01353
117,648,23.817852,38.013198
117,649,23.817432,38.012988
117,650,23.817012,38.012839
117,651,23.816652,38.01271
117,652,23.816301,38.012599
117,653,23.815691,38.012378
117,654,23.815552,38.012378
117,655,23.814361,38.012127
117,656,23.814281,38.012096
117,657,23.81364,38.011947
117,658,23.813039,38.011776
117,659,23.81304,38.011756
117,660,23.812639,38.011645
117,661,23.81263,38.011645
117,662,23.81218,38.011535
117,663,23.812149,38.011584
117,664,23.811889,38.011585
117,665,23.811929,38.011104
117,666,23.81264,38.010456
117,667,23.813438,38.009857
117,668,23.814179,38.010006
117,669,23.814669,38.010295
117,670,23.814909,38.010455
117,671,23.815769,38.010764
117,672,23.8163,38.010955
117,673,23.8168,38.010943
117,674,23.8168,38.010982
117,675,23.816799,38.011001
117,676,23.816759,38.011271
117,677,23.816078,38.012122
117,678,23.816097,38.012183
117,679,23.816277,38.012382
117,680,23.818466,38.012992
117,681,23.820756,38.013511
117,682,23.821107,38.013522
117,683,23.821208,38.013541
117,684,23.823538,38.013671
117,685,23.825218,38.013751
117,686,23.828888,38.01382
117,687,23.832468,38.013359
117,688,23.835138,38.012797
117,689,23.838358,38.011569
117,690,23.842838,38.010589
117,691,23.847779,38.009887
117,692,23.852829,38.008999
117,693,23.854919,38.008098
117,694,23.85519,38.006988
117,695,23.855859,38.005958
117,696,23.856449,38.005069
117,697,23.856129,38.003429
117,698,23.858439,38.00212
117,699,23.862129,37.9999
117,700,23.86599,37.998211
117,701,23.869699,37.996108
117,702,23.87178,37.995448
117,703,23.87388,37.993049
117,704,23.875061,37.992191
117,705,23.878231,37.990081
117,706,23.880361,37.989051
117,707,23.881252,37.99018
117,708,23.881122,37.99023
117,709,23.881063,37.99026
117,710,23.881202,37.990611
117,711,23.881242,37.990623
117,712,23.881554,37.990821
117,713,23.881674,37.990752
117,714,23.881673,37.990813
117,715,23.881713,37.990802
117,716,23.881314,37.990722
117,717,23.881134,37.990352
117,718,23.881104,37.990314
117,719,23.881113,37.990214
117,720,23.881073,37.990245
117,721,23.881092,37.990257
117,722,23.881943,37.990558
117,723,23.882013,37.990688
117,724,23.882063,37.990707
117,725,23.882673,37.988925
117,726,23.883823,37.987365
117,727,23.888063,37.985004
117,728,23.892624,37.982032
117,729,23.897184,37.979061
117,730,23.901924,37.97602
117,731,23.904974,37.972319
117,732,23.905724,37.96846
117,733,23.906133,37.966678
117,734,23.906824,37.964938
117,735,23.904795,37.963946
117,736,23.900524,37.963008
117,737,23.900395,37.960677
117,738,23.900573,37.959087
117,739,23.900404,37.956786
117,740,23.900154,37.954765
117,741,23.898473,37.952255
117,742,23.896433,37.947833
117,743,23.894194,37.943374
117,744,23.892035,37.938723
117,745,23.890085,37.934543
117,746,23.887344,37.933464
117,747,23.884183,37.935122
117,748,23.882503,37.932452
117,749,23.884064,37.930793
117,750,23.884493,37.926925
117,751,23.885773,37.922614
117,752,23.890953,37.920104
117,753,23.893933,37.915134
117,754,23.894512,37.909904
117,755,23.894342,37.904902
117,756,23.898453,37.901454
117,757,23.904762,37.900116
117,758,23.910222,37.896835
117,759,23.915434,37.893566
117,760,23.920383,37.890316
117,761,23.924083,37.886287
117,762,23.924564,37.885157
117,763,23.926235,37.882309
117,764,23.928925,37.877738
117,765,23.931104,37.873027
117,766,23.928945,37.868396
117,767,23.930827,37.863627
117,768,23.932307,37.858837
117,769,23.933786,37.853477
117,770,23.935436,37.848907
117,771,23.938656,37.844336
117,772,23.941456,37.841007
117,773,23.937915,37.840026
117,774,23.934206,37.839908
117,775,23.931754,37.840026
117,776,23.931275,37.839107
117,777,23.931204,37.838997
