118,1,23.931179,37.83892
118,2,23.930549,37.839252
118,3,23.931039,37.840263
118,4,23.931549,37.840972
118,5,23.929829,37.84249
118,6,23.928918,37.845119
118,7,23.928888,37.849437
118,8,23.929879,37.853858
118,9,23.930698,37.85839
118,10,23.931149,37.860808
118,11,23.931698,37.861087
118,12,23.930597,37.864418
118,13,23.929067,37.868857
118,14,23.931097,37.872577
118,15,23.929697,37.876525
118,16,23.926807,37.881465
118,17,23.925019,37.884517
118,18,23.924247,37.886107
118,19,23.923529,37.887138
118,20,23.920599,37.890048
118,21,23.916118,37.893077
118,22,23.91104,37.896297
118,23,23.906769,37.900115
118,24,23.900919,37.901435
118,25,23.895738,37.902873
118,26,23.895119,37.903403
118,27,23.894319,37.906635
118,28,23.894979,37.911273
118,29,23.893598,37.915774
118,30,23.890929,37.920203
118,31,23.886167,37.922485
118,32,23.883898,37.926105
118,33,23.885279,37.929553
118,34,23.882839,37.931933
118,35,23.883989,37.934654
118,36,23.886409,37.933684
118,37,23.889521,37.933433
118,38,23.89101,37.936073
118,39,23.89217,37.938773
118,40,23.893699,37.942024
118,41,23.89518,37.945114
118,42,23.896779,37.948283
118,43,23.89807,37.951084
118,44,23.89958,37.953773
118,45,23.90029,37.955661
118,46,23.90048,37.95779
118,47,23.900529,37.959541
118,48,23.90047,37.961798
118,49,23.901481,37.962818
118,50,23.905001,37.963786
118,51,23.907291,37.964355
118,52,23.906361,37.965835
118,53,23.906102,37.967487
118,54,23.905691,37.969776
118,55,23.904571,37.973296
118,56,23.901322,37.976397
118,57,23.898281,37.97834
118,58,23.896231,37.979659
118,59,23.89451,37.980769
118,60,23.89259,37.982051
118,61,23.88825,37.984889
118,62,23.884041,37.98725
118,63,23.88191,37.988059
118,64,23.880721,37.989261
118,65,23.88134,37.989989
118,66,23.8813,37.989898
118,67,23.881371,37.990127
118,68,23.881771,37.990405
118,69,23.882002,37.990554
118,70,23.882011,37.990585
118,71,23.882042,37.990653
118,72,23.881852,37.990585
118,73,23.881241,37.990165
118,74,23.88121,37.990177
118,75,23.88028,37.989227
118,76,23.879228,37.989566
118,77,23.877039,37.990966
118,78,23.874948,37.992355
118,79,23.873989,37.991516
118,80,23.872389,37.989837
118,81,23.869919,37.990626
118,82,23.87077,37.991694
118,83,23.872089,37.993904
118,84,23.870239,37.995704
118,85,23.870239,37.995704
118,86,23.868469,37.996894
118,87,23.86529,37.998603
118,88,23.861799,38.000064
118,89,23.858499,38.002124
118,90,23.857859,38.003856
118,91,23.858139,38.005935
118,92,23.858149,38.005973
118,93,23.858238,38.006305
118,94,23.858278,38.006446
118,95,23.858288,38.006446
118,96,23.858427,38.006908
118,97,23.858436,38.006938
118,98,23.858467,38.007057
118,99,23.858556,38.007389
118,100,23.858567,38.007389
118,101,23.858017,38.007648
118,102,23.856768,38.008079
118,103,23.853927,38.008918
118,104,23.850218,38.009567
118,105,23.847827,38.010017
118,106,23.844898,38.010505
118,107,23.844179,38.010615
118,108,23.84416,38.010627
118,109,23.843759,38.011367
118,110,23.84362,38.012886
118,111,23.84372,38.013744
118,112,23.84417,38.015372
118,113,23.84437,38.016074
118,114,23.84437,38.016093
118,115,23.84518,38.017604
118,116,23.84581,38.018764
118,117,23.84593,38.019004
118,118,23.846011,38.019226
118,119,23.84622,38.019915
118,120,23.84647,38.020336
118,121,23.847,38.021026
118,122,23.84704,38.021076
118,123,23.84736,38.021507
118,124,23.847591,38.021815
118,125,23.848051,38.022457
118,126,23.848242,38.022815
118,127,23.848341,38.023037
118,128,23.848561,38.023456
118,129,23.84871,38.023757
118,130,23.848911,38.024207
118,131,23.849211,38.024749
118,132,23.84955,38.025509
118,133,23.8489,38.025878
118,134,23.84898,38.026637
118,135,23.846491,38.027767
118,136,23.844181,38.028857
118,137,23.84316,38.027156
118,138,23.84119,38.027945
118,139,23.838471,38.029148
118,140,23.838291,38.029216
118,141,23.83806,38.029326
118,142,23.83791,38.029396
118,143,23.83749,38.029593
118,144,23.83749,38.029593
118,145,23.83737,38.029654
118,146,23.836701,38.028933
118,147,23.83637,38.028495
118,148,23.83583,38.027805
118,149,23.835171,38.027103
118,150,23.835031,38.026943
118,151,23.834692,38.026603
118,152,23.834082,38.026011
118,153,23.833221,38.024802
118,154,23.832861,38.024833
118,155,23.832821,38.024844
118,156,23.83246,38.024806
118,157,23.83253,38.024867
118,158,23.832442,38.024818
118,159,23.832461,38.024867
118,160,23.83239,38.024836
118,161,23.83232,38.024807
118,162,23.83284,38.024806
118,163,23.833781,38.025657
118,164,23.83469,38.026649
118,165,23.835251,38.027179
118,166,23.836071,38.02811
118,167,23.836441,38.028518
118,168,23.838621,38.027587
118,169,23.84111,38.026458
118,170,23.84211,38.026027
118,171,23.84277,38.026596
118,172,23.845628,38.025447
118,173,23.849138,38.024879
118,174,23.848379,38.02336
118,175,23.847818,38.022319
118,176,23.846129,38.01998
118,177,23.845949,38.01934
118,178,23.845949,38.019321
118,179,23.845739,38.01884
118,180,23.845739,38.018749
118,181,23.845799,38.018219
118,182,23.848469,38.01781
118,183,23.85138,38.017662
118,184,23.85204,38.01747
118,185,23.85327,38.014709
118,186,23.854679,38.011657
118,187,23.857059,38.009807
118,188,23.857569,38.009215
118,189,23.857988,38.008845
118,190,23.857548,38.008285
118,191,23.857548,38.008174
118,192,23.857388,38.007933
118,193,23.855247,38.008605
118,194,23.855017,38.007514
118,195,23.855907,38.006034
118,196,23.856377,38.004703
118,197,23.857175,38.002841
118,198,23.861276,38.000312
118,199,23.865646,37.998424
118,200,23.869526,37.996223
118,201,23.870877,37.995814
118,202,23.873826,37.993132
118,203,23.877817,37.990382
118,204,23.880537,37.989314
118,205,23.881336,37.990146
118,206,23.881407,37.990127
118,207,23.881466,37.990126
118,208,23.881416,37.990165
118,209,23.881926,37.990535
118,210,23.881926,37.990535
118,211,23.881515,37.990264
118,212,23.881416,37.990146
118,213,23.881407,37.990127
118,214,23.881977,37.990558
118,215,23.881857,37.990558
118,216,23.881746,37.990417
118,217,23.881345,37.990165
118,218,23.881195,37.989994
118,219,23.881185,37.989982
118,220,23.880766,37.989501
118,221,23.880106,37.989093
118,222,23.878486,37.990024
118,223,23.875966,37.991675
118,224,23.874397,37.991905
118,225,23.872667,37.989753
118,226,23.870268,37.990344
118,227,23.870777,37.991573
118,228,23.872167,37.993774
118,229,23.870237,37.995612
118,230,23.870237,37.995631
118,231,23.868717,37.996681
118,232,23.865448,37.998481
118,233,23.861868,37.99998
118,234,23.858398,38.002131
118,235,23.857868,38.004073
118,236,23.858417,38.006763
118,237,23.858477,38.007114
118,238,23.859516,38.007285
118,239,23.860056,38.007235
118,240,23.860276,38.007205
118,241,23.860294,38.007205
118,242,23.860655,38.007717
118,243,23.860985,38.009635
118,244,23.861176,38.011245
118,245,23.860235,38.012855
118,246,23.860334,38.014934
118,247,23.860365,38.017635
118,248,23.860435,38.019595
118,249,23.860256,38.020877
118,250,23.859766,38.022968
118,251,23.859655,38.02359
118,252,23.859066,38.023971
118,253,23.855575,38.024691
118,254,23.852076,38.025623
118,255,23.850626,38.026103
118,256,23.850126,38.026264
118,257,23.847376,38.027224
118,258,23.844546,38.028876
118,259,23.843466,38.027568
118,260,23.841906,38.027629
118,261,23.838726,38.02901
118,262,23.837465,38.029571
118,263,23.837206,38.02964
118,264,23.836025,38.02798
118,265,23.834274,38.02621
118,266,23.833475,38.02502
118,267,23.832636,38.025081
118,268,23.831856,38.025512
118,269,23.830746,38.026081
118,270,23.830385,38.026302
118,271,23.823075,38.03255
118,272,23.822914,38.032882
118,273,23.822553,38.033202
118,274,23.822584,38.033164
