119,1,23.931143,37.838859
119,2,23.930452,37.839049
119,3,23.930942,37.839889
119,4,23.931182,37.840358
119,5,23.931414,37.84106
119,6,23.929413,37.842792
119,7,23.928882,37.84619
119,8,23.928993,37.850582
119,9,23.930192,37.85498
119,10,23.930874,37.859408
119,11,23.931414,37.862049
119,12,23.929822,37.866286
119,13,23.929973,37.870456
119,14,23.931275,37.873416
119,15,23.931175,37.873947
119,16,23.929646,37.876597
119,17,23.927505,37.880248
119,18,23.925476,37.883728
119,19,23.924326,37.885936
119,20,23.923367,37.887237
119,21,23.920817,37.889785
119,22,23.917057,37.892475
119,23,23.912737,37.895206
119,24,23.908237,37.898105
119,25,23.904777,37.900596
119,26,23.899097,37.901366
119,27,23.895418,37.903117
119,28,23.895348,37.903178
119,29,23.894478,37.904518
119,30,23.894437,37.908229
119,31,23.895048,37.91146
119,32,23.895249,37.91294
119,33,23.893167,37.916518
119,34,23.890747,37.920528
119,35,23.886307,37.922458
119,36,23.883747,37.925807
119,37,23.885458,37.929366
119,38,23.882529,37.932228
119,39,23.879058,37.935538
119,40,23.87476,37.939639
119,41,23.869819,37.943668
119,42,23.86478,37.947349
119,43,23.863081,37.949718
119,44,23.863751,37.950587
119,45,23.86451,37.951259
119,46,23.865829,37.951789
119,47,23.86989,37.951881
119,48,23.874139,37.952479
119,49,23.878269,37.953399
119,50,23.882379,37.95383
119,51,23.884819,37.95486
119,52,23.88925,37.95666
119,53,23.894131,37.958602
119,54,23.897421,37.962173
119,55,23.901821,37.962913
119,56,23.90674,37.964141
119,57,23.90648,37.965182
119,58,23.906,37.967601
119,59,23.9056,37.969962
119,60,23.90411,37.974033
119,61,23.90055,37.976893
119,62,23.896662,37.979404
119,63,23.894632,37.980693
119,64,23.891992,37.982451
119,65,23.888973,37.984493
119,66,23.886863,37.985664
119,67,23.886053,37.986114
119,68,23.883883,37.987335
119,69,23.881533,37.988246
119,70,23.880851,37.989368
119,71,23.881241,37.989776
119,72,23.881241,37.989814
119,73,23.881411,37.989943
119,74,23.88121,37.990023
119,75,23.881349,37.990573
119,76,23.88189,37.990882
119,77,23.882009,37.990863
119,78,23.88187,37.991664
119,79,23.88136,37.993594
119,80,23.880821,37.995543
119,81,23.880702,37.996055
119,82,23.880241,37.997726
119,83,23.880222,37.999717
119,84,23.880672,38.001727
119,85,23.881492,38.002406
119,86,23.883312,38.002277
119,87,23.884882,38.001666
119,88,23.884561,38.002734
119,89,23.884462,38.003456
119,90,23.886133,38.003734
119,91,23.889664,38.004294
119,92,23.894684,38.003955
119,93,23.897715,38.003406
119,94,23.900635,38.003006
119,95,23.903695,38.002635
119,96,23.906673,38.002574
119,97,23.909634,38.002513
119,98,23.912073,38.001502
119,99,23.913513,37.999862
119,100,23.917482,37.998813
119,101,23.918272,37.998592
119,102,23.918102,37.99845
119,103,23.918183,37.998611
119,104,23.916922,37.999011
119,105,23.912682,38.000572
119,106,23.909051,38.002563
119,107,23.903362,38.002742
119,108,23.897851,38.003471
119,109,23.892483,38.004451
119,110,23.889602,38.004383
119,111,23.886821,38.00392
119,112,23.886332,38.003822
119,113,23.885592,38.00365
119,114,23.885002,38.003539
119,115,23.884682,38.003489
119,116,23.88412,38.003391
119,117,23.88348,38.003421
119,118,23.883249,38.003482
119,119,23.882598,38.003581
119,120,23.881998,38.003612
119,121,23.881458,38.003642
119,122,23.880938,38.003604
119,123,23.880867,38.002173
119,124,23.880266,37.998423
119,125,23.881346,37.994064
119,126,23.882205,37.990714
119,127,23.881466,37.990092
119,128,23.881247,37.989951
119,129,23.881247,37.98997
119,130,23.881247,37.989989
119,131,23.881317,37.99015
119,132,23.881638,37.990359
119,133,23.881816,37.990501
119,134,23.881968,37.990592
119,135,23.881869,37.990592
119,136,23.881387,37.990261
119,137,23.881378,37.990261
119,138,23.880697,37.989482
119,139,23.880047,37.989161
119,140,23.878347,37.990161
119,141,23.875867,37.991771
119,142,23.874277,37.991821
119,143,23.872766,37.989933
119,144,23.870506,37.990272
119,145,23.868696,37.990271
119,146,23.866186,37.988383
119,147,23.864817,37.986095
119,148,23.862726,37.985126
119,149,23.861955,37.983627
119,150,23.860075,37.982787
119,151,23.858685,37.982536
119,152,23.856684,37.982204
119,153,23.856453,37.982944
119,154,23.856123,37.984145
119,155,23.854923,37.984793
119,156,23.852872,37.984474
119,157,23.851443,37.984283
119,158,23.851502,37.983134
119,159,23.852091,37.981063
119,160,23.852282,37.980392
119,161,23.85176,37.979743
119,162,23.8502,37.979705
119,163,23.848791,37.979675
119,164,23.847922,37.979816
119,165,23.847912,37.979655
119,166,23.847921,37.979686
119,167,23.847891,37.979956
119,168,23.84786,37.979679
119,169,23.849201,37.97964
119,170,23.851511,37.979659
119,171,23.851992,37.97966
119,172,23.852011,37.979659
119,173,23.852362,37.97969
119,174,23.852322,37.980159
119,175,23.852121,37.980861
119,176,23.851961,37.98141
119,177,23.85169,37.982371
119,178,23.851591,37.982711
119,179,23.85123,37.983981
119,180,23.851401,37.984172
119,181,23.85401,37.984581
119,182,23.85578,37.98431
119,183,23.85639,37.982379
119,184,23.85829,37.982379
119,185,23.861031,37.98297
119,186,23.8624,37.98378
119,187,23.86371,37.985377
119,188,23.865191,37.986759
119,189,23.867121,37.98915
119,190,23.86977,37.990581
119,191,23.872731,37.989921
119,192,23.874581,37.992179
119,193,23.87461,37.99219
119,194,23.876211,37.991389
119,195,23.880161,37.988979
119,196,23.881231,37.989989
119,197,23.881331,37.990107
119,198,23.881371,37.990088
119,199,23.881361,37.990169
119,200,23.881361,37.990138
119,201,23.881182,37.990108
119,202,23.881162,37.990119
119,203,23.881083,37.98991
119,204,23.881092,37.98989
119,205,23.880472,37.989268
119,206,23.879593,37.98933
119,207,23.877542,37.990619
119,208,23.875162,37.992198
119,209,23.874092,37.991557
119,210,23.872443,37.989776
119,211,23.869953,37.990585
119,212,23.870813,37.991714
119,213,23.872124,37.993834
119,214,23.870255,37.995746
119,215,23.870274,37.995784
119,216,23.868333,37.996986
119,217,23.865145,37.998687
119,218,23.861485,38.000197
119,219,23.858184,38.0023
119,220,23.857895,38.004199
119,221,23.858175,38.006099
119,222,23.858274,38.006438
119,223,23.858274,38.00645
119,224,23.858374,38.00677
119,225,23.858414,38.006912
119,226,23.858414,38.006942
119,227,23.858494,38.007262
119,228,23.858494,38.007262
119,229,23.858564,38.007461
119,230,23.860275,38.007263
119,231,23.860426,38.007262
119,232,23.860746,38.008274
119,233,23.861066,38.010074
119,234,23.861187,38.011356
119,235,23.860237,38.012897
119,236,23.860347,38.015007
119,237,23.860378,38.017837
119,238,23.860418,38.019569
119,239,23.860329,38.02042
119,240,23.859959,38.022281
119,241,23.859728,38.023089
119,242,23.859668,38.02349
119,243,23.85821,38.024112
119,244,23.85579,38.024722
119,245,23.85322,38.025314
119,246,23.85179,38.025764
119,247,23.850871,38.026084
119,248,23.85087,38.026095
119,249,23.850441,38.026237
119,250,23.84859,38.026828
119,251,23.84642,38.027869
119,252,23.84433,38.028999
119,253,23.843309,38.027327
119,254,23.841659,38.027797
119,255,23.83876,38.029079
119,256,23.837611,38.02959
119,257,23.837611,38.02959
119,258,23.83729,38.029719
119,259,23.836411,38.028579
119,260,23.83489,38.026828
119,261,23.83369,38.025447
119,262,23.83201,38.024196
119,263,23.828661,38.023365
119,264,23.827711,38.023173
119,265,23.825201,38.022704
119,266,23.821572,38.022205
119,267,23.818731,38.021483
119,268,23.814711,38.020683
119,269,23.810491,38.019744
119,270,23.808002,38.019176
119,271,23.807601,38.019107
119,272,23.807572,38.019107
119,273,23.806011,38.018787
119,274,23.803781,38.018317
119,275,23.803152,38.018119
119,276,23.802153,38.017898
119,277,23.800972,38.017646
119,278,23.800732,38.017646
119,279,23.800692,38.017677
119,280,23.800032,38.017577
119,281,23.798992,38.017436
119,282,23.798912,38.017456
119,283,23.797503,38.017455
119,284,23.797483,38.017486
119,285,23.796363,38.017868
119,286,23.795154,38.018935
119,287,23.795016,38.019114
119,288,23.794436,38.019935
119,289,23.794356,38.020034
119,290,23.794136,38.020335
119,291,23.792517,38.022216
119,292,23.791036,38.023166
119,293,23.788276,38.024867
119,294,23.786426,38.026016
119,295,23.786047,38.026256
119,296,23.783836,38.027587
119,297,23.782495,38.028388
119,298,23.781725,38.028839
119,299,23.780926,38.029269
119,300,23.779716,38.029899
119,301,23.779506,38.029868
119,302,23.779987,38.029498
119,303,23.779577,38.029349
119,304,23.779507,38.029368
119,305,23.779497,38.029368
119,306,23.779408,38.02933
119,307,23.778498,38.02912
119,308,23.778489,38.029609
119,309,23.778938,38.02983
119,310,23.778898,38.02983
119,311,23.779148,38.029792
119,312,23.779178,38.029792
119,313,23.781199,38.028701
119,314,23.783398,38.027381
119,315,23.784268,38.026851
119,316,23.786188,38.025702
119,317,23.788079,38.024642
119,318,23.788779,38.024112
119,319,23.790909,38.02294
119,320,23.793068,38.021369
119,321,23.793508,38.020778
119,322,23.795408,38.018207
119,323,23.795488,38.018157
119,324,23.797079,38.017356
119,325,23.800869,38.017585
119,326,23.804289,38.018306
119,327,23.805048,38.018477
119,328,23.806318,38.018737
119,329,23.806818,38.018878
119,330,23.810509,38.01963
119,331,23.814909,38.020599
119,332,23.819999,38.021666
119,333,23.823459,38.022216
119,334,23.826009,38.022705
119,335,23.82686,38.022853
119,336,23.82737,38.022945
119,337,23.827569,38.022976
119,338,23.827739,38.023006
119,339,23.82797,38.023044
119,340,23.82843,38.023135
119,341,23.828621,38.023185
119,342,23.828831,38.023265
119,343,23.829071,38.023345
119,344,23.829471,38.023425
119,345,23.829521,38.023425
119,346,23.8299,38.023486
119,347,23.83011,38.023536
119,348,23.830511,38.023616
119,349,23.830632,38.023647
119,350,23.83118,38.023796
119,351,23.831491,38.023906
119,352,23.83216,38.024238
119,353,23.833221,38.024806
119,354,23.833922,38.025768
119,355,23.834581,38.026458
119,356,23.834621,38.026496
119,357,23.834852,38.026736
119,358,23.835152,38.027038
119,359,23.835503,38.027389
119,360,23.835883,38.027827
119,361,23.837032,38.028266
119,362,23.838602,38.027636
119,363,23.840921,38.026595
119,364,23.842531,38.026256
119,365,23.844091,38.025935
119,366,23.847122,38.025295
119,367,23.848882,38.024986
119,368,23.848882,38.024986
119,369,23.848893,38.024405
119,370,23.847152,38.021426
119,371,23.845802,38.018878
119,372,23.844232,38.016017
119,373,23.843452,38.012756
119,374,23.843563,38.011726
119,375,23.843573,38.011714
119,376,23.844544,38.010406
119,377,23.849443,38.009635
119,378,23.854183,38.008796
119,379,23.855083,38.007446
119,380,23.855774,38.006137
119,381,23.856375,38.005038
119,382,23.856514,38.003158
119,383,23.858953,38.001876
119,384,23.862783,37.999687
119,385,23.866594,37.997905
119,386,23.871494,37.995605
119,387,23.874405,37.992656
119,388,23.877754,37.990435
119,389,23.880434,37.989215
119,390,23.881544,37.990345
119,391,23.881644,37.991015
119,392,23.881224,37.990726
119,393,23.881224,37.990715
119,394,23.881402,37.990844
119,395,23.882013,37.990653
119,396,23.881954,37.990615
119,397,23.881945,37.990634
119,398,23.881895,37.990596
119,399,23.881886,37.990634
119,400,23.881875,37.990573
119,401,23.881286,37.990184
119,402,23.881286,37.990172
119,403,23.881197,37.989951
119,404,23.880247,37.989081
119,405,23.878727,37.989921
119,406,23.876118,37.991622
119,407,23.874447,37.992031
119,408,23.872658,37.989822
119,409,23.870067,37.990524
119,410,23.870318,37.991122
119,411,23.872057,37.992984
119,412,23.870297,37.995273
119,413,23.870297,37.995841
119,414,23.870297,37.995841
119,415,23.870065,37.996131
119,416,23.867185,37.997661
119,417,23.863547,37.999461
119,418,23.859676,38.001472
119,419,23.857887,38.003432
119,420,23.858146,38.006084
119,421,23.858427,38.007022
119,422,23.858427,38.007033
119,423,23.858538,38.007464
119,424,23.858547,38.007503
119,425,23.857767,38.007835
119,426,23.855787,38.008483
119,427,23.852727,38.009204
119,428,23.849049,38.009864
119,429,23.845819,38.010432
119,430,23.84405,38.010703
119,431,23.844039,38.010703
119,432,23.843629,38.011825
119,433,23.84386,38.014705
119,434,23.844912,38.017265
119,435,23.846691,38.020743
119,436,23.848662,38.023704
119,437,23.84954,38.025302
119,438,23.848991,38.025771
119,439,23.849151,38.02655
119,440,23.849031,38.026709
119,441,23.846382,38.027912
119,442,23.844032,38.028583
119,443,23.842692,38.027373
119,444,23.839521,38.028735
119,445,23.837693,38.029544
119,446,23.836751,38.029094
119,447,23.836282,38.028423
119,448,23.835013,38.027003
119,449,23.833422,38.025061
119,450,23.832741,38.0251
119,451,23.83201,38.0255
119,452,23.830561,38.02626
119,453,23.83047,38.026321
119,454,23.822971,38.03239
119,455,23.823151,38.032611
119,456,23.82312,38.032611
119,457,23.822839,38.032752
119,458,23.82252,38.033031
119,459,23.822269,38.033283
119,460,23.822269,38.033351
119,461,23.821479,38.03392
119,462,23.821539,38.033851
119,463,23.821539,38.033851
119,464,23.821729,38.033782
119,465,23.822319,38.033222
119,466,23.822489,38.032993
119,467,23.822529,38.032943
119,468,23.822529,38.032924
119,469,23.82277,38.032832
119,470,23.822569,38.033031
119,471,23.822699,38.03292
119,472,23.823368,38.032569
119,473,23.823378,38.032508
119,474,23.831158,38.026187
119,475,23.832468,38.025558
119,476,23.832897,38.024898
119,477,23.833627,38.025417
119,478,23.834427,38.026465
119,479,23.835407,38.027465
119,480,23.836428,38.028686
119,481,23.838028,38.027976
119,482,23.840147,38.027076
119,483,23.841877,38.026317
119,484,23.842417,38.026206
119,485,23.843657,38.026306
119,486,23.847187,38.025416
119,487,23.849046,38.025084
119,488,23.849056,38.025096
119,489,23.848696,38.024028
119,490,23.847176,38.021568
119,491,23.846046,38.019706
119,492,23.844856,38.017386
119,493,23.843987,38.015166
119,494,23.843836,38.014778
119,495,23.843826,38.014739
119,496,23.843676,38.014148
119,497,23.843595,38.013526
119,498,23.843595,38.013507
119,499,23.843546,38.013175
119,500,23.843496,38.012504
119,501,23.843526,38.012023
119,502,23.843557,38.011905
119,503,23.843696,38.010913
119,504,23.843696,38.010875
119,505,23.844147,38.010394
119,506,23.848816,38.009693
119,507,23.853416,38.008952
119,508,23.854746,38.007602
119,509,23.855496,38.006152
119,510,23.856396,38.005263
119,511,23.856106,38.003402
119,512,23.857136,38.002791
119,513,23.857155,38.00278
119,514,23.859236,38.001689
119,515,23.863256,37.999511
119,516,23.866726,37.997821
119,517,23.870325,37.995932
119,518,23.873276,37.994052
119,519,23.876456,37.991271
119,520,23.879916,37.989101
119,521,23.881056,37.989821
119,522,23.881456,37.990241
119,523,23.881716,37.99042
119,524,23.881946,37.990611
119,525,23.881866,37.990592
119,526,23.881857,37.990501
119,527,23.881887,37.99052
119,528,23.881678,37.99039
119,529,23.881157,37.98989
119,530,23.880318,37.989112
119,531,23.880398,37.988921
119,532,23.880749,37.988742
119,533,23.884118,37.987274
119,534,23.888239,37.984961
119,535,23.892359,37.982253
119,536,23.896778,37.979373
119,537,23.901249,37.976505
119,538,23.904588,37.973144
119,539,23.905548,37.969684
119,540,23.906039,37.967002
119,541,23.906269,37.965713
119,542,23.90642,37.964282
119,543,23.902059,37.963183
119,544,23.90034,37.961852
119,545,23.900429,37.959842
119,546,23.900488,37.958374
119,547,23.900318,37.956092
119,548,23.899929,37.954513
119,549,23.898338,37.952052
119,550,23.896549,37.948112
119,551,23.89469,37.944423
119,552,23.89279,37.940272
119,553,23.89088,37.936011
119,554,23.88843,37.933002
119,555,23.885379,37.93444
119,556,23.88352,37.934058
119,557,23.882611,37.93217
119,558,23.885361,37.929481
119,559,23.883431,37.925231
119,560,23.888241,37.922432
119,561,23.892061,37.918201
119,562,23.895022,37.913249
119,563,23.894311,37.908111
119,564,23.894592,37.904052
119,565,23.895182,37.903293
119,566,23.898992,37.901443
119,567,23.904012,37.900474
119,568,23.908712,37.897655
119,569,23.913933,37.894504
119,570,23.919033,37.891444
119,571,23.922752,37.887794
119,572,23.924432,37.885326
119,573,23.924972,37.884375
119,574,23.927183,37.880615
119,575,23.929723,37.876296
119,576,23.930614,37.871917
119,577,23.929084,37.867778
119,578,23.930913,37.863246
119,579,23.932373,37.858504
119,580,23.933714,37.853614
119,581,23.935164,37.849266
119,582,23.938084,37.845096
119,583,23.941204,37.841365
119,584,23.938385,37.840175
119,585,23.934215,37.839923
119,586,23.931656,37.839984
119,587,23.931205,37.839153
119,588,23.931425,37.839332
