12,1,23.881219,37.989997
12,2,23.881179,37.990096
12,3,23.881199,37.990059
12,4,23.881298,37.990069
12,5,23.881698,37.990402
12,6,23.881409,37.991092
12,7,23.881328,37.990791
12,8,23.881249,37.990729
12,9,23.881229,37.990749
12,10,23.88155,37.991008
12,11,23.881568,37.990996
12,12,23.881738,37.990916
12,13,23.881368,37.990215
12,14,23.880188,37.989044
12,15,23.878667,37.989864
12,16,23.875668,37.991854
12,17,23.875507,37.993366
12,18,23.875998,37.995944
12,19,23.875038,37.996154
12,20,23.872839,37.995734
12,21,23.870449,37.996055
12,22,23.870359,37.996005
12,23,23.867819,37.997275
12,24,23.863699,37.999335
12,25,23.859789,38.001377
12,26,23.857899,38.003417
12,27,23.858209,38.006069
12,28,23.85837,38.006469
12,29,23.85836,38.006488
12,30,23.858419,38.006869
12,31,23.8584,38.006869
12,32,23.85853,38.00737
12,33,23.85853,38.00737
12,34,23.858419,38.00751
12,35,23.85747,38.007751
12,36,23.855099,38.008529
12,37,23.853599,38.008937
12,38,23.850229,38.009486
12,39,23.846899,38.010066
12,40,23.844858,38.010398
12,41,23.842317,38.010677
12,42,23.838547,38.011638
12,43,23.837856,38.011977
12,44,23.836826,38.012439
12,45,23.836706,38.0125
12,46,23.836015,38.012752
12,47,23.835655,38.012843
12,48,23.835425,38.012904
12,49,23.835264,38.012935
12,50,23.834123,38.013186
12,51,23.833744,38.013286
12,52,23.833735,38.013286
12,53,23.832825,38.013507
12,54,23.831934,38.013686
12,55,23.830435,38.014007
12,56,23.829315,38.014026
12,57,23.828495,38.014037
12,58,23.828245,38.014048
12,59,23.827705,38.014038
12,60,23.826705,38.013999
12,61,23.825497,38.01398
12,62,23.824187,38.0139
12,63,23.824116,38.0139
12,64,23.823446,38.013862
12,65,23.820896,38.013701
12,66,23.820687,38.013702
12,67,23.819856,38.013541
12,68,23.816157,38.012549
12,69,23.812157,38.011669
12,70,23.811857,38.011638
12,71,23.810426,38.011386
12,72,23.808016,38.010498
12,73,23.807186,38.010066
12,74,23.805546,38.009296
12,75,23.803746,38.008544
12,76,23.802725,38.008094
12,77,23.800884,38.007465
12,78,23.799895,38.007212
12,79,23.799155,38.007015
12,80,23.798964,38.006934
12,81,23.797773,38.006472
12,82,23.797023,38.006202
12,83,23.796493,38.006011
12,84,23.795704,38.005961
12,85,23.795023,38.005382
12,86,23.793703,38.004482
12,87,23.792963,38.003902
12,88,23.792483,38.00355
12,89,23.791724,38.002823
12,90,23.791423,38.002681
12,91,23.790903,38.002502
12,92,23.789903,38.002143
12,93,23.789434,38.001983
12,94,23.787884,38.001414
12,95,23.787474,38.001224
12,96,23.787274,38.001162
12,97,23.785183,37.999961
12,98,23.783092,37.998291
12,99,23.780484,37.996402
12,100,23.779632,37.995891
12,101,23.777803,37.99467
12,102,23.773844,37.99219
12,103,23.771633,37.991241
12,104,23.770702,37.990432
12,105,23.768291,37.988891
12,106,23.766,37.98738
12,107,23.765421,37.986942
12,108,23.764621,37.986553
12,109,23.762462,37.985793
12,110,23.760813,37.985233
12,111,23.759913,37.984763
12,112,23.759042,37.983882
12,113,23.756702,37.982521
12,114,23.756542,37.982482
12,115,23.755402,37.981422
12,116,23.753681,37.979701
12,117,23.752562,37.978771
12,118,23.751901,37.978129
12,119,23.750181,37.977088
12,120,23.749351,37.976897
12,121,23.749312,37.977199
12,122,23.749262,37.977531
12,123,23.749222,37.97745
12,124,23.749162,37.977611
12,125,23.749113,37.977942
12,126,23.749054,37.977943
12,127,23.749073,37.977993
12,128,23.749082,37.978022
12,129,23.749012,37.978084
12,130,23.749003,37.977622
12,131,23.747741,37.977302
12,132,23.747022,37.977081
12,133,23.747063,37.97652
12,134,23.747022,37.976501
12,135,23.748453,37.976531
12,136,23.749054,37.976413
12,137,23.749933,37.975353
12,138,23.749933,37.975333
12,139,23.750183,37.975173
12,140,23.751142,37.975372
12,141,23.752993,37.97589
12,142,23.754913,37.97713
12,143,23.755493,37.977611
12,144,23.755703,37.978629
12,145,23.756122,37.98027
12,146,23.757352,37.98075
12,147,23.757822,37.98096
12,148,23.759191,37.98143
12,149,23.760501,37.981681
12,150,23.761433,37.982303
12,151,23.762502,37.983321
12,152,23.763892,37.9841
12,153,23.764032,37.984279
12,154,23.764353,37.98498
12,155,23.765404,37.985813
12,156,23.767034,37.987353
12,157,23.769154,37.988993
12,158,23.770103,37.989642
12,159,23.771352,37.990684
12,160,23.774963,37.992343
12,161,23.777874,37.994632
12,162,23.780073,37.995963
12,163,23.782553,37.997634
12,164,23.784633,37.999324
12,165,23.787394,38.001026
12,166,23.790323,38.002044
12,167,23.790694,38.002155
12,168,23.791584,38.002536
12,169,23.793563,38.004047
12,170,23.796194,38.005805
12,171,23.799235,38.006846
12,172,23.803323,38.008037
12,173,23.807783,38.010028
12,174,23.812433,38.01152
12,175,23.815492,38.012221
12,176,23.815492,38.012221
12,177,23.816903,38.012592
12,178,23.817702,38.012813
12,179,23.820261,38.013523
12,180,23.82357,38.013713
12,181,23.828221,38.013884
12,182,23.83194,38.013503
12,183,23.832439,38.013385
12,184,23.83247,38.013385
12,185,23.83457,38.012954
12,186,23.83823,38.011714
12,187,23.841459,38.010825
12,188,23.845489,38.010356
12,189,23.850118,38.009555
12,190,23.854978,38.008563
12,191,23.855169,38.007144
12,192,23.85578,38.005904
12,193,23.856381,38.005016
12,194,23.85626,38.003257
12,195,23.859372,38.001605
12,196,23.863222,37.999534
12,197,23.866741,37.997844
12,198,23.871061,37.995773
12,199,23.873851,37.993122
12,200,23.877182,37.990821
12,201,23.880121,37.989021
12,202,23.881101,37.989821
12,203,23.881031,37.99047
12,204,23.881222,37.990661
12,205,23.881231,37.990661
12,206,23.881382,37.990772
12,207,23.881811,37.990493
12,208,23.881891,37.990523
12,209,23.881901,37.990542
12,210,23.881771,37.990393
12,211,23.881361,37.990115
12,212,23.881291,37.990134
12,213,23.881001,37.989826
12,214,23.880942,37.989746
12,215,23.880131,37.989116
12,216,23.87784,37.990497
12,217,23.874759,37.992465
12,218,23.87323,37.990516
12,219,23.87121,37.990196
12,220,23.871549,37.992194
12,221,23.872,37.994075
12,222,23.87027,37.995746
12,223,23.8692,37.996448
12,224,23.86549,37.998538
12,225,23.861629,38.000167
12,226,23.85813,38.002357
12,227,23.858149,38.000617
12,228,23.857929,37.998427
12,229,23.857109,37.997668
12,230,23.853469,37.998019
12,231,23.8527,37.998569
12,232,23.852609,37.9994
12,233,23.851099,37.998611
12,234,23.849739,37.997729
12,235,23.847489,37.996921
12,236,23.844868,37.997062
12,237,23.844757,37.997142
12,238,23.844517,37.99726
12,239,23.844576,37.997088
12,240,23.844595,37.99705
12,241,23.844674,37.996982
12,242,23.844665,37.996963
12,243,23.844585,37.997104
12,244,23.845596,37.996684
12,245,23.848276,37.997092
12,246,23.850317,37.997982
12,247,23.852337,37.999431
12,248,23.852617,37.998432
12,249,23.853987,37.997962
12,250,23.857296,37.997573
12,251,23.858006,37.998573
12,252,23.858085,38.000732
12,253,23.858176,38.002223
12,254,23.861024,38.000343
12,255,23.864575,37.998912
12,256,23.868244,37.996932
12,257,23.870054,37.995952
12,258,23.870744,37.995791
12,259,23.873604,37.993362
12,260,23.876275,37.99134
12,261,23.879243,37.989428
12,262,23.880504,37.989139
12,263,23.881255,37.98994
12,264,23.881245,37.99058
12,265,23.881225,37.990619
12,266,23.880976,37.990378
12,267,23.881247,37.989978
12,268,23.881366,37.989878
12,269,23.882138,37.990447
12,270,23.882196,37.990898
12,271,23.881416,37.993728
12,272,23.880257,37.997878
12,273,23.880726,38.001567
12,274,23.880815,38.003207
12,275,23.880815,38.003227
12,276,23.880816,38.003528
12,277,23.880825,38.00354
12,278,23.880825,38.003608
12,279,23.879564,38.003726
12,280,23.877394,38.003726
12,281,23.876703,38.003807
12,282,23.875414,38.004108
12,283,23.873354,38.00481
12,284,23.872123,38.005149
12,285,23.872104,38.006351
12,286,23.870955,38.00962
12,287,23.871685,38.01435
12,288,23.871996,38.017718
12,289,23.868397,38.018069
12,290,23.866666,38.016349
12,291,23.864817,38.018019
12,292,23.862297,38.019519
12,293,23.861147,38.020038
12,294,23.860348,38.020248
12,295,23.859058,38.020549
12,296,23.857328,38.020869
12,297,23.854908,38.02124
12,298,23.853058,38.02148
12,299,23.851969,38.021651
12,300,23.85187,38.021663
12,301,23.851219,38.021723
12,302,23.849868,38.021915
12,303,23.848318,38.022025
12,304,23.847868,38.021896
12,305,23.847008,38.021865
12,306,23.846869,38.021854
12,307,23.847028,38.021884
12,308,23.847409,38.021915
12,309,23.847788,38.021896
12,310,23.847769,38.021915
12,311,23.847268,38.021926
12,312,23.846708,38.021876
12,313,23.846548,38.021876
12,314,23.846458,38.021877
12,315,23.846699,38.021838
12,316,23.846717,38.021838
12,317,23.846909,38.021839
12,318,23.847899,38.021869
12,319,23.848978,38.02196
12,320,23.850067,38.021762
12,321,23.851448,38.021602
12,322,23.852808,38.021404
12,323,23.854198,38.021224
12,324,23.855559,38.021064
12,325,23.857017,38.020824
12,326,23.858498,38.020602
12,327,23.859858,38.020214
12,328,23.860878,38.019992
12,329,23.861167,38.019912
12,330,23.863268,38.018882
12,331,23.865118,38.017551
12,332,23.866678,38.016269
12,333,23.868137,38.01805
12,334,23.871397,38.01773
12,335,23.871897,38.016711
12,336,23.871436,38.013659
12,337,23.870978,38.010821
12,338,23.870857,38.008181
12,339,23.871717,38.005542
12,340,23.871667,38.005313
12,341,23.873437,38.004691
12,342,23.874237,38.00447
12,343,23.876177,38.003939
12,344,23.878197,38.003749
12,345,23.878228,38.003749
12,346,23.878816,38.003768
12,347,23.879436,38.003768
12,348,23.879945,38.003779
12,349,23.880636,38.00349
12,350,23.880596,38.002078
12,351,23.880116,37.99908
12,352,23.880895,37.995349
12,353,23.881876,37.991771
12,354,23.881627,37.99097
12,355,23.881256,37.99063
12,356,23.881265,37.990592
12,357,23.881315,37.990161
12,358,23.881285,37.990123
12,359,23.881204,37.990073
12,360,23.881235,37.990104
12,361,23.881235,37.990043
12,362,23.881225,37.989974
12,363,23.880905,37.989672
12,364,23.880326,37.989082
12,365,23.880085,37.989051
12,366,23.878765,37.989822
12,367,23.876275,37.991462
12,368,23.874965,37.992343
12,369,23.874297,37.991862
12,370,23.872666,37.989833
12,371,23.870455,37.990272
12,372,23.869354,37.990573
12,373,23.867763,37.989704
12,374,23.867754,37.989704
12,375,23.867335,37.989383
12,376,23.866465,37.988693
12,377,23.865746,37.987571
12,378,23.864765,37.985931
12,379,23.866965,37.984889
12,380,23.867794,37.982059
12,381,23.866964,37.979048
12,382,23.864384,37.977028
12,383,23.863234,37.975387
12,384,23.861774,37.973605
12,385,23.862394,37.972415
12,386,23.862384,37.970394
12,387,23.862465,37.968505
12,388,23.863714,37.966384
12,389,23.863934,37.965423
12,390,23.863703,37.963512
12,391,23.864153,37.961333
12,392,23.863052,37.958995
12,393,23.861542,37.957793
12,394,23.860651,37.957004
12,395,23.861601,37.956424
12,396,23.86251,37.955913
12,397,23.86202,37.955192
12,398,23.861761,37.955364
12,399,23.862032,37.955283
12,400,23.862013,37.955165
12,401,23.862343,37.955574
12,402,23.861192,37.956592
12,403,23.861002,37.957153
12,404,23.862713,37.958534
12,405,23.864203,37.961135
12,406,23.863613,37.963973
12,407,23.863542,37.966682
12,408,23.862463,37.969302
12,409,23.862613,37.971633
12,410,23.861933,37.973754
12,411,23.863743,37.975955
12,412,23.865383,37.978095
12,413,23.868044,37.979956
12,414,23.867483,37.983287
12,415,23.867344,37.983768
12,416,23.867354,37.983768
12,417,23.867334,37.983828
12,418,23.866234,37.985309
12,419,23.865074,37.986377
12,420,23.866264,37.988376
12,421,23.868463,37.990077
12,422,23.870594,37.990138
12,423,23.873184,37.990398
12,424,23.874604,37.992168
12,425,23.876423,37.991287
12,426,23.879883,37.989116
12,427,23.881073,37.989756
12,428,23.881323,37.989997
12,429,23.881394,37.989997
12,430,23.881442,37.990008
12,431,23.881303,37.990039
12,432,23.881233,37.9901
12,433,23.880673,37.98936
12,434,23.880321,37.989082
12,435,23.880182,37.9891
12,436,23.879122,37.989711
12,437,23.877071,37.991042
12,438,23.875002,37.992541
12,439,23.875982,37.994033
12,440,23.876072,37.996123
12,441,23.875862,37.996955
12,442,23.875192,37.996375
12,443,23.874582,37.995586
12,444,23.875193,37.995307
12,445,23.875153,37.995307
12,446,23.875263,37.995307
12,447,23.874843,37.995296
12,448,23.874573,37.995567
12,449,23.873113,37.995757
12,450,23.870424,37.996089
12,451,23.870424,37.996108
12,452,23.868475,37.996967
12,453,23.865496,37.998565
12,454,23.865846,37.999434
12,455,23.866626,38.001273
12,456,23.866886,38.001864
12,457,23.866876,38.001754
12,458,23.866917,38.001883
12,459,23.867536,38.003505
12,460,23.867536,38.005237
12,461,23.868866,38.005645
12,462,23.871056,38.005294
12,463,23.871087,38.005294
12,464,23.871416,38.005256
12,465,23.871416,38.005256
12,466,23.871955,38.006065
12,467,23.871296,38.008105
12,468,23.871086,38.010943
12,469,23.871617,38.014225
12,470,23.872005,38.016826
12,471,23.871185,38.017826
12,472,23.868305,38.018115
12,473,23.867225,38.016517
12,474,23.865675,38.017269
12,475,23.865144,38.017719
12,476,23.864345,38.018378
12,477,23.863236,38.019099
12,478,23.861736,38.01987
12,479,23.860166,38.020358
12,480,23.857946,38.020709
12,481,23.855916,38.021061
12,482,23.853857,38.021362
12,483,23.852487,38.021552
12,484,23.852438,38.021552
12,485,23.852218,38.021533
12,486,23.850878,38.021755
12,487,23.849468,38.021975
12,488,23.847997,38.022086
12,489,23.846998,38.022246
12,490,23.845197,38.022517
12,491,23.844908,38.022548
12,492,23.843128,38.022739
12,493,23.841617,38.022979
12,494,23.841448,38.023017
12,495,23.841467,38.023028
12,496,23.841458,38.023066
12,497,23.841458,38.023066
12,498,23.841498,38.023056
12,499,23.841628,38.023025
12,500,23.842096,38.022926
12,501,23.842537,38.022777
12,502,23.842926,38.022636
12,503,23.843376,38.022555
12,504,23.843436,38.022567
12,505,23.843355,38.022579
12,506,23.843365,38.02259
12,507,23.843266,38.022601
12,508,23.844456,38.022422
12,509,23.843966,38.022422
12,510,23.842765,38.022724
12,511,23.843555,38.022704
12,512,23.845425,38.022506
12,513,23.847635,38.022205
12,514,23.849276,38.022094
12,515,23.850666,38.021896
12,516,23.852285,38.021655
12,517,23.851046,38.021685
12,518,23.850145,38.021365
12,519,23.850145,38.021384
12,520,23.850305,38.021174
12,521,23.850065,38.019947
12,522,23.850046,38.019526
12,523,23.849877,38.019477
12,524,23.849867,38.019447
12,525,23.850097,38.018687
12,526,23.851927,38.017597
12,527,23.853317,38.014495
12,528,23.855417,38.010814
12,529,23.857116,38.009723
12,530,23.858116,38.008811
12,531,23.857336,38.00796
12,532,23.857346,38.00793
12,533,23.858236,38.007579
12,534,23.860046,38.007289
12,535,23.864937,38.006388
12,536,23.867667,38.004909
12,537,23.866906,38.001991
12,538,23.865757,37.999259
12,539,23.865587,37.998439
12,540,23.869207,37.996391
12,541,23.871098,37.995731
12,542,23.874129,37.992832
12,543,23.875108,37.992152
12,544,23.879069,37.989562
12,545,23.880687,37.989383
12,546,23.881107,37.990432
12,547,23.881267,37.990604
12,548,23.880928,37.990383
12,549,23.881258,37.989994
12,550,23.881258,37.989994
12,551,23.881227,37.989845
12,552,23.880448,37.989036
12,553,23.879797,37.989226
12,554,23.877157,37.990878
12,555,23.875008,37.992118
12,556,23.875008,37.992118
12,557,23.874918,37.992068
12,558,23.874887,37.99208
12,559,23.874887,37.992011
12,560,23.875048,37.99266
12,561,23.876247,37.994838
12,562,23.875927,37.996749
12,563,23.874626,37.995658
12,564,23.873066,37.995788
12,565,23.870356,37.996009
12,566,23.868216,37.9971
12,567,23.865136,37.998752
12,568,23.862205,37.999954
12,569,23.859395,38.001655
12,570,23.857916,38.003227
12,571,23.858016,38.005458
12,572,23.858484,38.007179
12,573,23.858503,38.007259
12,574,23.857264,38.00788
12,575,23.854334,38.008842
12,576,23.850423,38.009562
12,577,23.846205,38.010253
12,578,23.842325,38.010741
12,579,23.838325,38.011802
12,580,23.837475,38.01221
12,581,23.836134,38.012771
12,582,23.836074,38.012801
12,583,23.835875,38.01284
12,584,23.834595,38.013118
12,585,23.833865,38.013259
12,586,23.833845,38.013271
12,587,23.832066,38.01366
12,588,23.831205,38.013851
12,589,23.829815,38.01403
12,590,23.828254,38.014068
12,591,23.827315,38.014098
12,592,23.826344,38.014068
12,593,23.825344,38.014018
12,594,23.824863,38.013999
12,595,23.823923,38.013988
12,596,23.823383,38.013999
12,597,23.823112,38.013961
12,598,23.822992,38.013931
12,599,23.820982,38.01385
12,600,23.818401,38.014682
12,601,23.818101,38.014732
12,602,23.816581,38.015293
12,603,23.815742,38.015723
12,604,23.814852,38.016154
12,605,23.812422,38.017124
12,606,23.811852,38.017322
12,607,23.8108,38.017741
12,608,23.810791,38.017741
12,609,23.809952,38.018051
12,610,23.809912,38.018062
12,611,23.809042,38.018413
12,612,23.808691,38.018573
12,613,23.807862,38.018875
12,614,23.807802,38.018894
12,615,23.807343,38.019034
12,616,23.804323,38.018454
12,617,23.802534,38.018134
12,618,23.802263,38.018096
12,619,23.801183,38.017978
12,620,23.799213,38.017677
12,621,23.797354,38.017627
12,622,23.797273,38.017657
12,623,23.796833,38.017776
12,624,23.796093,38.018127
12,625,23.796053,38.018077
12,626,23.794804,38.017128
12,627,23.793113,38.016277
