120,1,23.930547,37.839012
120,2,23.930899,37.839771
120,3,23.931488,37.840202
120,4,23.932219,37.840534
120,5,23.929918,37.842483
120,6,23.928947,37.844912
120,7,23.928858,37.848823
120,8,23.929628,37.852973
120,9,23.930548,37.857505
120,10,23.931318,37.860866
120,11,23.931388,37.860866
120,12,23.931648,37.861377
120,13,23.930507,37.864696
120,14,23.929117,37.868994
120,15,23.930817,37.871807
120,16,23.931286,37.873325
120,17,23.930185,37.875675
120,18,23.928066,37.879333
120,19,23.925627,37.883453
120,20,23.924877,37.884773
120,21,23.924317,37.885943
120,22,23.922925,37.887603
120,23,23.920626,37.889995
120,24,23.916617,37.892746
120,25,23.912077,37.895626
120,26,23.907566,37.898876
120,27,23.903365,37.900886
120,28,23.897356,37.901706
120,29,23.895216,37.903304
120,30,23.894325,37.905623
120,31,23.894625,37.910014
120,32,23.895254,37.912296
120,33,23.893724,37.915526
120,34,23.891494,37.919258
120,35,23.887975,37.922358
120,36,23.883625,37.924327
120,37,23.885875,37.927986
120,38,23.883295,37.931476
120,39,23.879835,37.934776
120,40,23.875685,37.938723
120,41,23.871004,37.942752
120,42,23.866164,37.946304
120,43,23.863274,37.949382
120,44,23.864004,37.950812
120,45,23.865105,37.95159
120,46,23.869314,37.951831
120,47,23.875145,37.952651
120,48,23.880816,37.953483
120,49,23.884744,37.954753
120,50,23.889685,37.956683
120,51,23.894405,37.958823
120,52,23.897825,37.962325
120,53,23.902395,37.963016
120,54,23.907076,37.964206
120,55,23.906305,37.965877
120,56,23.905895,37.968066
120,57,23.905475,37.971366
120,58,23.902996,37.975135
120,59,23.898656,37.978076
120,60,23.895057,37.980407
120,61,23.891878,37.982509
120,62,23.887789,37.985137
120,63,23.883949,37.987289
120,64,23.883039,37.98767
120,65,23.88043,37.988791
120,66,23.881171,37.989741
120,67,23.8812,37.98978
120,68,23.881171,37.98978
120,69,23.881269,37.99002
120,70,23.88135,37.99015
120,71,23.88139,37.990169
120,72,23.88125,37.990108
120,73,23.881232,37.990077
120,74,23.881241,37.989886
120,75,23.881231,37.989948
120,76,23.881092,37.989787
120,77,23.881073,37.989787
120,78,23.880943,37.989669
120,79,23.880224,37.988998
120,80,23.879015,37.989638
120,81,23.876754,37.991099
120,82,23.874855,37.99237
120,83,23.873964,37.991378
120,84,23.872294,37.989787
120,85,23.869944,37.990638
120,86,23.869974,37.990829
120,87,23.870233,37.991027
120,88,23.871403,37.992278
120,89,23.871462,37.9944
120,90,23.870281,37.995788
120,91,23.870281,37.995799
120,92,23.868521,37.996848
120,93,23.86552,37.998489
120,94,23.862561,37.99977
120,95,23.8596,38.00146
120,96,23.85792,38.002082
120,97,23.858179,38.000411
120,98,23.858108,37.998771
120,99,23.857569,37.997932
120,100,23.856909,37.997702
120,101,23.854349,37.997993
120,102,23.85269,37.998184
120,103,23.85265,37.998825
120,104,23.85254,37.999446
120,105,23.85145,37.998855
120,106,23.850269,37.997966
120,107,23.849589,37.997664
120,108,23.848348,37.997195
120,109,23.847368,37.996895
120,110,23.845978,37.996722
120,111,23.844908,37.997104
120,112,23.844868,37.997066
120,113,23.845318,37.996794
120,114,23.845167,37.996734
120,115,23.845297,37.996722
120,116,23.846547,37.996532
120,117,23.846886,37.996593
120,118,23.846895,37.996593
120,119,23.847626,37.996844
120,120,23.848995,37.997374
120,121,23.850275,37.997943
120,122,23.851616,37.998935
120,123,23.852615,37.999126
120,124,23.852615,37.998214
120,125,23.854725,37.997882
120,126,23.857466,37.997661
120,127,23.857935,37.998439
120,128,23.858234,38.000129
120,129,23.857935,38.002151
120,130,23.858474,38.002051
120,131,23.861835,37.999972
120,132,23.865675,37.998321
120,133,23.870275,37.995903
120,134,23.873584,37.993373
120,135,23.875385,37.991912
120,136,23.877806,37.990321
120,137,23.880285,37.988982
120,138,23.880526,37.989193
120,139,23.880556,37.989192
120,140,23.881166,37.98976
120,141,23.881326,37.990131
120,142,23.881386,37.99002
120,143,23.881385,37.990058
120,144,23.881636,37.990348
120,145,23.881765,37.990448
120,146,23.881774,37.990448
120,147,23.881914,37.990558
120,148,23.881914,37.990577
120,149,23.881874,37.990477
120,150,23.881343,37.990097
120,151,23.881343,37.990078
120,152,23.881033,37.989688
120,153,23.880284,37.989017
120,154,23.880123,37.989047
120,155,23.878573,37.989967
120,156,23.876152,37.991558
120,157,23.874533,37.992099
120,158,23.872932,37.990077
120,159,23.870953,37.990077
120,160,23.870012,37.990855
120,161,23.871313,37.992175
120,162,23.871553,37.994376
120,163,23.870304,37.995807
120,164,23.870304,37.995807
120,165,23.870314,37.995857
120,166,23.868214,37.997077
120,167,23.865034,37.998778
120,168,23.861414,38.000258
120,169,23.858253,38.002288
120,170,23.857873,38.004168
120,171,23.858314,38.006629
120,172,23.858394,38.0069
120,173,23.858494,38.007251
120,174,23.858485,38.0073
120,175,23.859265,38.007419
120,176,23.860394,38.00732
120,177,23.860473,38.007331
120,178,23.860784,38.008602
120,179,23.861105,38.01036
120,180,23.861195,38.01152
120,181,23.860285,38.013091
120,182,23.860364,38.015021
120,183,23.860266,38.016341
120,184,23.860466,38.018363
120,185,23.860426,38.019744
120,186,23.860286,38.020786
120,187,23.859858,38.022704
120,188,23.859698,38.025245
120,189,23.859247,38.028655
120,190,23.858778,38.031104
120,191,23.857158,38.031665
120,192,23.856749,38.032474
120,193,23.857159,38.033534
120,194,23.855619,38.034865
120,195,23.853079,38.036895
120,196,23.850699,38.039523
120,197,23.848268,38.041545
120,198,23.845148,38.043246
120,199,23.842847,38.044536
120,200,23.840498,38.045886
120,201,23.840427,38.045947
120,202,23.840097,38.046188
120,203,23.840097,38.046199
120,204,23.839937,38.046317
120,205,23.839767,38.046458
120,206,23.839767,38.046458
120,207,23.839197,38.046539
120,208,23.837207,38.045028
120,209,23.835468,38.043708
120,210,23.834398,38.042868
120,211,23.833347,38.04206
120,212,23.832977,38.0418
120,213,23.832678,38.04156
120,214,23.832628,38.04156
120,215,23.832489,38.04148
120,216,23.832298,38.041339
120,217,23.831719,38.040908
120,218,23.831447,38.040709
120,219,23.831148,38.040401
120,220,23.831148,38.040389
120,221,23.830479,38.03992
120,222,23.829979,38.04111
120,223,23.829418,38.042949
120,224,23.828829,38.043837
120,225,23.826649,38.042796
120,226,23.824259,38.041827
120,227,23.821989,38.042128
120,228,23.819649,38.042308
120,229,23.819438,38.041377
120,230,23.819339,38.039996
120,231,23.817589,38.040836
120,232,23.815528,38.042335
120,233,23.812859,38.043784
120,234,23.809898,38.044715
120,235,23.807928,38.045444
120,236,23.807838,38.045455
120,237,23.80782,38.045455
120,238,23.807619,38.045486
120,239,23.805948,38.044974
120,240,23.803487,38.042094
120,241,23.801117,38.038913
120,242,23.798267,38.036494
120,243,23.795778,38.034126
120,244,23.793737,38.031855
120,245,23.792208,38.030257
120,246,23.791468,38.030098
120,247,23.790728,38.031078
120,248,23.788818,38.031719
120,249,23.787399,38.032317
120,250,23.786809,38.032496
120,251,23.78651,38.032058
120,252,23.786831,38.031707
120,253,23.78697,38.032249
120,254,23.786929,38.032367
120,255,23.786911,38.032379
120,256,23.786881,38.03234
120,257,23.786881,38.032302
120,258,23.786649,38.031894
120,259,23.78635,38.032146
120,260,23.786331,38.032146
120,261,23.786871,38.032607
120,262,23.788441,38.031887
120,263,23.789581,38.031486
120,264,23.79115,38.030257
120,265,23.791261,38.029357
120,266,23.790543,38.028396
120,267,23.789892,38.027606
120,268,23.789312,38.025138
120,269,23.789281,38.024867
120,270,23.789263,38.024836
120,271,23.789203,38.024585
120,272,23.789204,38.024524
120,273,23.789163,38.024272
120,274,23.789174,38.024272
120,275,23.790033,38.023571
120,276,23.792864,38.021769
120,277,23.794853,38.019008
120,278,23.797012,38.017467
120,279,23.798732,38.017406
120,280,23.798763,38.017406
120,281,23.799593,38.017475
120,282,23.801643,38.017776
120,283,23.802643,38.018016
120,284,23.803173,38.018085
120,285,23.804224,38.018295
120,286,23.805155,38.018485
120,287,23.806215,38.018706
120,288,23.809426,38.019336
120,289,23.812416,38.020057
120,290,23.813097,38.020217
120,291,23.816677,38.020927
120,292,23.821358,38.022025
120,293,23.826027,38.022715
120,294,23.828827,38.023284
120,295,23.829377,38.023403
120,296,23.829796,38.023483
120,297,23.830437,38.023612
120,298,23.830627,38.023651
120,299,23.831007,38.023742
120,300,23.831787,38.024021
120,301,23.832768,38.024642
120,302,23.833498,38.025092
120,303,23.834367,38.026313
120,304,23.836138,38.028163
120,305,23.837867,38.027904
120,306,23.840859,38.026622
120,307,23.842699,38.026432
120,308,23.84499,38.025542
120,309,23.848749,38.024993
120,310,23.848959,38.024932
120,311,23.848648,38.023772
120,312,23.847008,38.021171
120,313,23.846116,38.019821
120,314,23.845627,38.018538
120,315,23.846317,38.018051
120,316,23.849108,38.017761
120,317,23.851768,38.01762
120,318,23.85307,38.015209
120,319,23.85503,38.011207
120,320,23.85717,38.009727
120,321,23.8579,38.009067
120,322,23.85812,38.008796
120,323,23.8581,38.008735
120,324,23.85795,38.008525
120,325,23.857851,38.008274
120,326,23.857891,38.008223
120,327,23.857,38.008075
120,328,23.85525,38.008456
120,329,23.85528,38.006778
120,330,23.85585,38.005409
120,331,23.85634,38.004188
120,332,23.85709,38.002917
120,333,23.86055,38.000815
120,334,23.86445,37.999095
120,335,23.86849,37.996917
120,336,23.872841,37.994777
120,337,23.874171,37.992866
120,338,23.87649,37.991317
120,339,23.87982,37.989207
120,340,23.881109,37.98983
120,341,23.881309,37.99002
120,342,23.881769,37.990482
120,343,23.88184,37.990542
120,344,23.88203,37.990604
120,345,23.881931,37.990566
120,346,23.881382,37.990078
120,347,23.881391,37.990116
120,348,23.881011,37.989635
120,349,23.880232,37.989165
120,350,23.878511,37.990177
120,351,23.875942,37.991828
120,352,23.874351,37.991797
120,353,23.872641,37.989787
120,354,23.87018,37.990546
120,355,23.87087,37.991687
120,356,23.87211,37.993968
120,357,23.8703,37.995739
120,358,23.868829,37.996688
120,359,23.86561,37.998458
120,360,23.86203,37.999976
120,361,23.85953,38.001537
120,362,23.857978,38.002795
120,363,23.857979,38.005107
120,364,23.85821,38.006206
120,365,23.858241,38.006324
120,366,23.85836,38.006744
120,367,23.85837,38.006763
120,368,23.858469,38.007052
120,369,23.858488,38.007091
120,370,23.858787,38.007461
120,371,23.860258,38.007251
120,372,23.860267,38.007251
120,373,23.860798,38.008453
120,374,23.861137,38.010443
120,375,23.861236,38.011935
120,376,23.860346,38.013366
120,377,23.860365,38.015376
120,378,23.860306,38.016567
120,379,23.860386,38.017566
120,380,23.860475,38.019084
120,381,23.860444,38.019653
120,382,23.860435,38.019851
120,383,23.860426,38.019862
120,384,23.860265,38.020984
120,385,23.859966,38.022365
120,386,23.859716,38.023376
120,387,23.859707,38.023387
120,388,23.858606,38.024097
120,389,23.855047,38.024719
120,390,23.851606,38.025817
120,391,23.850706,38.026127
120,392,23.850706,38.026127
120,393,23.849806,38.026416
120,394,23.846975,38.027526
120,395,23.844426,38.029006
120,396,23.843435,38.027526
120,397,23.841937,38.027686
120,398,23.839217,38.028858
120,399,23.838775,38.029048
120,400,23.838306,38.029247
120,401,23.838106,38.029345
120,402,23.837847,38.029464
120,403,23.837387,38.029663
120,404,23.837378,38.029673
120,405,23.836976,38.029384
120,406,23.836057,38.028102
120,407,23.835888,38.027911
120,408,23.835287,38.027233
120,409,23.834817,38.02677
120,410,23.833689,38.025462
120,411,23.832918,38.024951
120,412,23.832347,38.025672
120,413,23.831297,38.026191
120,414,23.830156,38.026882
120,415,23.828815,38.027782
120,416,23.829985,38.026981
120,417,23.830274,38.026832
120,418,23.830916,38.026382
120,419,23.830934,38.02637
120,420,23.831434,38.0261
120,421,23.832603,38.025268
120,422,23.833192,38.024917
120,423,23.834183,38.026199
120,424,23.834873,38.02684
120,425,23.835434,38.027358
120,426,23.836474,38.028487
120,427,23.838604,38.027599
120,428,23.840944,38.026538
120,429,23.842304,38.025997
120,430,23.843884,38.026008
120,431,23.847214,38.025257
120,432,23.848845,38.024978
120,433,23.848944,38.024489
120,434,23.847694,38.022178
120,435,23.845995,38.019619
120,436,23.844505,38.016707
120,437,23.844076,38.015689
120,438,23.844076,38.015677
120,439,23.844066,38.015696
120,440,23.844066,38.015696
120,441,23.843786,38.014759
120,442,23.843456,38.012927
120,443,23.843456,38.012397
120,444,23.843456,38.012359
120,445,23.843607,38.01139
120,446,23.843626,38.011321
120,447,23.843666,38.011061
120,448,23.846796,38.010062
120,449,23.851705,38.009231
120,450,23.853435,38.008952
120,451,23.854885,38.008552
120,452,23.855175,38.007041
120,453,23.855736,38.00558
120,454,23.856257,38.004291
120,455,23.857597,38.002589
120,456,23.861387,38.000209
120,457,23.865568,37.998427
120,458,23.869947,37.996017
120,459,23.873638,37.993335
120,460,23.874649,37.992454
120,461,23.877628,37.990486
120,462,23.880289,37.988975
120,463,23.881378,37.990134
120,464,23.881138,37.990474
120,465,23.881218,37.990604
120,466,23.881218,37.990615
120,467,23.881807,37.990814
120,468,23.881897,37.990542
120,469,23.881277,37.990062
120,470,23.881397,37.990092
120,471,23.881456,37.990061
120,472,23.881327,37.990211
120,473,23.881386,37.990691
120,474,23.881445,37.99116
120,475,23.881495,37.991599
120,476,23.881334,37.991599
120,477,23.881334,37.991611
120,478,23.881543,37.991642
120,479,23.881934,37.99052
120,480,23.881333,37.990218
120,481,23.881212,37.990298
120,482,23.881181,37.990268
120,483,23.88128,37.990207
120,484,23.882052,37.990657
120,485,23.881752,37.991477
120,486,23.881382,37.991638
120,487,23.881382,37.991668
120,488,23.881573,37.991668
120,489,23.881942,37.990909
120,490,23.882543,37.98947
120,491,23.883324,37.987651
120,492,23.886383,37.98598
120,493,23.890334,37.983649
120,494,23.894515,37.980819
120,495,23.898924,37.977981
120,496,23.902985,37.975192
120,497,23.905435,37.971393
120,498,23.905864,37.968002
120,499,23.906185,37.966491
120,500,23.906465,37.965271
120,501,23.905985,37.964179
120,502,23.901276,37.963057
120,503,23.900416,37.961116
120,504,23.900555,37.959334
120,505,23.900364,37.957065
120,506,23.900204,37.955055
120,507,23.899124,37.953414
120,508,23.897574,37.950046
120,509,23.895584,37.946025
120,510,23.893645,37.942024
120,511,23.891674,37.937774
120,512,23.889574,37.933574
120,513,23.886854,37.933574
120,514,23.884113,37.935093
120,515,23.882803,37.9327
120,516,23.882853,37.931842
120,517,23.885403,37.929351
120,518,23.883534,37.925571
120,519,23.887644,37.922381
120,520,23.891813,37.91854
120,521,23.894563,37.913971
120,522,23.894453,37.909721
120,523,23.894253,37.905131
120,524,23.894743,37.903663
120,525,23.894752,37.903652
120,526,23.894222,37.902911
120,527,23.890623,37.900383
120,528,23.886003,37.898842
120,529,23.884612,37.897929
120,530,23.883423,37.894271
120,531,23.883013,37.89236
120,532,23.881613,37.891151
120,533,23.881082,37.888419
120,534,23.880423,37.887069
120,535,23.879692,37.884548
120,536,23.879362,37.883907
120,537,23.879362,37.883907
120,538,23.879322,37.883746
120,539,23.879263,37.881236
120,540,23.878582,37.878184
120,541,23.876732,37.875156
120,542,23.877542,37.872504
120,543,23.880152,37.869735
120,544,23.883411,37.867565
120,545,23.885962,37.864405
120,546,23.888252,37.861605
120,547,23.889932,37.860187
120,548,23.892542,37.858047
120,549,23.895092,37.856086
120,550,23.899332,37.855285
120,551,23.902502,37.854797
120,552,23.907072,37.852748
120,553,23.912592,37.85025
120,554,23.916972,37.84825
120,555,23.919382,37.846129
120,556,23.923853,37.844588
120,557,23.924813,37.845588
120,558,23.928153,37.843848
120,559,23.930252,37.84217
120,560,23.932532,37.84016
120,561,23.931551,37.839691
120,562,23.9312,37.83905
120,563,23.931431,37.839351
