121,1,23.930559,37.838985
121,2,23.931009,37.840015
121,3,23.931518,37.840865
121,4,23.930168,37.842205
121,5,23.928027,37.843875
121,6,23.924608,37.845504
121,7,23.923159,37.844783
121,8,23.918749,37.846294
121,9,23.916359,37.848445
121,10,23.912319,37.850333
121,11,23.90773,37.852393
121,12,23.90324,37.854434
121,13,23.89979,37.855266
121,14,23.89564,37.855895
121,15,23.89282,37.857246
121,16,23.891321,37.859557
121,17,23.888601,37.861209
121,18,23.887312,37.862579
121,19,23.885431,37.864917
121,20,23.883361,37.867637
121,21,23.880432,37.869536
121,22,23.877722,37.872348
121,23,23.87675,37.874919
121,24,23.87804,37.87744
121,25,23.879249,37.87997
121,26,23.879259,37.883079
121,27,23.87921,37.883888
121,28,23.879259,37.883968
121,29,23.879799,37.884818
121,30,23.880419,37.887397
121,31,23.880909,37.888019
121,32,23.881759,37.891059
121,33,23.88348,37.893977
121,34,23.884951,37.898418
121,35,23.888691,37.899516
121,36,23.893452,37.902057
121,37,23.8947,37.903228
121,38,23.894711,37.903228
121,39,23.894421,37.904738
121,40,23.89454,37.909339
121,41,23.894301,37.914538
121,42,23.89151,37.919219
121,43,23.88743,37.922389
121,44,23.883561,37.9252
121,45,23.885571,37.929202
121,46,23.881971,37.932753
121,47,23.877962,37.936565
121,48,23.873792,37.940566
121,49,23.869321,37.944007
121,50,23.865572,37.946746
121,51,23.863192,37.949576
121,52,23.863962,37.950668
121,53,23.864893,37.951499
121,54,23.868883,37.95188
121,55,23.872574,37.952079
121,56,23.872725,37.95185
121,57,23.87253,37.951286
121,58,23.87257,37.951457
121,59,23.87257,37.951618
121,60,23.87257,37.951629
121,61,23.872551,37.951739
121,62,23.872141,37.952201
121,63,23.868071,37.952109
121,64,23.86362,37.951568
121,65,23.862291,37.951629
121,66,23.862282,37.951629
121,67,23.861813,37.951568
121,68,23.863573,37.948837
121,69,23.867042,37.945685
121,70,23.871184,37.942627
121,71,23.872654,37.941478
121,72,23.872654,37.941478
121,73,23.874194,37.940147
121,74,23.878103,37.936397
121,75,23.882032,37.932659
121,76,23.885751,37.928508
121,77,23.883571,37.924117
121,78,23.889442,37.922027
121,79,23.892473,37.917395
121,80,23.894793,37.913554
121,81,23.894462,37.909805
121,82,23.894213,37.906115
121,83,23.895462,37.903026
121,84,23.900542,37.901416
121,85,23.90603,37.899185
121,86,23.910841,37.896384
121,87,23.913801,37.894473
121,88,23.913801,37.894473
121,89,23.916212,37.892974
121,90,23.920532,37.890044
121,91,23.924001,37.886245
121,92,23.926511,37.881694
121,93,23.929312,37.876914
121,94,23.930561,37.871764
121,95,23.92937,37.866985
121,96,23.93123,37.862136
121,97,23.930681,37.858646
121,98,23.92987,37.854014
121,99,23.92889,37.849852
121,100,23.92886,37.845703
121,101,23.929461,37.842841
121,102,23.931912,37.840801
121,103,23.932152,37.840201
121,104,23.931252,37.839153
121,105,23.931211,37.839061
121,106,23.931511,37.839542
