122,1,23.931175,37.838851
122,2,23.930614,37.83929
122,3,23.931104,37.840301
122,4,23.931585,37.841022
122,5,23.929805,37.842514
122,6,23.928915,37.845394
122,7,23.928955,37.850173
122,8,23.930195,37.855021
122,9,23.930954,37.85987
122,10,23.931753,37.861099
122,11,23.930594,37.864509
122,12,23.929323,37.869331
122,13,23.930433,37.871101
122,14,23.931313,37.87355
122,15,23.930952,37.874439
122,16,23.928722,37.87825
122,17,23.926123,37.882659
122,18,23.925013,37.884548
122,19,23.924442,37.885695
122,20,23.923992,37.886657
122,21,23.921682,37.888827
122,22,23.918124,37.89188
122,23,23.913383,37.894809
122,24,23.908952,37.897628
122,25,23.905102,37.9006
122,26,23.899231,37.90137
122,27,23.895432,37.90314
122,28,23.894951,37.903651
122,29,23.894401,37.90747
122,30,23.895293,37.912371
122,31,23.892841,37.917022
122,32,23.890081,37.921573
122,33,23.884692,37.923011
122,34,23.884972,37.927039
122,35,23.884253,37.930618
122,36,23.883281,37.933368
122,37,23.885221,37.934429
122,38,23.888941,37.932807
122,39,23.89101,37.936057
122,40,23.892509,37.939467
122,41,23.8941,37.942978
122,42,23.89587,37.946518
122,43,23.897659,37.950198
122,44,23.89938,37.95362
122,45,23.9002,37.95534
122,46,23.90037,37.956962
122,47,23.90057,37.959281
122,48,23.90045,37.961883
122,49,23.900989,37.962852
122,50,23.90457,37.963733
122,51,23.906889,37.964183
122,52,23.906908,37.964732
122,53,23.906248,37.966422
122,54,23.905739,37.968703
122,55,23.90494,37.972495
122,56,23.901359,37.976344
122,57,23.89654,37.979465
122,58,23.89296,37.981795
122,59,23.88951,37.984176
122,60,23.885339,37.986514
122,61,23.8832,37.987636
122,62,23.880829,37.988616
122,63,23.881029,37.989627
122,64,23.881498,37.990196
122,65,23.881517,37.990226
122,66,23.881977,37.990527
122,67,23.881977,37.990566
122,68,23.882067,37.990657
122,69,23.881946,37.990577
122,70,23.881636,37.990355
122,71,23.881315,37.990134
122,72,23.881315,37.990123
122,73,23.881796,37.990424
122,74,23.882045,37.991176
122,75,23.881546,37.992976
122,76,23.880865,37.995437
122,77,23.880195,37.997997
122,78,23.880396,38.000296
122,79,23.880707,38.002398
122,80,23.882036,38.002399
122,81,23.884056,38.001937
122,82,23.884707,38.002078
122,83,23.884386,38.003268
122,84,23.885036,38.003589
122,85,23.888087,38.004069
122,86,23.891716,38.004501
122,87,23.896317,38.003711
122,88,23.899396,38.003192
122,89,23.900368,38.003093
122,90,23.904417,38.002654
122,91,23.909848,38.002562
122,92,23.912937,38.000193
122,93,23.918118,37.998725
122,94,23.923597,37.997657
122,95,23.928908,37.997997
122,96,23.934277,37.999427
122,97,23.939167,38.001567
122,98,23.940777,38.001987
122,99,23.942057,38.002356
122,100,23.945587,38.003497
122,101,23.950506,38.004989
122,102,23.955366,38.006439
122,103,23.959437,38.007579
122,104,23.964426,38.008068
122,105,23.969736,38.010405
122,106,23.974486,38.012656
122,107,23.977545,38.015666
122,108,23.979704,38.017966
122,109,23.979954,38.018085
122,110,23.980004,38.018115
122,111,23.980513,38.018546
122,112,23.980513,38.018558
122,113,23.980362,38.01857
122,114,23.980482,38.018729
122,115,23.980092,38.018329
122,116,23.978113,38.016787
122,117,23.977753,38.015937
122,118,23.977592,38.016078
122,119,23.977333,38.015719
122,120,23.977293,38.015681
122,121,23.977262,38.01559
122,122,23.977282,38.01575
122,123,23.977291,38.01583
122,124,23.977451,38.01609
122,125,23.977771,38.016101
122,126,23.977652,38.01578
122,127,23.976502,38.014232
122,128,23.97631,38.014262
122,129,23.976171,38.014064
122,130,23.976202,38.014095
122,131,23.976143,38.014034
122,132,23.973752,38.012134
122,133,23.968413,38.010223
122,134,23.962942,38.007911
122,135,23.957332,38.0069
122,136,23.952013,38.005462
122,137,23.946653,38.003833
122,138,23.942623,38.002594
122,139,23.938842,38.001471
122,140,23.935453,37.999873
122,141,23.931883,37.998645
122,142,23.927763,37.997893
122,143,23.922064,37.997882
122,144,23.915934,37.999293
122,145,23.911663,38.002185
122,146,23.906492,38.002624
122,147,23.902442,38.002864
122,148,23.902243,38.002883
122,149,23.901093,38.003013
122,150,23.900522,38.003081
122,151,23.899822,38.003173
122,152,23.896772,38.003684
122,153,23.891243,38.004622
122,154,23.887703,38.004093
122,155,23.886143,38.00384
122,156,23.885092,38.003681
122,157,23.884571,38.00365
122,158,23.884291,38.00362
122,159,23.883841,38.003607
122,160,23.883461,38.00362
122,161,23.882931,38.003737
122,162,23.882571,38.003799
122,163,23.882049,38.003836
122,164,23.88166,38.003868
122,165,23.880861,38.003776
122,166,23.880692,38.001975
122,167,23.880142,37.999046
122,168,23.880292,37.997664
122,169,23.880573,37.996597
122,170,23.881424,37.993427
122,171,23.881954,37.990657
122,172,23.881294,37.990127
122,173,23.881334,37.990035
122,174,23.881334,37.990097
122,175,23.881874,37.990527
122,176,23.881905,37.990558
122,177,23.882035,37.990638
122,178,23.881883,37.9906
122,179,23.881303,37.990138
122,180,23.881294,37.990119
122,181,23.881235,37.989929
122,182,23.880255,37.988998
122,183,23.879244,37.989509
122,184,23.877004,37.990947
122,185,23.874874,37.992347
122,186,23.873595,37.990828
122,187,23.871944,37.989829
122,188,23.870076,37.990821
122,189,23.871605,37.992381
122,190,23.871095,37.994552
122,191,23.870315,37.995723
122,192,23.870315,37.995734
122,193,23.868835,37.996616
122,194,23.865765,37.998317
122,195,23.862055,37.999896
122,196,23.858785,38.001925
122,197,23.857906,38.003585
122,198,23.858227,38.006107
122,199,23.858597,38.007389
122,200,23.857657,38.007689
122,201,23.855146,38.008521
122,202,23.851295,38.009292
122,203,23.847666,38.009921
122,204,23.845136,38.01033
122,205,23.842926,38.010589
122,206,23.839466,38.01118
122,207,23.836077,38.012709
122,208,23.832756,38.01342
122,209,23.832065,38.013549
122,210,23.829996,38.013881
122,211,23.829497,38.0139
122,212,23.829047,38.0139
122,213,23.828646,38.013881
122,214,23.827647,38.013881
122,215,23.827236,38.0139
122,216,23.826346,38.01387
122,217,23.825195,38.013831
122,218,23.823894,38.013751
122,219,23.823875,38.013751
122,220,23.822506,38.01369
122,221,23.819456,38.013309
122,222,23.816776,38.012588
122,223,23.816406,38.012458
122,224,23.813396,38.011756
122,225,23.811966,38.011455
122,226,23.811506,38.011356
122,227,23.808576,38.010455
122,228,23.804346,38.008487
122,229,23.802045,38.007605
122,230,23.801725,38.007495
122,231,23.798775,38.006766
122,232,23.796975,38.006126
122,233,23.796674,38.006007
122,234,23.795225,38.005249
122,235,23.794556,38.004787
122,236,23.793545,38.004097
122,237,23.793455,38.004047
122,238,23.793125,38.003795
122,239,23.792765,38.003524
122,240,23.792434,38.003223
122,241,23.792324,38.003154
122,242,23.792254,38.003105
122,243,23.791464,38.002463
122,244,23.789123,38.001735
122,245,23.788763,38.001624
122,246,23.787224,38.001033
122,247,23.785235,38.001983
122,248,23.784044,38.002574
122,249,23.783924,38.002624
122,250,23.782664,38.003272
122,251,23.781664,38.002483
122,252,23.779483,38.001403
122,253,23.777603,38.001174
122,254,23.776393,38.000994
122,255,23.774383,38.001754
122,256,23.773813,38.002013
122,257,23.773724,38.002032
122,258,23.773573,38.002101
122,259,23.772083,38.000762
122,260,23.769354,37.998321
122,261,23.767324,37.994342
122,262,23.766605,37.992953
122,263,23.765945,37.991515
122,264,23.765945,37.991503
122,265,23.765735,37.991214
122,266,23.765307,37.990623
122,267,23.764797,37.989951
122,268,23.764458,37.989582
122,269,23.763977,37.988982
122,270,23.763727,37.988681
122,271,23.763327,37.988281
122,272,23.762906,37.987949
122,273,23.762266,37.987338
122,274,23.762007,37.987148
122,275,23.761696,37.987277
122,276,23.761656,37.987277
122,277,23.761566,37.987506
122,278,23.761215,37.987426
122,279,23.761144,37.987094
122,280,23.761175,37.986984
122,281,23.761194,37.986885
122,282,23.762233,37.986255
122,283,23.762465,37.986155
122,284,23.764515,37.985877
122,285,23.766014,37.987167
122,286,23.766904,37.988128
122,287,23.769554,37.989989
122,288,23.773534,37.992191
122,289,23.777614,37.994601
122,290,23.779104,37.995483
122,291,23.781534,37.996982
122,292,23.783724,37.998683
122,293,23.786675,38.000675
122,294,23.790115,38.002036
122,295,23.791135,38.002315
122,296,23.792326,38.003093
122,297,23.794536,38.004772
122,298,23.797515,38.006282
122,299,23.801256,38.007274
122,300,23.805037,38.008723
122,301,23.809375,38.010753
122,302,23.814535,38.011992
122,303,23.819154,38.013214
122,304,23.823956,38.013713
122,305,23.829836,38.013843
122,306,23.832735,38.013355
122,307,23.832765,38.013355
122,308,23.834255,38.013053
122,309,23.838215,38.011691
122,310,23.843025,38.010661
122,311,23.848175,38.009902
122,312,23.853245,38.009032
122,313,23.854756,38.007701
122,314,23.855465,38.006183
122,315,23.856295,38.005294
122,316,23.856115,38.003513
122,317,23.856966,38.002822
122,318,23.857016,38.002792
122,319,23.857145,38.002791
122,320,23.857155,38.00278
122,321,23.858354,38.002211
122,322,23.862244,37.9999
122,323,23.866434,37.998012
122,324,23.870995,37.99578
122,325,23.874344,37.99269
122,326,23.877825,37.990371
122,327,23.880415,37.9892
122,328,23.881294,37.990242
122,329,23.881393,37.99015
122,330,23.881674,37.990371
122,331,23.881794,37.990402
122,332,23.881945,37.990581
122,333,23.881905,37.990611
122,334,23.881655,37.99034
122,335,23.881396,37.990088
122,336,23.881356,37.9901
122,337,23.881205,37.989909
122,338,23.880264,37.989028
122,339,23.879284,37.989539
122,340,23.877045,37.99097
122,341,23.874714,37.992389
122,342,23.873283,37.990508
122,343,23.872074,37.98986
122,344,23.870045,37.990852
122,345,23.871725,37.992622
122,346,23.870485,37.994861
122,347,23.868835,37.996592
122,348,23.865607,37.998412
122,349,23.862337,37.999843
122,350,23.861958,38.000762
122,351,23.861368,38.002864
122,352,23.861748,38.003883
122,353,23.861908,38.005394
122,354,23.861867,38.006904
122,355,23.862078,38.006915
122,356,23.864508,38.006435
122,357,23.867847,38.005786
122,358,23.870777,38.005256
122,359,23.873197,38.004767
122,360,23.873718,38.004619
122,361,23.874838,38.00484
122,362,23.876018,38.005591
122,363,23.876898,38.005893
122,364,23.877326,38.006583
122,365,23.877877,38.007232
122,366,23.878227,38.007732
122,367,23.878467,38.007694
122,368,23.877977,38.007285
122,369,23.877337,38.006564
122,370,23.877256,38.006496
122,371,23.877256,38.006484
122,372,23.877016,38.005805
122,373,23.875816,38.005423
122,374,23.874586,38.004645
122,375,23.874886,38.004386
122,376,23.877245,38.003818
122,377,23.878435,38.003817
122,378,23.879495,38.003818
122,379,23.880756,38.003699
122,380,23.880737,38.002219
122,381,23.880467,38.00032
122,382,23.880936,37.995639
122,383,23.882255,37.990878
122,384,23.882055,37.990669
122,385,23.881975,37.990569
122,386,23.882005,37.990607
122,387,23.881996,37.990607
122,388,23.881886,37.990448
122,389,23.881895,37.990566
122,390,23.881905,37.990577
122,391,23.881315,37.990146
122,392,23.881315,37.990115
122,393,23.881346,37.990104
122,394,23.881326,37.989986
122,395,23.880327,37.989005
122,396,23.879747,37.989277
122,397,23.877678,37.990558
122,398,23.875167,37.99221
122,399,23.873968,37.99134
122,400,23.872167,37.989829
122,401,23.869957,37.990749
122,402,23.871147,37.991951
122,403,23.871856,37.994208
122,404,23.870337,37.99578
122,405,23.870337,37.995799
122,406,23.868276,37.99702
122,407,23.864896,37.998839
122,408,23.861347,38.000289
122,409,23.858057,38.002399
122,410,23.857906,38.004409
122,411,23.858017,38.00539
122,412,23.858017,38.005409
122,413,23.858088,38.00571
122,414,23.858147,38.00597
122,415,23.858147,38.00598
122,416,23.858236,38.006389
122,417,23.858236,38.0064
122,418,23.858286,38.006572
122,419,23.858375,38.006862
122,420,23.858385,38.006873
122,421,23.858505,38.007243
122,422,23.858486,38.007312
122,423,23.858057,38.007731
122,424,23.856756,38.00814
122,425,23.856056,38.00841
122,426,23.856256,38.008662
122,427,23.857176,38.009704
122,428,23.855726,38.010673
122,429,23.853657,38.011901
122,430,23.850398,38.012111
122,431,23.847467,38.01226
122,432,23.844698,38.012618
122,433,23.843547,38.012896
122,434,23.843848,38.014617
122,435,23.845078,38.017448
122,436,23.845507,38.018237
122,437,23.845756,38.018699
122,438,23.846497,38.020457
122,439,23.848026,38.022449
122,440,23.849016,38.024417
122,441,23.849075,38.024498
122,442,23.849556,38.025268
122,443,23.849025,38.025737
122,444,23.849096,38.026439
122,445,23.848026,38.027
122,446,23.845196,38.028579
122,447,23.844095,38.028728
122,448,23.842945,38.027236
122,449,23.840445,38.028327
122,450,23.837444,38.029647
122,451,23.836344,38.028498
122,452,23.834592,38.026538
122,453,23.833553,38.025218
122,454,23.832674,38.025206
122,455,23.831844,38.025855
122,456,23.830814,38.026435
122,457,23.829525,38.027274
122,458,23.828744,38.027793
122,459,23.823296,38.032573
122,460,23.823355,38.032562
122,461,23.823315,38.03263
122,462,23.823084,38.032771
122,463,23.823213,38.032661
122,464,23.823293,38.032592
122,465,23.822874,38.032893
122,466,23.822794,38.033004
122,467,23.822865,38.032974
122,468,23.822775,38.032992
122,469,23.822895,38.032882
122,470,23.823154,38.032653
122,471,23.823374,38.032562
122,472,23.830525,38.026572
122,473,23.831825,38.025821
122,474,23.832655,38.025119
122,475,23.833336,38.024878
122,476,23.833916,38.025798
122,477,23.835476,38.02737
122,478,23.836486,38.028461
122,479,23.838766,38.027481
122,480,23.841726,38.026161
122,481,23.843096,38.026412
122,482,23.843947,38.025931
122,483,23.843947,38.025931
122,484,23.844267,38.025814
122,485,23.847548,38.025191
122,486,23.848997,38.024501
122,487,23.847467,38.021793
122,488,23.845507,38.018333
122,489,23.843847,38.014773
122,490,23.843607,38.013836
122,491,23.843558,38.013427
122,492,23.843487,38.012206
122,493,23.843486,38.012168
122,494,23.843486,38.012156
122,495,23.844276,38.010406
122,496,23.849186,38.009627
122,497,23.853416,38.008925
122,498,23.854767,38.007563
122,499,23.855298,38.006126
122,500,23.856296,38.005214
122,501,23.856106,38.003295
122,502,23.859347,38.001544
122,503,23.863146,37.999473
122,504,23.867135,37.997531
122,505,23.870846,37.99573
122,506,23.873757,37.993129
122,507,23.878237,37.990039
122,508,23.880827,37.989479
122,509,23.881487,37.990188
122,510,23.881827,37.990448
122,511,23.881836,37.990458
122,512,23.882005,37.990508
122,513,23.881915,37.990496
122,514,23.881386,37.989955
122,515,23.881376,37.989974
122,516,23.881206,37.989753
122,517,23.880316,37.988902
122,518,23.881485,37.988254
122,519,23.883915,37.987285
122,520,23.888015,37.985015
122,521,23.892765,37.981914
122,522,23.897285,37.978984
122,523,23.902016,37.975932
122,524,23.905056,37.972152
122,525,23.905726,37.968471
122,526,23.906154,37.966632
122,527,23.906836,37.964851
122,528,23.905565,37.964019
122,529,23.901495,37.962951
122,530,23.900444,37.962211
122,531,23.900454,37.95996
122,532,23.900533,37.958282
122,533,23.900413,37.956153
122,534,23.900063,37.954563
122,535,23.899163,37.953441
122,536,23.898392,37.95201
122,537,23.896871,37.948581
122,538,23.894682,37.944262
122,539,23.892641,37.939853
122,540,23.89064,37.935474
122,541,23.888731,37.932822
122,542,23.887701,37.93323
122,543,23.88599,37.933959
122,544,23.88409,37.935039
122,545,23.882921,37.932936
122,546,23.88306,37.931678
122,547,23.885441,37.929317
122,548,23.88385,37.926185
122,549,23.885901,37.922515
122,550,23.891001,37.919967
122,551,23.893991,37.914966
122,552,23.894512,37.909957
122,553,23.894342,37.904738
122,554,23.893873,37.902617
122,555,23.890773,37.900477
122,556,23.886203,37.898906
122,557,23.885003,37.898787
122,558,23.884165,37.896858
122,559,23.883255,37.893447
122,560,23.881825,37.891387
122,561,23.881825,37.891387
122,562,23.881624,37.890529
122,563,23.880154,37.887378
122,564,23.879223,37.886558
122,565,23.876913,37.884548
122,566,23.873922,37.881999
122,567,23.870302,37.879428
122,568,23.866612,37.876639
122,569,23.862411,37.874179
122,570,23.859991,37.873241
122,571,23.858252,37.87315
122,572,23.855563,37.872539
122,573,23.852691,37.8717
122,574,23.848482,37.871158
122,575,23.844011,37.871559
122,576,23.841301,37.871539
122,577,23.838131,37.871528
122,578,23.834681,37.871829
122,579,23.831291,37.869281
122,580,23.829111,37.86856
122,581,23.824491,37.868202
122,582,23.821282,37.865963
122,583,23.818541,37.862983
122,584,23.8162,37.858963
122,585,23.814381,37.854953
122,586,23.811371,37.851744
122,587,23.811892,37.848957
122,588,23.815382,37.846126
122,589,23.81857,37.843524
122,590,23.818611,37.843494
122,591,23.818681,37.843333
122,592,23.817011,37.842132
122,593,23.814862,37.840842
122,594,23.813271,37.839881
122,595,23.81154,37.838851
122,596,23.810859,37.83842
122,597,23.80875,37.8371
122,598,23.80837,37.836848
122,599,23.80773,37.836441
122,600,23.807168,37.836089
122,601,23.806919,37.835979
122,602,23.806899,37.835967
122,603,23.80678,37.835876
122,604,23.806521,37.835704
122,605,23.805549,37.835094
122,606,23.805179,37.834873
122,607,23.80512,37.834835
122,608,23.80369,37.834274
122,609,23.80236,37.834003
122,610,23.802321,37.833751
122,611,23.802321,37.833751
122,612,23.802311,37.833671
122,613,23.80281,37.832579
122,614,23.8024,37.831218
122,615,23.802391,37.831199
122,616,23.801991,37.830218
122,617,23.80135,37.828418
122,618,23.80072,37.826686
122,619,23.800581,37.824595
122,620,23.800001,37.822726
122,621,23.799532,37.822376
122,622,23.797442,37.822357
122,623,23.795891,37.822367
122,624,23.794879,37.822349
122,625,23.793529,37.822361
122,626,23.79385,37.822349
122,627,23.79421,37.822349
122,628,23.794401,37.822337
122,629,23.793852,37.822326
122,630,23.793501,37.822337
122,631,23.793461,37.822559
122,632,23.793442,37.82273
122,633,23.793441,37.823063
122,634,23.793451,37.823181
122,635,23.79347,37.82254
122,636,23.79348,37.822471
122,637,23.794599,37.822272
122,638,23.796459,37.822261
122,639,23.798738,37.822223
122,640,23.800009,37.822593
122,641,23.800579,37.824375
122,642,23.800719,37.826515
122,643,23.801288,37.828032
122,644,23.802038,37.829024
122,645,23.802757,37.829036
122,646,23.803577,37.827937
122,647,23.804139,37.824516
122,648,23.803879,37.821265
122,649,23.803909,37.821204
122,650,23.804759,37.821353
122,651,23.80967,37.821994
122,652,23.815698,37.822535
122,653,23.818419,37.818775
122,654,23.822479,37.813797
122,655,23.827958,37.810268
122,656,23.832489,37.812118
122,657,23.83103,37.814456
122,658,23.83395,37.815967
122,659,23.833481,37.820217
122,660,23.83777,37.820297
122,661,23.836701,37.819964
122,662,23.837111,37.820033
122,663,23.8371,37.820064
122,664,23.8371,37.820064
122,665,23.837221,37.819953
122,666,23.837992,37.820312
122,667,23.840202,37.819461
