123,1,23.707083,38.016971
123,2,23.707693,38.015231
123,3,23.707314,38.013869
123,4,23.706144,38.012828
123,5,23.706145,38.012729
123,6,23.706144,38.012698
123,7,23.706203,38.012618
123,8,23.708754,38.011478
123,9,23.709774,38.011047
123,10,23.712974,38.009716
123,11,23.714215,38.008944
123,12,23.717244,38.009875
123,13,23.718524,38.014175
123,14,23.722565,38.018504
123,15,23.725565,38.023876
123,16,23.727986,38.029456
123,17,23.730166,38.032848
123,18,23.733236,38.037128
123,19,23.734578,38.042068
123,20,23.738317,38.045848
123,21,23.741996,38.049228
123,22,23.745056,38.053149
123,23,23.747356,38.05857
123,24,23.750776,38.06385
123,25,23.756567,38.067199
123,26,23.759687,38.06758
123,27,23.760026,38.069011
123,28,23.759866,38.071601
123,29,23.760566,38.074481
123,30,23.761427,38.076343
123,31,23.762978,38.077994
123,32,23.762688,38.078666
123,33,23.765247,38.081657
123,34,23.768867,38.086108
123,35,23.771337,38.089107
123,36,23.771378,38.089137
123,37,23.771378,38.089137
123,38,23.771597,38.089114
123,39,23.771246,38.089175
123,40,23.77158,38.089129
123,41,23.771491,38.089221
123,42,23.771249,38.089061
123,43,23.77124,38.089061
123,44,23.77067,38.088401
123,45,23.76874,38.086063
123,46,23.766159,38.082862
123,47,23.7638,38.079982
123,48,23.762529,38.078132
123,49,23.761799,38.077552
123,50,23.761429,38.077052
123,51,23.760679,38.074703
123,52,23.76014,38.07136
123,53,23.75872,38.069221
123,54,23.75466,38.066802
123,55,23.749479,38.062183
123,56,23.746069,38.056464
123,57,23.74383,38.051273
123,58,23.741269,38.048862
123,59,23.7367,38.044791
123,60,23.73393,38.03918
123,61,23.73086,38.033981
123,62,23.72773,38.029029
123,63,23.72531,38.023299
123,64,23.721649,38.018107
123,65,23.718309,38.013766
123,66,23.71636,38.009627
123,67,23.715709,38.009219
123,68,23.715729,38.009139
123,69,23.715679,38.008949
123,70,23.715079,38.0088
123,71,23.714838,38.008838
123,72,23.711627,38.010467
123,73,23.709688,38.012236
123,74,23.708538,38.014278
123,75,23.708149,38.014846
123,76,23.70805,38.014926
123,77,23.70795,38.015037
123,78,23.7071,38.017367
123,79,23.70721,38.017578
123,80,23.70705,38.017596
123,81,23.707036,38.017661
