124,1,23.706867,38.017627
124,2,23.707018,38.017177
124,3,23.707049,38.017177
124,4,23.707107,38.017085
124,5,23.707237,38.016414
124,6,23.707417,38.015952
124,7,23.707496,38.015761
124,8,23.707305,38.013942
124,9,23.706156,38.012874
124,10,23.706156,38.012756
124,11,23.706155,38.012676
124,12,23.708376,38.011664
124,13,23.708817,38.011436
124,14,23.709177,38.011275
124,15,23.709738,38.011047
124,16,23.709808,38.011016
124,17,23.710258,38.010826
124,18,23.710258,38.010814
124,19,23.710419,38.010753
124,20,23.711199,38.010463
124,21,23.711199,38.010475
124,22,23.711778,38.010284
124,23,23.712108,38.010112
124,24,23.712119,38.010101
124,25,23.713049,38.00967
124,26,23.713199,38.009609
124,27,23.713259,38.009578
124,28,23.714169,38.008987
124,29,23.714209,38.008987
124,30,23.714369,38.008895
124,31,23.717248,38.009754
124,32,23.718549,38.013915
124,33,23.7204,38.016807
124,34,23.722339,38.018196
124,35,23.72269,38.018424
124,36,23.724291,38.020286
124,37,23.72507,38.021747
124,38,23.725382,38.022597
124,39,23.725771,38.023868
124,40,23.726631,38.025779
124,41,23.726961,38.026481
124,42,23.727711,38.028079
124,43,23.728291,38.02951
124,44,23.72907,38.030849
124,45,23.73096,38.033687
124,46,23.73278,38.036227
124,47,23.734041,38.038646
124,48,23.734312,38.040077
124,49,23.734623,38.041785
124,50,23.735532,38.043357
124,51,23.736482,38.044189
124,52,23.737562,38.04507
124,53,23.739141,38.046481
124,54,23.741732,38.048892
124,55,23.744581,38.051913
124,56,23.746221,38.056193
124,57,23.749121,38.061225
124,58,23.752781,38.065536
124,59,23.75455,38.066368
124,60,23.7564,38.067137
124,61,23.75875,38.068107
124,62,23.76382,38.070136
124,63,23.77075,38.072898
124,64,23.777509,38.075759
124,65,23.78274,38.080477
124,66,23.78661,38.085529
124,67,23.789659,38.089519
124,68,23.791528,38.09196
124,69,23.794889,38.09584
124,70,23.801349,38.098629
124,71,23.80696,38.100829
124,72,23.813289,38.10316
124,73,23.815079,38.103992
124,74,23.815788,38.10538
124,75,23.819878,38.10863
124,76,23.823368,38.113162
124,77,23.826988,38.115493
124,78,23.830149,38.118755
124,79,23.831068,38.118964
124,80,23.833978,38.121906
124,81,23.837259,38.127124
124,82,23.839699,38.131953
124,83,23.840719,38.131385
124,84,23.840819,38.131294
124,85,23.840957,38.131072
124,86,23.841078,38.130931
124,87,23.841087,38.13082
124,88,23.841078,38.13082
124,89,23.841078,38.13076
124,90,23.841047,38.130729
124,91,23.840927,38.130828
124,92,23.841007,38.130878
124,93,23.841026,38.131088
124,94,23.841026,38.131148
124,95,23.840687,38.131759
124,96,23.839756,38.131739
124,97,23.838685,38.129638
124,98,23.836616,38.125296
124,99,23.833057,38.120868
124,100,23.830797,38.118709
124,101,23.828827,38.117359
124,102,23.826297,38.114818
124,103,23.824308,38.113887
124,104,23.823549,38.112006
124,105,23.820429,38.109008
124,106,23.815788,38.104758
124,107,23.809177,38.101977
124,108,23.802686,38.099406
124,109,23.796196,38.096878
124,110,23.793717,38.095127
124,111,23.793186,38.094455
124,112,23.792576,38.093647
124,113,23.792146,38.093066
124,114,23.791536,38.092288
124,115,23.789246,38.089309
124,116,23.785856,38.084918
124,117,23.782547,38.080546
124,118,23.777786,38.076205
124,119,23.772217,38.073757
124,120,23.766657,38.071517
124,121,23.761208,38.069346
124,122,23.758827,38.068965
124,123,23.759867,38.069057
124,124,23.759885,38.067188
124,125,23.759605,38.065658
124,126,23.758646,38.064547
124,127,23.758575,38.064437
124,128,23.757194,38.062816
124,129,23.755495,38.061157
124,130,23.754805,38.060127
124,131,23.754225,38.059349
124,132,23.753575,38.058497
124,133,23.753383,38.058208
124,134,23.753294,38.058197
124,135,23.753423,38.058208
124,136,23.753193,38.05793
124,137,23.753212,38.0578
124,138,23.753351,38.057838
124,139,23.753601,38.058159
124,140,23.754511,38.059318
124,141,23.755152,38.060096
124,142,23.75665,38.061885
124,143,23.757241,38.062335
124,144,23.757351,38.062507
124,145,23.757361,38.062568
124,146,23.757511,38.062728
124,147,23.757582,38.062827
124,148,23.758762,38.064506
124,149,23.759742,38.065997
124,150,23.760122,38.068019
124,151,23.764082,38.070041
124,152,23.769623,38.072322
124,153,23.775303,38.074634
124,154,23.780653,38.078033
124,155,23.784782,38.083102
124,156,23.788671,38.088142
124,157,23.790112,38.090023
124,158,23.792221,38.092792
124,159,23.797062,38.096942
124,160,23.803751,38.099544
124,161,23.810661,38.102245
124,162,23.815041,38.103794
124,163,23.814581,38.105342
124,164,23.818331,38.107142
124,165,23.822761,38.111434
124,166,23.825602,38.114143
124,167,23.828632,38.117114
124,168,23.830683,38.118606
124,169,23.832283,38.120227
124,170,23.836143,38.124698
124,171,23.838894,38.130416
124,172,23.840183,38.131877
124,173,23.840663,38.131446
124,174,23.840783,38.131316
124,175,23.840803,38.131267
124,176,23.840903,38.131007
124,177,23.841001,38.130897
124,178,23.841051,38.130897
124,179,23.84098,38.130989
124,180,23.84098,38.131026
124,181,23.84094,38.131217
124,182,23.84065,38.131598
124,183,23.84065,38.131598
124,184,23.840181,38.13185
124,185,23.83983,38.131942
124,186,23.839691,38.131874
124,187,23.83847,38.129455
124,188,23.83639,38.125056
124,189,23.83243,38.120326
124,190,23.829979,38.118728
124,191,23.828267,38.116778
124,192,23.825299,38.114139
124,193,23.822878,38.111671
124,194,23.818718,38.107669
124,195,23.814548,38.105559
124,196,23.812778,38.104122
124,197,23.80889,38.10205
124,198,23.806139,38.10092
124,199,23.806129,38.10086
124,200,23.80595,38.100749
124,201,23.80543,38.100528
124,202,23.802839,38.099548
124,203,23.798489,38.097869
124,204,23.795618,38.096748
124,205,23.795618,38.096736
124,206,23.795508,38.096645
124,207,23.793587,38.095126
124,208,23.791537,38.092536
124,209,23.790636,38.091205
124,210,23.788166,38.087966
124,211,23.784416,38.083046
124,212,23.779966,38.077766
124,213,23.774066,38.074485
124,214,23.767177,38.071723
124,215,23.762537,38.069892
124,216,23.758926,38.06869
124,217,23.759645,38.069122
124,218,23.759905,38.068191
124,219,23.759874,38.067561
124,220,23.759843,38.067161
124,221,23.759825,38.066752
124,222,23.759824,38.066371
124,223,23.759815,38.06607
124,224,23.759475,38.065379
124,225,23.759136,38.064918
124,226,23.758726,38.064456
124,227,23.758477,38.064277
124,228,23.758356,38.064117
124,229,23.756885,38.062309
124,230,23.755454,38.06092
124,231,23.754764,38.05997
124,232,23.753635,38.058501
124,233,23.753355,38.058303
124,234,23.753204,38.057841
124,235,23.753423,38.058093
124,236,23.754383,38.059444
124,237,23.755082,38.060344
124,238,23.757053,38.062385
124,239,23.757404,38.062774
124,240,23.757814,38.063323
124,241,23.757965,38.063464
124,242,23.759655,38.065826
124,243,23.760146,38.068145
124,244,23.764934,38.070415
124,245,23.771854,38.073226
124,246,23.778675,38.076384
124,247,23.783584,38.081515
124,248,23.787726,38.086955
124,249,23.790895,38.091125
124,250,23.793464,38.094466
124,251,23.800095,38.098167
124,252,23.807854,38.101226
124,253,23.814823,38.103717
124,254,23.814973,38.104277
124,255,23.816624,38.105716
124,256,23.820873,38.109615
124,257,23.824323,38.114093
124,258,23.828274,38.116794
124,259,23.830874,38.118915
124,260,23.833833,38.121887
124,261,23.836843,38.126216
124,262,23.839492,38.131656
124,263,23.840582,38.131435
124,264,23.840641,38.131374
124,265,23.840651,38.131374
124,266,23.840761,38.131282
124,267,23.84086,38.131171
124,268,23.840851,38.13116
124,269,23.840931,38.131099
124,270,23.841041,38.130939
124,271,23.841072,38.130958
124,272,23.840992,38.131069
124,273,23.840961,38.131007
124,274,23.840971,38.131088
124,275,23.840851,38.131229
124,276,23.840851,38.131248
124,277,23.840601,38.131668
124,278,23.839442,38.131297
124,279,23.837751,38.127898
124,280,23.837291,38.125999
124,281,23.839161,38.1263
124,282,23.84235,38.127071
124,283,23.84494,38.127163
124,284,23.84746,38.128883
124,285,23.849989,38.129733
124,286,23.85339,38.130485
124,287,23.856159,38.131015
124,288,23.85845,38.131446
124,289,23.859029,38.131328
124,290,23.85725,38.128836
124,291,23.85611,38.124858
124,292,23.858039,38.122398
124,293,23.857241,38.119288
124,294,23.852911,38.115779
124,295,23.850602,38.114658
124,296,23.850422,38.114566
124,297,23.851791,38.113796
124,298,23.854221,38.111965
124,299,23.85844,38.110232
124,300,23.861771,38.107993
124,301,23.864829,38.106482
124,302,23.86558,38.107814
124,303,23.865719,38.108435
124,304,23.86604,38.108386
124,305,23.866279,38.108317
124,306,23.86574,38.107997
124,307,23.86526,38.106357
124,308,23.86314,38.107348
124,309,23.85881,38.110031
124,310,23.8554,38.111351
124,311,23.85294,38.112991
124,312,23.851151,38.11399
124,313,23.85084,38.114089
124,314,23.849159,38.1142
124,315,23.84562,38.112689
124,316,23.842328,38.110598
124,317,23.84031,38.11211
124,318,23.838459,38.114108
124,319,23.83618,38.116477
124,320,23.834169,38.118117
124,321,23.830999,38.117908
124,322,23.829738,38.117247
124,323,23.833569,38.121158
124,324,23.836889,38.125739
124,325,23.838949,38.1301
124,326,23.84063,38.131648
124,327,23.84098,38.131118
124,328,23.84098,38.131107
124,329,23.840922,38.131144
124,330,23.841001,38.130984
124,331,23.841032,38.130935
124,332,23.841001,38.130924
124,333,23.840931,38.130985
124,334,23.84099,38.130946
124,335,23.841049,38.131008
124,336,23.840688,38.131629
124,337,23.84067,38.131648
124,338,23.83988,38.131919
124,339,23.84045,38.13309
124,340,23.841751,38.135749
124,341,23.843712,38.138061
124,342,23.845322,38.138523
124,343,23.845402,38.138923
124,344,23.845451,38.139174
124,345,23.845481,38.139213
124,346,23.845482,38.139701
124,347,23.844551,38.14067
124,348,23.845541,38.142021
124,349,23.846522,38.143211
124,350,23.847471,38.144259
124,351,23.848421,38.145091
124,352,23.849152,38.14405
124,353,23.848313,38.143588
124,354,23.848193,38.143207
124,355,23.847532,38.143016
124,356,23.847572,38.143077
124,357,23.848213,38.143447
124,358,23.848272,38.143538
124,359,23.849151,38.144149
124,360,23.848291,38.145198
124,361,23.847552,38.14455
124,362,23.844492,38.14094
124,363,23.845371,38.139671
124,364,23.845381,38.139671
124,365,23.84507,38.13848
124,366,23.84201,38.136569
124,367,23.839901,38.131931
124,368,23.84062,38.131641
124,369,23.840971,38.131179
124,370,23.841002,38.13124
124,371,23.841021,38.131209
124,372,23.84107,38.131099
124,373,23.841051,38.131018
124,374,23.84094,38.131088
124,375,23.840629,38.131526
124,376,23.840599,38.131675
124,377,23.840519,38.131866
124,378,23.839739,38.131877
124,379,23.838699,38.129787
124,380,23.836349,38.124846
124,381,23.83236,38.120178
124,382,23.829989,38.118747
124,383,23.828369,38.116939
124,384,23.825588,38.114268
124,385,23.823899,38.113727
124,386,23.822869,38.111388
124,387,23.819229,38.107818
124,388,23.81374,38.103728
124,389,23.80708,38.101138
124,390,23.80072,38.098628
124,391,23.794399,38.09571
124,392,23.791368,38.09212
124,393,23.791319,38.09204
124,394,23.789628,38.091472
124,395,23.786228,38.090972
124,396,23.781149,38.09175
124,397,23.777337,38.09101
124,398,23.775118,38.0922
124,399,23.774677,38.09241
124,400,23.774057,38.092731
124,401,23.770758,38.092372
124,402,23.767748,38.091972
124,403,23.768248,38.092723
124,404,23.770498,38.094543
124,405,23.770868,38.096004
124,406,23.767948,38.096893
124,407,23.764457,38.097953
124,408,23.761667,38.098785
124,409,23.758108,38.099864
124,410,23.756329,38.100425
124,411,23.757418,38.102184
124,412,23.759258,38.104754
124,413,23.760728,38.107616
124,414,23.760949,38.110717
124,415,23.761868,38.111926
124,416,23.763088,38.112247
124,417,23.763939,38.111526
124,418,23.764938,38.111747
124,419,23.765129,38.112498
124,420,23.7652,38.112929
124,421,23.76503,38.112819
124,422,23.765209,38.112578
124,423,23.76507,38.111907
124,424,23.76425,38.111667
124,425,23.763359,38.112358
124,426,23.762089,38.112197
124,427,23.761069,38.111655
124,428,23.760797,38.108085
124,429,23.759178,38.104815
124,430,23.757568,38.102584
124,431,23.756258,38.100326
124,432,23.759687,38.099467
124,433,23.761948,38.098777
124,434,23.762019,38.098747
124,435,23.762539,38.098586
124,436,23.764309,38.097995
124,437,23.767619,38.096953
124,438,23.771429,38.095813
124,439,23.771429,38.095813
124,440,23.772188,38.096671
124,441,23.772938,38.098701
124,442,23.774797,38.10052
124,443,23.776598,38.100699
124,444,23.779049,38.100089
124,445,23.780918,38.10099
124,446,23.785648,38.103641
124,447,23.788338,38.105479
124,448,23.789438,38.105361
124,449,23.790128,38.105693
124,450,23.791819,38.106563
124,451,23.795109,38.106334
124,452,23.799568,38.106285
124,453,23.803248,38.106906
124,454,23.804946,38.106895
124,455,23.805967,38.105773
124,456,23.807488,38.107272
124,457,23.809316,38.107703
124,458,23.810807,38.106124
124,459,23.814586,38.105464
124,460,23.818577,38.107432
124,461,23.822977,38.111701
124,462,23.825907,38.114451
124,463,23.829017,38.117522
124,464,23.830797,38.118651
124,465,23.832937,38.12083
124,466,23.836508,38.125301
124,467,23.838518,38.12947
124,468,23.839998,38.1319
124,469,23.840649,38.131439
124,470,23.840689,38.131408
124,471,23.840969,38.131168
124,472,23.840979,38.131137
124,473,23.841077,38.130996
124,474,23.841118,38.130897
124,475,23.841118,38.130805
124,476,23.840988,38.130835
124,477,23.841188,38.130824
124,478,23.84109,38.131175
124,479,23.84092,38.131507
124,480,23.84078,38.131698
124,481,23.84026,38.132357
124,482,23.841299,38.134429
124,483,23.842758,38.137321
124,484,23.845539,38.138911
124,485,23.845558,38.139202
124,486,23.845558,38.139232
124,487,23.845588,38.139522
124,488,23.844719,38.140353
124,489,23.845329,38.141662
124,490,23.847099,38.143783
124,491,23.84879,38.144763
124,492,23.84907,38.144012
124,493,23.848289,38.143523
124,494,23.84821,38.143191
124,495,23.84825,38.143203
124,496,23.84771,38.143092
124,497,23.84769,38.143183
124,498,23.848231,38.143543
124,499,23.849081,38.144054
124,500,23.848371,38.145095
124,501,23.848312,38.145163
124,502,23.846722,38.143592
124,503,23.844511,38.140384
124,504,23.8446,38.138232
124,505,23.841521,38.135501
124,506,23.840061,38.131851
124,507,23.840691,38.131332
124,508,23.840721,38.13135
124,509,23.840721,38.131332
124,510,23.840641,38.131572
124,511,23.840641,38.131603
124,512,23.840811,38.131351
124,513,23.8411,38.131
124,514,23.841131,38.130938
124,515,23.841122,38.130977
124,516,23.841103,38.130965
124,517,23.841043,38.130946
124,518,23.840843,38.131305
124,519,23.840223,38.131793
124,520,23.839424,38.131133
124,521,23.837944,38.128135
124,522,23.835983,38.124107
124,523,23.832764,38.120555
124,524,23.829143,38.116924
124,525,23.826583,38.114433
124,526,23.823244,38.111182
124,527,23.819355,38.107451
124,528,23.817165,38.1044
124,529,23.816274,38.10271
124,530,23.816274,38.10271
124,531,23.816055,38.102642
124,532,23.816046,38.102642
124,533,23.813965,38.101993
124,534,23.811146,38.099372
124,535,23.810116,38.097011
124,536,23.811457,38.096892
124,537,23.813378,38.096202
124,538,23.814438,38.094603
124,539,23.815578,38.093314
124,540,23.816198,38.093005
124,541,23.816788,38.093043
124,542,23.817207,38.093593
124,543,23.817997,38.093623
124,544,23.817997,38.093623
124,545,23.818108,38.093604
124,546,23.818227,38.093722
124,547,23.818938,38.093413
124,548,23.818706,38.092304
124,549,23.818186,38.091502
124,550,23.817695,38.09133
124,551,23.816225,38.092903
124,552,23.814665,38.094413
124,553,23.812735,38.096564
124,554,23.810274,38.096805
124,555,23.811325,38.099273
124,556,23.814395,38.101913
124,557,23.815657,38.102333
124,558,23.815657,38.102362
124,559,23.816985,38.103812
124,560,23.819755,38.107741
124,561,23.823206,38.111022
124,562,23.827057,38.114783
124,563,23.830708,38.118293
124,564,23.835647,38.123431
124,565,23.838407,38.129111
124,566,23.840627,38.131793
124,567,23.840647,38.131675
124,568,23.840887,38.131293
124,569,23.840927,38.131324
124,570,23.840937,38.131084
124,571,23.840995,38.131023
124,572,23.840995,38.131023
124,573,23.840696,38.131431
124,574,23.840607,38.131709
124,575,23.840587,38.13177
124,576,23.839748,38.131888
124,577,23.838919,38.130267
124,578,23.836988,38.126197
124,579,23.833538,38.121418
124,580,23.830757,38.118747
124,581,23.828927,38.117507
124,582,23.826338,38.114948
124,583,23.824219,38.113917
124,584,23.823379,38.111907
124,585,23.820099,38.108757
124,586,23.816109,38.105037
124,587,23.810659,38.102607
124,588,23.80418,38.100005
124,589,23.797319,38.097346
124,590,23.792629,38.093787
124,591,23.791448,38.092276
124,592,23.789909,38.091709
124,593,23.78686,38.091319
124,594,23.782749,38.091491
124,595,23.778419,38.09117
124,596,23.776279,38.091342
124,597,23.774569,38.092463
124,598,23.774538,38.092494
124,599,23.774318,38.092613
124,600,23.77167,38.092471
124,601,23.768339,38.092063
124,602,23.767719,38.092144
124,603,23.769339,38.093505
124,604,23.77138,38.095577
124,605,23.769479,38.096397
124,606,23.766251,38.097396
124,607,23.762841,38.098475
124,608,23.75959,38.099437
124,609,23.75637,38.100238
124,610,23.756351,38.10062
124,611,23.757412,38.10231
124,612,23.758972,38.104548
124,613,23.759731,38.105559
124,614,23.760632,38.10749
124,615,23.760792,38.110141
124,616,23.761181,38.11214
124,617,23.762741,38.11241
124,618,23.763451,38.112003
124,619,23.764311,38.111553
124,620,23.76497,38.111953
124,621,23.76515,38.112785
124,622,23.765249,38.112876
124,623,23.765579,38.112876
124,624,23.7654,38.113006
124,625,23.765249,38.113086
124,626,23.765139,38.113067
124,627,23.765189,38.112838
124,628,23.765118,38.112247
124,629,23.764437,38.112087
124,630,23.763585,38.112258
124,631,23.762476,38.112388
124,632,23.761095,38.112018
124,633,23.760875,38.108748
124,634,23.759495,38.105209
124,635,23.757335,38.102057
124,636,23.756636,38.100337
124,637,23.759957,38.099417
124,638,23.763446,38.098407
124,639,23.766768,38.097347
124,640,23.771198,38.095966
124,641,23.771019,38.094085
124,642,23.769048,38.092383
124,643,23.769009,38.092315
124,644,23.769539,38.092353
124,645,23.77121,38.092552
124,646,23.774009,38.092731
124,647,23.774099,38.092719
124,648,23.776908,38.09111
124,649,23.781698,38.09185
124,650,23.786078,38.090968
124,651,23.790037,38.091808
124,652,23.792057,38.092746
124,653,23.796087,38.096606
124,654,23.803318,38.099437
124,655,23.810478,38.102249
124,656,23.814968,38.103839
124,657,23.814959,38.104301
124,658,23.816988,38.10599
124,659,23.821499,38.110229
124,660,23.823969,38.114039
124,661,23.827909,38.116378
124,662,23.83096,38.118797
124,663,23.833859,38.121745
124,664,23.837229,38.126884
124,665,23.839669,38.131812
124,666,23.840748,38.131332
124,667,23.840908,38.130931
124,668,23.840848,38.13087
124,669,23.840879,38.13084
124,670,23.840978,38.130931
124,671,23.841049,38.130862
124,672,23.841149,38.130733
124,673,23.841019,38.130744
124,674,23.841098,38.130835
124,675,23.840988,38.131034
124,676,23.841077,38.131015
124,677,23.841137,38.131003
124,678,23.841217,38.130943
124,679,23.841127,38.131164
124,680,23.840208,38.131812
124,681,23.841207,38.134143
124,682,23.843077,38.137721
124,683,23.845556,38.138973
124,684,23.845538,38.139091
124,685,23.844617,38.140491
124,686,23.846028,38.142668
124,687,23.847107,38.143291
124,688,23.846928,38.143401
124,689,23.846477,38.143332
124,690,23.847067,38.143412
124,691,23.846228,38.143111
124,692,23.844747,38.14046
124,693,23.845507,38.139789
124,694,23.844496,38.13835
124,695,23.841246,38.134772
124,696,23.840697,38.131904
124,697,23.841076,38.131153
124,698,23.841085,38.130992
124,699,23.841135,38.130954
124,700,23.840935,38.130862
124,701,23.840953,38.13077
124,702,23.840874,38.130809
124,703,23.840834,38.13084
124,704,23.840843,38.130778
124,705,23.840813,38.130816
124,706,23.840782,38.130877
124,707,23.840772,38.131198
124,708,23.840843,38.131229
124,709,23.840924,38.130797
124,710,23.840904,38.130809
124,711,23.840904,38.13087
124,712,23.840904,38.13087
124,713,23.840874,38.131229
124,714,23.840244,38.131809
124,715,23.838804,38.130027
124,716,23.836334,38.124877
124,717,23.832014,38.119777
124,718,23.829384,38.117945
124,719,23.826263,38.114765
124,720,23.824043,38.113853
124,721,23.823193,38.111663
124,722,23.818832,38.107371
124,723,23.812912,38.10337
124,724,23.806642,38.10091
124,725,23.800203,38.098388
124,726,23.794113,38.095367
124,727,23.791383,38.091998
124,728,23.788723,38.08852
124,729,23.784923,38.083617
124,730,23.780804,38.078468
124,731,23.775564,38.075076
124,732,23.769384,38.072597
124,733,23.762625,38.069877
124,734,23.755994,38.067195
124,735,23.750444,38.063587
124,736,23.746845,38.058036
124,737,23.744585,38.052455
124,738,23.742066,38.049586
124,739,23.741665,38.049198
124,740,23.737786,38.045578
124,741,23.734125,38.040729
124,742,23.732336,38.03609
124,743,23.729465,38.031921
124,744,23.727066,38.0275
124,745,23.724876,38.021937
124,746,23.720646,38.017329
124,747,23.718016,38.01279
124,748,23.715526,38.009109
124,749,23.713037,38.009757
124,750,23.709947,38.011329
124,751,23.708357,38.014289
124,752,23.707317,38.016177
124,753,23.707187,38.017009
124,754,23.707138,38.01673
124,755,23.707058,38.01683
