125,1,23.70716,38.016868
125,2,23.707041,38.016929
125,3,23.707179,38.016361
125,4,23.70768,38.015171
125,5,23.706881,38.013282
125,6,23.706162,38.012763
125,7,23.706171,38.012695
125,8,23.706171,38.012664
125,9,23.70713,38.012374
125,10,23.70903,38.011306
125,11,23.70907,38.011275
125,12,23.709221,38.011214
125,13,23.709451,38.011116
125,14,23.709812,38.010967
125,15,23.709892,38.010936
125,16,23.710071,38.010856
125,17,23.710321,38.010737
125,18,23.711101,38.010428
125,19,23.711101,38.010398
125,20,23.711743,38.010078
125,21,23.711942,38.010017
125,22,23.711953,38.010017
125,23,23.712232,38.009868
125,24,23.713223,38.009467
125,25,23.713232,38.009437
125,26,23.714811,38.008419
125,27,23.717991,38.01036
125,28,23.718761,38.01414
125,29,23.720452,38.01662
125,30,23.722601,38.018211
125,31,23.723331,38.018901
125,32,23.724732,38.020862
125,33,23.725281,38.022212
125,34,23.72567,38.023562
125,35,23.726721,38.025924
125,36,23.7273,38.027183
125,37,23.72777,38.028373
125,38,23.728291,38.029532
125,39,23.728941,38.030642
125,40,23.730212,38.032462
125,41,23.731852,38.034843
125,42,23.733202,38.036834
125,43,23.734001,38.038474
125,44,23.734162,38.039252
125,45,23.734371,38.040614
125,46,23.73574,38.043586
125,47,23.738151,38.045578
125,48,23.740801,38.048007
125,49,23.743721,38.050746
125,50,23.745851,38.055117
125,51,23.748183,38.059638
125,52,23.751512,38.064486
125,53,23.755842,38.066856
125,54,23.760061,38.068595
125,55,23.76612,38.071055
125,56,23.771751,38.073314
125,57,23.777592,38.075835
125,58,23.782651,38.080367
125,59,23.786593,38.085505
125,60,23.790033,38.089984
125,61,23.790573,38.090686
125,62,23.792494,38.093196
125,63,23.797875,38.097316
125,64,23.805274,38.100184
125,65,23.812185,38.102825
125,66,23.814955,38.104415
125,67,23.816925,38.105896
125,68,23.819975,38.108756
125,69,23.823494,38.112838
125,70,23.826794,38.115257
125,71,23.830035,38.118656
125,72,23.831234,38.118975
125,73,23.834244,38.122028
125,74,23.837355,38.12714
125,75,23.838955,38.13037
125,76,23.840555,38.131732
125,77,23.840965,38.13111
125,78,23.841075,38.130919
125,79,23.841075,38.130919
125,80,23.840956,38.13111
125,81,23.840656,38.131519
125,82,23.840656,38.131549
125,83,23.840616,38.131748
125,84,23.839926,38.132018
125,85,23.840616,38.133368
125,86,23.841986,38.13615
125,87,23.844006,38.13811
125,88,23.845425,38.138991
125,89,23.845425,38.139003
125,90,23.845495,38.139411
125,91,23.844605,38.14038
125,92,23.845233,38.141608
125,93,23.847034,38.14363
125,94,23.848785,38.144752
125,95,23.850136,38.143341
125,96,23.849466,38.142539
125,97,23.849186,38.141948
125,98,23.849026,38.141387
125,99,23.848525,38.141147
125,100,23.848566,38.141097
125,101,23.849256,38.141517
125,102,23.848837,38.142188
125,103,23.850126,38.142917
125,104,23.848696,38.144817
125,105,23.847166,38.144107
125,106,23.844726,38.140197
125,107,23.845337,38.139236
125,108,23.842517,38.137374
125,109,23.840677,38.133903
125,110,23.840267,38.131942
125,111,23.840897,38.131214
125,112,23.841026,38.131023
125,113,23.841076,38.130992
125,114,23.841057,38.13103
125,115,23.840997,38.130999
125,116,23.840687,38.131068
125,117,23.840696,38.131137
125,118,23.840776,38.131137
125,119,23.840577,38.131495
125,120,23.839645,38.131816
125,121,23.838436,38.129318
125,122,23.836256,38.124747
125,123,23.832096,38.119907
125,124,23.829355,38.116756
125,125,23.829084,38.115226
125,126,23.827345,38.113155
125,127,23.825904,38.110736
125,128,23.826025,38.108745
125,129,23.825914,38.106486
125,130,23.825924,38.104037
125,131,23.825715,38.101829
125,132,23.825474,38.09999
125,133,23.824533,38.098429
125,134,23.823453,38.094939
125,135,23.821274,38.091548
125,136,23.819563,38.09008
125,137,23.818733,38.089351
125,138,23.817963,38.088722
125,139,23.817282,38.087852
125,140,23.816542,38.085601
125,141,23.815811,38.083263
125,142,23.815342,38.082782
125,143,23.814531,38.080661
125,144,23.81385,38.078872
125,145,23.812499,38.077022
125,146,23.812219,38.07643
125,147,23.812149,38.076209
125,148,23.812109,38.076079
125,149,23.812199,38.075167
125,150,23.812389,38.074348
125,151,23.811859,38.072738
125,152,23.811619,38.072428
125,153,23.81107,38.070758
125,154,23.81093,38.06792
125,155,23.80962,38.065711
125,156,23.80917,38.06319
125,157,23.808689,38.060531
125,158,23.8086,38.060542
125,159,23.80859,38.060523
125,160,23.808559,38.060511
125,161,23.808399,38.060234
125,162,23.808409,38.060314
125,163,23.808298,38.060222
125,164,23.808477,38.06042
125,165,23.808477,38.059791
125,166,23.808357,38.059142
125,167,23.808397,38.058124
125,168,23.808417,38.058105
125,169,23.808616,38.058223
125,170,23.808946,38.060962
125,171,23.809557,38.065063
125,172,23.811077,38.068744
125,173,23.811087,38.070053
125,174,23.811397,38.071933
125,175,23.812387,38.073592
125,176,23.812307,38.074371
125,177,23.812367,38.076762
125,178,23.813807,38.078941
125,179,23.814605,38.081512
125,180,23.815796,38.083263
125,181,23.816385,38.085261
125,182,23.816466,38.086383
125,183,23.816586,38.086635
125,184,23.816915,38.087165
125,185,23.817045,38.087386
125,186,23.817104,38.087478
125,187,23.817545,38.088138
125,188,23.818276,38.088889
125,189,23.818636,38.089088
125,190,23.818836,38.089198
125,191,23.818855,38.089229
125,192,23.820305,38.090579
125,193,23.821505,38.091541
125,194,23.823404,38.094432
125,195,23.824493,38.097862
125,196,23.825424,38.100082
125,197,23.825755,38.10226
125,198,23.826034,38.105178
125,199,23.825883,38.108577
125,200,23.826244,38.111197
125,201,23.828794,38.114459
125,202,23.829155,38.116668
125,203,23.831856,38.119487
125,204,23.836146,38.124427
125,205,23.838544,38.129397
125,206,23.840596,38.131656
125,207,23.840925,38.131107
125,208,23.840906,38.131088
125,209,23.841026,38.130859
125,210,23.840967,38.130897
125,211,23.840726,38.131385
125,212,23.839916,38.131793
125,213,23.839055,38.130534
125,214,23.837107,38.126415
125,215,23.834035,38.121833
125,216,23.830767,38.118663
125,217,23.829016,38.117583
125,218,23.826565,38.115135
125,219,23.824295,38.113864
125,220,23.823335,38.111835
125,221,23.819986,38.108603
125,222,23.815096,38.104373
125,223,23.808515,38.101691
125,224,23.802145,38.099182
125,225,23.796116,38.09682
125,226,23.792425,38.093509
125,227,23.791404,38.092201
125,228,23.790964,38.092071
125,229,23.790794,38.092071
125,230,23.790764,38.092059
125,231,23.790643,38.091498
125,232,23.789564,38.090179
125,233,23.787974,38.08797
125,234,23.787924,38.087058
125,235,23.787433,38.086349
125,236,23.786394,38.08512
125,237,23.786215,38.084578
125,238,23.786144,38.084579
125,239,23.786545,38.084499
125,240,23.786754,38.084609
125,241,23.787404,38.084838
125,242,23.787276,38.084826
125,243,23.787405,38.085018
125,244,23.787504,38.085029
125,245,23.787124,38.084831
125,246,23.786964,38.0848
125,247,23.786455,38.084579
125,248,23.785995,38.084499
125,249,23.786955,38.0857
125,250,23.788485,38.087802
125,251,23.789705,38.089381
125,252,23.789786,38.08958
125,253,23.791325,38.0917
125,254,23.794884,38.09584
125,255,23.801603,38.098758
125,256,23.808202,38.101367
125,257,23.814783,38.103759
125,258,23.814774,38.105541
125,259,23.818714,38.107581
125,260,23.823124,38.111843
125,261,23.826344,38.114871
125,262,23.829653,38.118411
125,263,23.830883,38.118793
125,264,23.832983,38.120982
125,265,23.836313,38.124991
125,266,23.838573,38.129672
125,267,23.840063,38.131904
125,268,23.840174,38.131904
125,269,23.840774,38.131294
125,270,23.840784,38.131282
125,271,23.840864,38.131183
125,272,23.840824,38.131164
125,273,23.841074,38.130965
125,274,23.841065,38.130977
125,275,23.840854,38.131297
125,276,23.840454,38.131778
125,277,23.839643,38.1315
125,278,23.838342,38.12899
125,279,23.836203,38.124538
125,280,23.832002,38.119769
125,281,23.829222,38.116889
125,282,23.829122,38.115619
125,283,23.828012,38.113769
125,284,23.826233,38.11159
125,285,23.825782,38.10974
125,286,23.825823,38.10744
125,287,23.825933,38.104839
125,288,23.825653,38.102389
125,289,23.825342,38.100509
125,290,23.824701,38.099128
125,291,23.823942,38.096557
125,292,23.822601,38.093707
125,293,23.82225,38.093035
125,294,23.822111,38.092807
125,295,23.821751,38.092178
125,296,23.821531,38.091857
125,297,23.821512,38.091796
125,298,23.821413,38.091716
125,299,23.821163,38.091476
125,300,23.820562,38.090934
125,301,23.819742,38.090156
125,302,23.819182,38.089645
125,303,23.817941,38.088626
125,304,23.817411,38.088016
125,305,23.817192,38.087756
125,306,23.816541,38.086657
125,307,23.816541,38.085326
125,308,23.815311,38.082847
125,309,23.814781,38.081828
125,310,23.814392,38.08052
125,311,23.813942,38.079238
125,312,23.813612,38.078677
125,313,23.812751,38.077598
125,314,23.812203,38.075316
125,315,23.812283,38.074916
125,316,23.812382,38.073577
125,317,23.812181,38.073219
125,318,23.811092,38.07135
125,319,23.811022,38.068469
125,320,23.809612,38.065707
125,321,23.809023,38.061705
125,322,23.808563,38.058307
125,323,23.808853,38.057677
125,324,23.811924,38.055877
125,325,23.811414,38.054358
125,326,23.810184,38.051829
125,327,23.808084,38.048991
125,328,23.807754,38.047763
125,329,23.806505,38.045623
125,330,23.804366,38.043594
125,331,23.802805,38.042193
125,332,23.803385,38.041626
125,333,23.803385,38.041606
125,334,23.805414,38.041026
125,335,23.808304,38.039657
125,336,23.808894,38.041335
125,337,23.809173,38.043826
125,338,23.809614,38.044716
125,339,23.811665,38.044155
125,340,23.814024,38.043094
125,341,23.814844,38.043403
125,342,23.815094,38.044162
125,343,23.814853,38.044704
125,344,23.814894,38.044764
125,345,23.814774,38.044635
125,346,23.814574,38.044456
125,347,23.814574,38.044444
125,348,23.814934,38.044505
125,349,23.814573,38.042976
125,350,23.812754,38.043784
125,351,23.809923,38.044684
125,352,23.808714,38.045066
125,353,23.808714,38.045077
125,354,23.808073,38.045318
125,355,23.808073,38.045318
125,356,23.807512,38.045539
125,357,23.807493,38.04555
125,358,23.807194,38.045882
125,359,23.807663,38.046813
125,360,23.809133,38.050112
125,361,23.810154,38.051654
125,362,23.810993,38.053374
125,363,23.811524,38.056484
125,364,23.808653,38.058925
125,365,23.809232,38.062793
125,366,23.810004,38.066474
125,367,23.810802,38.067585
125,368,23.811113,38.069946
125,369,23.811144,38.070376
125,370,23.811924,38.072585
125,371,23.812433,38.073997
125,372,23.812073,38.075828
125,373,23.812343,38.076579
125,374,23.814293,38.080188
125,375,23.816043,38.083808
125,376,23.816355,38.08604
125,377,23.817005,38.08747
125,378,23.817205,38.087871
125,379,23.817635,38.088481
125,380,23.818255,38.089111
125,381,23.819925,38.090541
125,382,23.822475,38.093379
125,383,23.824156,38.097418
125,384,23.825266,38.10007
125,385,23.825606,38.101989
125,386,23.825775,38.10382
125,387,23.825775,38.10628
125,388,23.825756,38.108981
125,389,23.826277,38.111399
125,390,23.828607,38.114428
125,391,23.829018,38.116
125,392,23.829508,38.117202
125,393,23.833027,38.120772
125,394,23.836717,38.125594
125,395,23.839108,38.130615
125,396,23.840588,38.131576
125,397,23.841078,38.130927
125,398,23.840988,38.131007
125,399,23.841118,38.130897
125,400,23.840917,38.131305
125,401,23.840328,38.131766
125,402,23.839659,38.131496
125,403,23.838258,38.128715
125,404,23.83586,38.123825
125,405,23.831959,38.119674
125,406,23.829769,38.118552
125,407,23.828119,38.116721
125,408,23.825378,38.11423
125,409,23.823859,38.113769
125,410,23.822988,38.11156
125,411,23.819828,38.108489
125,412,23.815388,38.104567
125,413,23.809137,38.101966
125,414,23.802967,38.099524
125,415,23.796967,38.097205
125,416,23.792526,38.093547
125,417,23.791357,38.092018
125,418,23.791076,38.092017
125,419,23.790676,38.091476
125,420,23.788847,38.089317
125,421,23.787758,38.087146
125,422,23.787678,38.086577
125,423,23.786497,38.085158
125,424,23.786226,38.084537
125,425,23.786186,38.084537
125,426,23.786137,38.084407
125,427,23.786117,38.084407
125,428,23.786737,38.084605
125,429,23.786778,38.084696
125,430,23.787518,38.085147
125,431,23.787378,38.084956
125,432,23.787038,38.084895
125,433,23.786569,38.084605
125,434,23.78615,38.084624
125,435,23.786979,38.085643
125,436,23.787939,38.086982
125,437,23.789219,38.088691
125,438,23.790048,38.089893
125,439,23.791319,38.091632
125,440,23.791319,38.091644
125,441,23.792469,38.093161
125,442,23.795849,38.096492
125,443,23.801869,38.098922
125,444,23.808239,38.101463
125,445,23.814259,38.103614
125,446,23.814779,38.104895
125,447,23.81675,38.105907
125,448,23.819959,38.108818
125,449,23.82353,38.112548
125,450,23.826271,38.114867
125,451,23.82909,38.117698
125,452,23.830999,38.118937
125,453,23.83292,38.12096
125,454,23.836,38.12437
125,455,23.837961,38.12836
125,456,23.83974,38.131968
125,457,23.840381,38.131618
125,458,23.840381,38.131637
125,459,23.840292,38.131648
125,460,23.840301,38.131587
125,461,23.840391,38.131618
125,462,23.840702,38.131549
125,463,23.840992,38.13108
125,464,23.840962,38.131098
125,465,23.841032,38.131008
125,466,23.840942,38.131179
125,467,23.840342,38.131271
125,468,23.840231,38.131209
125,469,23.840132,38.131359
125,470,23.839971,38.131358
125,471,23.839222,38.131118
125,472,23.837141,38.126719
125,473,23.833212,38.121188
125,474,23.829902,38.118789
125,475,23.826951,38.115589
125,476,23.824201,38.114097
125,477,23.823122,38.111716
125,478,23.818811,38.107528
125,479,23.813073,38.103599
125,480,23.806643,38.101077
125,481,23.800402,38.098617
125,482,23.793871,38.095305
125,483,23.790341,38.090804
125,484,23.78644,38.085693
125,485,23.78255,38.080611
125,486,23.777821,38.076301
125,487,23.77111,38.073382
125,488,23.764931,38.070903
125,489,23.757792,38.068042
125,490,23.751161,38.064651
125,491,23.747282,38.058761
125,492,23.744713,38.05271
125,493,23.740343,38.047992
125,494,23.735363,38.043651
125,495,23.733523,38.037902
125,496,23.729992,38.032721
125,497,23.727201,38.027831
125,498,23.725241,38.023089
125,499,23.72216,38.018451
125,500,23.718501,38.014442
125,501,23.71724,38.010231
125,502,23.716469,38.009761
125,503,23.715879,38.009429
125,504,23.715269,38.009078
125,505,23.715269,38.009078
125,506,23.715119,38.009047
125,507,23.713589,38.009669
125,508,23.710079,38.01123
125,509,23.70846,38.014289
125,510,23.707939,38.014899
125,511,23.707929,38.0149
125,512,23.707399,38.016189
125,513,23.707149,38.017337
125,514,23.707039,38.017577
