127,1,23.707084,38.017157
127,2,23.707125,38.016906
127,3,23.707445,38.015815
127,4,23.707535,38.014434
127,5,23.706365,38.013084
127,6,23.704515,38.012054
127,7,23.701095,38.011283
127,8,23.700516,38.011191
127,9,23.698165,38.011462
127,10,23.697536,38.011524
127,11,23.697397,38.011405
127,12,23.697187,38.011474
127,13,23.697277,38.011474
127,14,23.698137,38.011184
127,15,23.699667,38.010913
127,16,23.701536,38.010974
127,17,23.704926,38.011905
127,18,23.705255,38.012065
127,19,23.705385,38.012195
127,20,23.705815,38.012355
127,21,23.705885,38.012386
127,22,23.706225,38.012435
127,23,23.705505,38.010505
127,24,23.703425,38.008746
127,25,23.703234,38.008525
127,26,23.703915,38.008945
127,27,23.703955,38.008914
127,28,23.704075,38.008994
127,29,23.705894,38.010944
127,30,23.707394,38.012042
127,31,23.708924,38.011203
127,32,23.709262,38.011074
127,33,23.709333,38.011112
127,34,23.709454,38.011111
127,35,23.710073,38.010871
127,36,23.710194,38.010833
127,37,23.710734,38.010611
127,38,23.710973,38.010482
127,39,23.711285,38.01034
127,40,23.711285,38.01033
127,41,23.711544,38.010237
127,42,23.712623,38.009776
127,43,23.712623,38.009757
127,44,23.713283,38.009399
127,45,23.713912,38.00904
127,46,23.713932,38.009078
127,47,23.714122,38.00896
127,48,23.717462,38.009239
127,49,23.718412,38.011649
127,50,23.718902,38.01403
127,51,23.720093,38.016029
127,52,23.721942,38.017649
127,53,23.722223,38.017879
127,54,23.722784,38.018329
127,55,23.723095,38.018599
127,56,23.723325,38.01887
127,57,23.724815,38.020931
127,58,23.725636,38.02349
127,59,23.726236,38.02502
127,60,23.727216,38.026778
127,61,23.727605,38.027858
127,62,23.728127,38.029239
127,63,23.728286,38.029571
127,64,23.728876,38.030502
127,65,23.729835,38.03194
127,66,23.732095,38.035251
127,67,23.733165,38.03683
127,68,23.734285,38.039821
127,69,23.734976,38.04259
127,70,23.736606,38.044269
127,71,23.738647,38.046
127,72,23.741268,38.048442
127,73,23.744497,38.051754
127,74,23.746638,38.057124
127,75,23.749617,38.061893
127,76,23.755106,38.066581
127,77,23.761236,38.069042
127,78,23.767847,38.0717
127,79,23.773737,38.074092
127,80,23.779726,38.077262
127,81,23.784447,38.082732
127,82,23.787636,38.086883
127,83,23.789706,38.089584
127,84,23.789856,38.089805
127,85,23.790985,38.091304
127,86,23.794455,38.095466
127,87,23.800905,38.098438
127,88,23.806564,38.100669
127,89,23.812904,38.103019
127,90,23.814974,38.10374
127,91,23.814603,38.105399
127,92,23.818464,38.107318
127,93,23.822684,38.111419
127,94,23.825054,38.114009
127,95,23.826923,38.115447
127,96,23.829082,38.117679
127,97,23.830331,38.11872
127,98,23.833372,38.12112
127,99,23.837051,38.126258
127,100,23.839482,38.131328
127,101,23.840391,38.131839
127,102,23.84086,38.131168
127,103,23.84092,38.131107
127,104,23.841139,38.130866
127,105,23.841139,38.130854
127,106,23.841099,38.130954
127,107,23.841049,38.130984
127,108,23.840969,38.131183
127,109,23.840698,38.131603
127,110,23.840658,38.131702
127,111,23.840599,38.131782
127,112,23.840069,38.131801
127,113,23.84039,38.13293
127,114,23.841469,38.135131
127,115,23.842739,38.137561
127,116,23.845299,38.138572
127,117,23.845409,38.13901
127,118,23.845419,38.139022
127,119,23.844858,38.139422
127,120,23.842039,38.140491
127,121,23.838949,38.14067
127,122,23.83708,38.140971
127,123,23.83539,38.14078
127,124,23.833361,38.13959
127,125,23.831491,38.139782
127,126,23.829681,38.13972
127,127,23.827331,38.139369
127,128,23.826372,38.139129
127,129,23.826421,38.13916
127,130,23.826082,38.139121
127,131,23.825892,38.139152
127,132,23.826111,38.139164
127,133,23.827862,38.138473
127,134,23.83154,38.139594
127,135,23.833961,38.140373
127,136,23.836281,38.141421
127,137,23.840451,38.140612
127,138,23.845181,38.139423
127,139,23.842479,38.137473
127,140,23.839769,38.132213
127,141,23.840859,38.131324
127,142,23.840908,38.131286
127,143,23.840868,38.131217
127,144,23.840868,38.131298
127,145,23.840597,38.131549
127,146,23.840458,38.131538
127,147,23.840438,38.1315
127,148,23.840669,38.131461
127,149,23.840999,38.13084
127,150,23.84096,38.13097
127,151,23.84086,38.131088
127,152,23.84086,38.131229
127,153,23.840851,38.131248
127,154,23.840361,38.13158
127,155,23.840341,38.131488
127,156,23.840262,38.131499
127,157,23.840271,38.131499
127,158,23.84024,38.131438
127,159,23.840431,38.131698
127,160,23.840751,38.131419
127,161,23.841001,38.130989
127,162,23.840952,38.130988
127,163,23.840971,38.131129
127,164,23.840712,38.131617
127,165,23.840681,38.131629
127,166,23.84036,38.13185
127,167,23.839521,38.131443
127,168,23.837801,38.127971
127,169,23.835251,38.123099
127,170,23.830791,38.118499
127,171,23.829411,38.116668
127,172,23.82904,38.115547
127,173,23.828101,38.114005
127,174,23.82745,38.113277
127,175,23.825889,38.110965
127,176,23.825889,38.109496
127,177,23.82593,38.107295
127,178,23.82604,38.104815
127,179,23.825729,38.102477
127,180,23.825449,38.100726
127,181,23.82502,38.099445
127,182,23.824339,38.097904
127,183,23.82338,38.094771
127,184,23.821739,38.092231
127,185,23.821649,38.092059
127,186,23.821539,38.091868
127,187,23.821218,38.091529
127,188,23.820109,38.090629
127,189,23.818397,38.089191
127,190,23.818108,38.088962
127,191,23.817467,38.088271
127,192,23.816396,38.086192
127,193,23.816156,38.084194
127,194,23.814586,38.081375
127,195,23.813476,38.078506
127,196,23.812136,38.076507
127,197,23.812036,38.075847
127,198,23.812067,38.075488
127,199,23.812157,38.075138
127,200,23.812317,38.074337
127,201,23.811946,38.073027
127,202,23.811617,38.072597
127,203,23.811107,38.071777
127,204,23.811018,38.069286
127,205,23.809837,38.066417
127,206,23.809347,38.064739
127,207,23.809267,38.064209
127,208,23.808807,38.060946
127,209,23.808496,38.058307
127,210,23.811796,38.056155
127,211,23.810896,38.053405
127,212,23.809295,38.050425
127,213,23.807677,38.047404
127,214,23.806347,38.045436
127,215,23.804928,38.043926
127,216,23.803898,38.042945
127,217,23.803238,38.041614
127,218,23.806068,38.040702
127,219,23.806769,38.040343
127,220,23.807937,38.039775
127,221,23.808308,38.039634
127,222,23.808949,38.041534
127,223,23.809259,38.044402
127,224,23.810409,38.044501
127,225,23.813139,38.043563
127,226,23.81489,38.043414
127,227,23.81479,38.044776
127,228,23.814771,38.044726
127,229,23.814642,38.044578
127,230,23.814642,38.044567
127,231,23.814562,38.044467
127,232,23.814661,38.044547
127,233,23.81463,38.044528
127,234,23.814581,38.044189
127,235,23.814411,38.044319
127,236,23.814402,38.04438
127,237,23.814501,38.04449
127,238,23.814551,38.044471
127,239,23.81506,38.044219
127,240,23.81492,38.043387
127,241,23.813511,38.043419
127,242,23.81063,38.044509
127,243,23.80838,38.045238
127,244,23.808361,38.045238
127,245,23.807661,38.045569
127,246,23.807621,38.045569
127,247,23.80734,38.046088
127,248,23.808081,38.048328
127,249,23.809989,38.051208
127,250,23.810708,38.052646
127,251,23.811779,38.054927
127,252,23.809189,38.057456
127,253,23.808918,38.060558
127,254,23.809468,38.064326
127,255,23.809717,38.065666
127,256,23.809787,38.065887
127,257,23.809917,38.066268
127,258,23.809976,38.066379
127,259,23.810057,38.06647
127,260,23.810146,38.066611
127,261,23.810467,38.067051
127,262,23.810917,38.067592
127,263,23.811016,38.067832
127,264,23.811075,38.068213
127,265,23.811075,38.068283
127,266,23.811075,38.068763
127,267,23.811075,38.069224
127,268,23.811066,38.069655
127,269,23.811075,38.069995
127,270,23.811076,38.070723
127,271,23.811085,38.071143
127,272,23.811325,38.071822
127,273,23.811384,38.071922
127,274,23.811813,38.072513
127,275,23.812084,38.072883
127,276,23.812304,38.073252
127,277,23.812353,38.073715
127,278,23.812162,38.074825
127,279,23.812832,38.077563
127,280,23.813432,38.078265
127,281,23.813532,38.078457
127,282,23.813902,38.079165
127,283,23.814132,38.079646
127,284,23.814303,38.080424
127,285,23.815203,38.082546
127,286,23.816393,38.085276
127,287,23.816312,38.086047
127,288,23.816822,38.087138
127,289,23.817211,38.08797
127,290,23.815721,38.088432
127,291,23.814331,38.08845
127,292,23.812631,38.088431
127,293,23.809621,38.090411
127,294,23.808912,38.09164
127,295,23.809082,38.092681
127,296,23.809471,38.094612
127,297,23.809832,38.09584
127,298,23.810421,38.097839
127,299,23.81155,38.099597
127,300,23.812059,38.100188
127,301,23.812629,38.100788
127,302,23.81309,38.101317
127,303,23.81457,38.102008
127,304,23.81526,38.102248
127,305,23.81716,38.104388
127,306,23.81958,38.107619
127,307,23.822731,38.11061
127,308,23.826022,38.11375
127,309,23.829031,38.11679
127,310,23.832471,38.120262
127,311,23.835962,38.12403
127,312,23.838004,38.128348
127,313,23.839792,38.1319
127,314,23.840362,38.131889
127,315,23.840733,38.131499
127,316,23.840893,38.1309
127,317,23.840893,38.130881
127,318,23.840973,38.130862
127,319,23.840902,38.130782
127,320,23.840942,38.130782
127,321,23.840843,38.130843
127,322,23.840853,38.130813
127,323,23.840942,38.131183
127,324,23.840972,38.131053
127,325,23.840883,38.131134
127,326,23.840893,38.131274
127,327,23.840713,38.131583
127,328,23.840543,38.131503
127,329,23.840494,38.131503
127,330,23.840864,38.131202
127,331,23.841065,38.130962
127,332,23.841054,38.131023
127,333,23.841074,38.130904
127,334,23.840904,38.130813
127,335,23.840953,38.130851
127,336,23.840913,38.13084
127,337,23.840904,38.130828
127,338,23.840793,38.131419
127,339,23.839794,38.13185
127,340,23.838284,38.129001
127,341,23.835293,38.123191
127,342,23.831253,38.119083
127,343,23.829122,38.117732
127,344,23.825952,38.114513
127,345,23.823722,38.113582
127,346,23.822203,38.110721
127,347,23.817512,38.106189
127,348,23.811602,38.102939
127,349,23.805252,38.10041
127,350,23.798742,38.0979
127,351,23.793312,38.094569
127,352,23.789701,38.0899
127,353,23.786211,38.08533
127,354,23.782871,38.080982
127,355,23.778601,38.07664
127,356,23.77297,38.073989
127,357,23.766242,38.0713
127,358,23.759941,38.068721
127,359,23.753351,38.06602
127,360,23.749462,38.061939
127,361,23.745993,38.056037
127,362,23.743782,38.051086
127,363,23.739792,38.047355
127,364,23.735731,38.043907
127,365,23.733991,38.039325
127,366,23.731581,38.034965
127,367,23.72858,38.030586
127,368,23.72621,38.025646
127,369,23.72453,38.021015
127,370,23.720629,38.017276
127,371,23.718288,38.013755
127,372,23.717067,38.010005
127,373,23.715118,38.008876
127,374,23.714628,38.008907
127,375,23.712229,38.010146
127,376,23.709928,38.011576
127,377,23.709278,38.013229
127,378,23.708889,38.013839
127,379,23.70851,38.014171
127,380,23.707989,38.014842
127,381,23.70798,38.014842
127,382,23.707418,38.016013
127,383,23.707088,38.017345
127,384,23.707029,38.017536
