13,1,23.96335,38.159385
13,2,23.96295,38.160403
13,3,23.96271,38.161624
13,4,23.962059,38.161796
13,5,23.960678,38.159606
13,6,23.959879,38.159186
13,7,23.959879,38.159206
13,8,23.959419,38.158953
13,9,23.95814,38.159164
13,10,23.959049,38.157104
13,11,23.95876,38.156352
13,12,23.95833,38.156142
13,13,23.958821,38.15531
13,14,23.960319,38.153289
13,15,23.96254,38.150397
13,16,23.96233,38.150829
13,17,23.961911,38.153197
13,18,23.963171,38.151908
13,19,23.96603,38.148497
13,20,23.967661,38.144816
13,21,23.965261,38.144176
13,22,23.966172,38.140036
13,23,23.967431,38.134918
13,24,23.968382,38.129897
13,25,23.969242,38.124957
13,26,23.969642,38.120277
13,27,23.969674,38.115627
13,28,23.969673,38.110625
13,29,23.969682,38.105494
13,30,23.970583,38.101134
13,31,23.972282,38.096595
13,32,23.974061,38.092143
13,33,23.975802,38.088424
13,34,23.977171,38.085795
13,35,23.978182,38.083926
13,36,23.979242,38.081985
13,37,23.980411,38.079856
13,38,23.982002,38.076884
13,39,23.982563,38.072803
13,40,23.982163,38.068732
13,41,23.981962,38.066402
13,42,23.981863,38.065002
13,43,23.981583,38.061931
13,44,23.982893,38.05854
13,45,23.984644,38.053939
13,46,23.987315,38.049819
13,47,23.988514,38.04533
13,48,23.990224,38.04079
13,49,23.988714,38.036338
13,50,23.984563,38.03297
13,51,23.982714,38.029071
13,52,23.982883,38.025889
13,53,23.982653,38.02227
13,54,23.981013,38.019409
13,55,23.978153,38.016868
13,56,23.975493,38.013366
13,57,23.970922,38.010696
13,58,23.966254,38.009044
13,59,23.963693,38.007934
13,60,23.960135,38.007972
13,61,23.955474,38.006534
13,62,23.950835,38.005123
13,63,23.945924,38.003624
13,64,23.942055,38.002433
13,65,23.938175,38.001293
13,66,23.934274,37.999473
13,67,23.929776,37.998092
13,68,23.924915,37.997722
13,69,23.920416,37.998153
13,70,23.916006,37.999274
13,71,23.912355,38.001216
13,72,23.908717,38.002597
13,73,23.905796,38.002597
13,74,23.902376,38.002826
13,75,23.898975,38.003227
13,76,23.894504,38.004047
13,77,23.888915,38.004218
13,78,23.885544,38.00373
13,79,23.882543,38.00373
13,80,23.881454,38.003768
13,81,23.880834,38.003569
13,82,23.880875,38.002819
13,83,23.880616,38.00064
13,84,23.880606,37.99691
13,85,23.881765,37.992538
13,86,23.881805,37.990359
13,87,23.881416,37.990088
13,88,23.881306,37.9901
13,89,23.881556,37.990352
13,90,23.881826,37.990592
13,91,23.881737,37.990463
13,92,23.881416,37.990162
13,93,23.881326,37.99015
13,94,23.881187,37.990009
13,95,23.880397,37.989188
13,96,23.879488,37.989459
13,97,23.877388,37.990768
13,98,23.875158,37.992297
13,99,23.875978,37.994006
13,100,23.875979,37.996448
13,101,23.874559,37.995597
13,102,23.873128,37.995697
13,103,23.869598,37.996215
13,104,23.866829,37.997794
13,105,23.863009,37.999595
13,106,23.859089,38.001773
13,107,23.857858,38.003753
13,108,23.858269,38.006411
13,109,23.858528,38.007201
13,110,23.859388,38.007362
13,111,23.860208,38.00727
13,112,23.860689,38.007911
13,113,23.861059,38.009761
13,114,23.861229,38.011581
13,115,23.860279,38.013042
13,116,23.860349,38.015163
13,117,23.86035,38.017272
13,118,23.86047,38.019561
13,119,23.860149,38.021739
13,120,23.859669,38.024131
13,121,23.859419,38.026443
13,122,23.85928,38.028693
13,123,23.85912,38.030822
13,124,23.857038,38.031722
13,125,23.856638,38.032333
13,126,23.857098,38.033374
13,127,23.856047,38.034602
13,128,23.853487,38.036502
13,129,23.851196,38.039001
13,130,23.848726,38.04121
13,131,23.845656,38.042941
13,132,23.843846,38.044032
13,133,23.841896,38.045013
13,134,23.840157,38.046153
13,135,23.839607,38.046573
13,136,23.839887,38.047824
13,137,23.839828,38.048915
13,138,23.839819,38.048984
13,139,23.839788,38.049293
13,140,23.839588,38.050292
13,141,23.839508,38.050983
13,142,23.838928,38.051452
13,143,23.838928,38.051471
13,144,23.838589,38.05157
13,145,23.836939,38.05133
13,146,23.834749,38.051269
13,147,23.83309,38.051258
13,148,23.83098,38.051558
13,149,23.828199,38.052471
13,150,23.825529,38.053062
13,151,23.824569,38.053642
13,152,23.824551,38.053642
13,153,23.824961,38.054012
13,154,23.82539,38.055079
13,155,23.825779,38.056251
13,156,23.826168,38.057269
13,157,23.826168,38.05738
13,158,23.826097,38.057418
13,159,23.825946,38.057479
13,160,23.825986,38.056868
13,161,23.825438,38.055507
13,162,23.824947,38.054027
13,163,23.824527,38.053546
13,164,23.824888,38.052966
13,165,23.827589,38.052516
13,166,23.830639,38.051497
13,167,23.833959,38.051108
13,168,23.836569,38.05117
13,169,23.838009,38.051448
13,170,23.83887,38.051486
13,171,23.839609,38.049705
13,172,23.839708,38.048637
13,173,23.839348,38.046916
13,174,23.839317,38.046866
13,175,23.841007,38.045478
13,176,23.844778,38.043357
13,177,23.847248,38.041995
13,178,23.848879,38.040996
13,179,23.852397,38.037417
13,180,23.856748,38.033908
13,181,23.856388,38.032126
13,182,23.853877,38.029475
13,183,23.856308,38.028285
13,184,23.859167,38.027694
13,185,23.859577,38.025314
13,186,23.859586,38.023383
13,187,23.860256,38.019832
13,188,23.860237,38.015331
13,189,23.859687,38.011672
13,190,23.857548,38.011264
13,191,23.857328,38.009375
13,192,23.857688,38.009154
13,193,23.857898,38.009043
13,194,23.85809,38.008903
13,195,23.85813,38.008811
13,196,23.85813,38.008731
13,197,23.85799,38.008479
13,198,23.85778,38.008228
13,199,23.85774,38.008197
13,200,23.85796,38.007637
13,201,23.85875,38.007476
13,202,23.862758,38.006812
13,203,23.866449,38.006053
13,204,23.86747,38.005184
13,205,23.867171,38.002593
13,206,23.866271,38.000335
13,207,23.865379,37.998736
13,208,23.866458,37.997886
13,209,23.866458,37.997886
13,210,23.86797,37.997146
13,211,23.870029,37.995998
13,212,23.872869,37.994617
13,213,23.875068,37.992126
13,214,23.875068,37.992126
13,215,23.875179,37.992046
13,216,23.877939,37.990245
13,217,23.88031,37.989036
13,218,23.88035,37.989085
13,219,23.88036,37.989085
13,220,23.88097,37.989627
13,221,23.881309,37.990047
13,222,23.881368,37.990115
13,223,23.881418,37.990134
13,224,23.881979,37.990596
13,225,23.881909,37.990535
13,226,23.881918,37.990535
13,227,23.881538,37.990085
13,228,23.881428,37.990054
13,229,23.881348,37.990092
13,230,23.880977,37.989563
13,231,23.880247,37.988982
13,232,23.878847,37.989783
13,233,23.876827,37.991103
13,234,23.874977,37.992393
13,235,23.875988,37.993972
13,236,23.876018,37.996093
13,237,23.874989,37.996082
13,238,23.874008,37.995242
13,239,23.870937,37.996333
13,240,23.869127,37.996524
13,241,23.865927,37.998313
13,242,23.862596,37.999774
13,243,23.859176,38.001784
13,244,23.857866,38.003864
13,245,23.858326,38.006522
13,246,23.858486,38.007083
13,247,23.858847,38.007434
13,248,23.861727,38.007034
13,249,23.865418,38.006263
13,250,23.869197,38.005622
13,251,23.869839,38.005512
13,252,23.870338,38.00542
13,253,23.870449,38.00539
13,254,23.870689,38.00534
13,255,23.870729,38.005329
13,256,23.871099,38.00529
13,257,23.871109,38.005279
13,258,23.871419,38.00524
13,259,23.87145,38.00523
13,260,23.871771,38.00526
13,261,23.872171,38.007301
13,262,23.870891,38.009589
13,263,23.871382,38.01284
13,264,23.871872,38.016009
13,265,23.872183,38.017619
13,266,23.868993,38.01797
13,267,23.867523,38.016769
13,268,23.865933,38.01699
13,269,23.864153,38.018451
13,270,23.862102,38.01963
13,271,23.860422,38.020301
13,272,23.859161,38.020621
13,273,23.857601,38.020771
13,274,23.856182,38.02101
13,275,23.854693,38.021201
13,276,23.853102,38.0214
13,277,23.851782,38.02161
13,278,23.850452,38.021839
13,279,23.849342,38.02201
13,280,23.849243,38.022029
13,281,23.848383,38.022017
13,282,23.847513,38.022117
13,283,23.846313,38.022338
13,284,23.845302,38.022468
13,285,23.845103,38.022498
13,286,23.844322,38.022628
13,287,23.843141,38.022689
13,288,23.842842,38.0227
13,289,23.842722,38.02267
13,290,23.843102,38.022521
13,291,23.845461,38.022242
13,292,23.84534,38.022204
13,293,23.844441,38.022334
13,294,23.84342,38.022464
13,295,23.843281,38.022502
13,296,23.843281,38.022514
13,297,23.84297,38.022544
13,298,23.84289,38.022704
13,299,23.8442,38.022636
13,300,23.845939,38.022384
13,301,23.847629,38.022113
13,302,23.848629,38.022033
13,303,23.849819,38.021873
13,304,23.850539,38.021812
13,305,23.851929,38.021583
13,306,23.85159,38.021502
13,307,23.850629,38.021392
13,308,23.85039,38.020984
13,309,23.85121,38.019313
13,310,23.85261,38.016242
13,311,23.85404,38.013061
13,312,23.855539,38.010791
13,313,23.855299,38.008902
13,314,23.85517,38.008544
13,315,23.85528,38.007076
13,316,23.855841,38.005695
13,317,23.856381,38.004493
13,318,23.85705,38.002921
13,319,23.858819,38.002009
13,320,23.862221,37.999938
13,321,23.865701,37.998439
13,322,23.869232,37.996429
13,323,23.871012,37.995799
13,324,23.873731,37.99335
13,325,23.876152,37.991512
13,326,23.880162,37.989013
13,327,23.88112,37.989894
13,328,23.881201,37.990184
13,329,23.881401,37.990184
13,330,23.88125,37.990043
13,331,23.88125,37.990073
13,332,23.88125,37.990054
13,333,23.88087,37.989646
13,334,23.880362,37.989135
13,335,23.880352,37.989135
13,336,23.879871,37.989234
13,337,23.877762,37.990535
13,338,23.875351,37.992175
13,339,23.87577,37.993773
13,340,23.876011,37.996314
13,341,23.875092,37.996253
13,342,23.873001,37.995765
13,343,23.870441,37.996124
13,344,23.869121,37.996505
13,345,23.866162,37.998195
13,346,23.862831,37.999713
13,347,23.85968,38.001483
13,348,23.858169,38.002395
13,349,23.85804,38.001155
13,350,23.85836,37.999305
13,351,23.857749,37.998134
13,352,23.856899,37.997703
13,353,23.854219,37.998012
13,354,23.852721,37.998321
13,355,23.85264,37.998999
13,356,23.852159,37.999389
13,357,23.8505,37.998199
13,358,23.849149,37.997528
13,359,23.847549,37.996948
13,360,23.845769,37.996756
13,361,23.844601,37.997226
13,362,23.84457,37.997207
13,363,23.844659,37.997047
13,364,23.84466,37.997028
13,365,23.84446,37.997257
13,366,23.84474,37.997107
13,367,23.84519,37.996818
13,368,23.84777,37.996936
13,369,23.849772,37.997714
13,370,23.851532,37.998874
13,371,23.852633,37.999064
13,372,23.852672,37.998126
13,373,23.855383,37.997886
13,374,23.857523,37.997688
13,375,23.858063,37.998626
13,376,23.858262,38.000255
13,377,23.857924,38.002246
13,378,23.860014,38.001098
13,379,23.863834,37.99929
13,380,23.867155,37.997588
13,381,23.869764,37.996108
13,382,23.871065,37.995739
13,383,23.873245,37.994166
13,384,23.875015,37.992206
13,385,23.875096,37.992145
13,386,23.875096,37.992145
13,387,23.876946,37.990955
13,388,23.880155,37.989025
13,389,23.881136,37.989856
13,390,23.882015,37.990645
13,391,23.881235,37.990664
13,392,23.881266,37.990703
13,393,23.881676,37.990924
13,394,23.881946,37.990592
13,395,23.881946,37.990581
13,396,23.881796,37.990432
13,397,23.881796,37.990463
13,398,23.881916,37.990581
13,399,23.881857,37.99055
13,400,23.881866,37.990561
13,401,23.881926,37.990561
13,402,23.881506,37.990222
13,403,23.881385,37.990104
13,404,23.881376,37.990092
13,405,23.880445,37.989013
13,406,23.879835,37.989185
13,407,23.877295,37.990776
13,408,23.874976,37.992435
13,409,23.876285,37.994605
13,410,23.875515,37.996627
13,411,23.873335,37.995436
13,412,23.870396,37.996028
13,413,23.867586,37.997398
13,414,23.864136,37.999179
13,415,23.860195,38.001029
13,416,23.857935,38.002979
13,417,23.858166,38.005939
13,418,23.858536,38.007167
13,419,23.858545,38.007198
13,420,23.858545,38.007186
13,421,23.859504,38.007278
13,422,23.860254,38.007186
13,423,23.860664,38.007544
13,424,23.861064,38.009894
13,425,23.860676,38.012374
13,426,23.860425,38.014643
13,427,23.860457,38.018023
13,428,23.860457,38.019843
13,429,23.860457,38.019855
13,430,23.860236,38.021163
13,431,23.859716,38.023353
13,432,23.859667,38.023673
13,433,23.859247,38.024032
13,434,23.856017,38.024723
13,435,23.852288,38.025634
13,436,23.850696,38.026145
13,437,23.850316,38.026256
13,438,23.848847,38.026744
13,439,23.846007,38.028133
13,440,23.844406,38.028984
13,441,23.843416,38.027473
13,442,23.841535,38.027842
13,443,23.838455,38.029182
13,444,23.837955,38.029403
13,445,23.837555,38.029583
13,446,23.837515,38.029601
13,447,23.837305,38.029681
13,448,23.836216,38.028122
13,449,23.834656,38.0265
13,450,23.833665,38.025248
13,451,23.832766,38.025069
13,452,23.831556,38.025741
13,453,23.830526,38.026302
13,454,23.822915,38.032352
13,455,23.822336,38.032962
13,456,23.821026,38.034221
13,457,23.819937,38.03503
13,458,23.820227,38.03482
13,459,23.821238,38.033988
13,460,23.821238,38.033977
13,461,23.821577,38.033607
13,462,23.822957,38.032458
13,463,23.823248,38.032599
13,464,23.823287,38.03263
13,465,23.823408,38.032531
13,466,23.823137,38.032501
13,467,23.823058,38.032481
13,468,23.823007,38.03268
13,469,23.822909,38.03281
13,470,23.822938,38.032741
13,471,23.822938,38.032752
13,472,23.822939,38.032401
13,473,23.83066,38.026122
13,474,23.8321,38.025344
13,475,23.83273,38.024962
13,476,23.83284,38.024863
13,477,23.833019,38.024863
13,478,23.833729,38.025745
13,479,23.834659,38.026706
13,480,23.8349,38.026897
13,481,23.836319,38.028556
13,482,23.838249,38.027804
13,483,23.841049,38.026554
13,484,23.842649,38.026462
13,485,23.84465,38.025683
13,486,23.84876,38.025054
13,487,23.848921,38.025005
13,488,23.848701,38.023986
13,489,23.846991,38.021224
13,490,23.84791,38.020835
13,491,23.850259,38.020805
13,492,23.851311,38.019054
13,493,23.85277,38.015834
13,494,23.854589,38.011863
13,495,23.85713,38.009803
13,496,23.858219,38.008853
13,497,23.857648,38.008075
13,498,23.857648,38.008056
13,499,23.858179,38.007605
13,500,23.861059,38.007155
13,501,23.865739,38.006236
13,502,23.87026,38.005446
13,503,23.873069,38.004905
13,504,23.874,38.004627
13,505,23.875611,38.004138
13,506,23.87657,38.003887
13,507,23.87783,38.003787
13,508,23.878151,38.003798
13,509,23.87816,38.003849
13,510,23.878311,38.003817
13,511,23.879261,38.003807
13,512,23.880482,38.003787
13,513,23.880651,38.003379
13,514,23.880401,38.000709
13,515,23.880482,37.99678
13,516,23.881592,37.992809
13,517,23.881801,37.990539
13,518,23.88124,37.990428
13,519,23.881231,37.990409
13,520,23.881061,37.99047
13,521,23.880982,37.990482
13,522,23.881222,37.990291
13,523,23.881591,37.990222
