130,1,23.7073,38.015918
130,2,23.707359,38.015868
130,3,23.707208,38.016337
130,4,23.707559,38.015456
130,5,23.709129,38.013076
130,6,23.709589,38.011855
130,7,23.710098,38.010967
130,8,23.710188,38.010875
130,9,23.711277,38.010425
130,10,23.711287,38.010405
130,11,23.712186,38.010006
130,12,23.712257,38.009986
130,13,23.712967,38.009677
130,14,23.713047,38.009627
130,15,23.713967,38.009109
130,16,23.714007,38.009097
130,17,23.715977,38.008868
130,18,23.718176,38.011207
130,19,23.718456,38.013336
130,20,23.719215,38.015304
130,21,23.720325,38.016654
130,22,23.721275,38.017395
130,23,23.722586,38.018306
130,24,23.723196,38.018775
130,25,23.724075,38.019897
130,26,23.724756,38.020896
130,27,23.725376,38.022647
130,28,23.725706,38.023727
130,29,23.726156,38.024955
130,30,23.726566,38.025726
130,31,23.727096,38.026675
130,32,23.727336,38.027335
130,33,23.727738,38.027835
130,34,23.728077,38.028865
130,35,23.728666,38.030074
130,36,23.729767,38.031833
130,37,23.731368,38.034171
130,38,23.732977,38.036471
130,39,23.733927,38.038352
130,40,23.734127,38.039642
130,41,23.734506,38.04169
130,42,23.734916,38.04261
130,43,23.736257,38.044029
130,44,23.737528,38.045047
130,45,23.739317,38.046687
130,46,23.741266,38.048496
130,47,23.742867,38.049994
130,48,23.744827,38.052565
130,49,23.745798,38.055217
130,50,23.747497,38.058727
130,51,23.750248,38.062964
130,52,23.753668,38.066016
130,53,23.756177,38.067058
130,54,23.757888,38.06776
130,55,23.762209,38.06948
130,56,23.768758,38.072131
130,57,23.775108,38.07468
130,58,23.780319,38.077819
130,59,23.783998,38.08216
130,60,23.786958,38.085819
130,61,23.787329,38.087047
130,62,23.788828,38.089206
130,63,23.790018,38.090587
130,64,23.790148,38.090747
130,65,23.790428,38.091037
130,66,23.790428,38.091037
130,67,23.790748,38.091457
130,68,23.790767,38.091628
130,69,23.790777,38.09177
130,70,23.790718,38.091998
130,71,23.790628,38.092017
130,72,23.790039,38.091697
130,73,23.789438,38.091316
130,74,23.788778,38.091353
130,75,23.787847,38.091464
130,76,23.787419,38.091396
130,77,23.787098,38.091315
130,78,23.786918,38.091247
130,79,23.7862,38.090915
130,80,23.78603,38.090884
130,81,23.78567,38.090854
130,82,23.785129,38.090843
130,83,23.784399,38.090823
130,84,23.783789,38.090892
130,85,23.783049,38.091273
130,86,23.782299,38.091655
130,87,23.781568,38.091735
130,88,23.780369,38.091563
130,89,23.77994,38.091495
130,90,23.77989,38.091495
130,91,23.77922,38.091346
130,92,23.77819,38.091044
130,93,23.777901,38.091006
130,94,23.776692,38.091136
130,95,23.776672,38.091136
130,96,23.775991,38.091537
130,97,23.775563,38.091888
130,98,23.775543,38.091888
130,99,23.774692,38.093048
130,100,23.775361,38.093906
130,101,23.775572,38.094116
130,102,23.775572,38.094146
130,103,23.775883,38.094486
130,104,23.776013,38.094615
130,105,23.776561,38.095404
130,106,23.776832,38.095866
130,107,23.777233,38.096557
130,108,23.777902,38.097705
130,109,23.778093,38.098037
130,110,23.778574,38.098857
130,111,23.778624,38.098967
130,112,23.778863,38.099349
130,113,23.779145,38.099837
130,114,23.779024,38.099987
130,115,23.778225,38.100467
130,116,23.776184,38.100505
130,117,23.774543,38.100345
130,118,23.770233,38.100955
130,119,23.767134,38.102046
130,120,23.767913,38.102928
130,121,23.768225,38.103248
130,122,23.767065,38.101997
130,123,23.770075,38.101058
130,124,23.773846,38.100089
130,125,23.775126,38.10046
130,126,23.776485,38.100589
130,127,23.777425,38.100749
130,128,23.778816,38.1002
130,129,23.778996,38.100108
130,130,23.779026,38.100097
130,131,23.779166,38.100078
130,132,23.779245,38.100158
130,133,23.780896,38.100936
130,134,23.785055,38.103217
130,135,23.788376,38.105438
130,136,23.789464,38.105319
130,137,23.792616,38.106601
130,138,23.795977,38.10635
130,139,23.799527,38.106269
130,140,23.800396,38.106601
130,141,23.800427,38.10662
130,142,23.802576,38.107021
130,143,23.804916,38.10696
130,144,23.806387,38.105498
130,145,23.807747,38.106688
130,146,23.809917,38.107669
130,147,23.810467,38.105948
130,148,23.813047,38.10657
130,149,23.815366,38.105449
130,150,23.819517,38.10831
130,151,23.823427,38.112918
130,152,23.826856,38.115348
130,153,23.830086,38.118716
130,154,23.830866,38.118716
130,155,23.833336,38.121226
130,156,23.836826,38.125857
130,157,23.839366,38.131248
130,158,23.840557,38.131587
130,159,23.840597,38.131526
130,160,23.840686,38.131458
130,161,23.841026,38.131126
130,162,23.840986,38.131126
130,163,23.840906,38.131045
130,164,23.841046,38.130825
130,165,23.841045,38.130965
130,166,23.840974,38.131225
130,167,23.840734,38.131453
130,168,23.840715,38.131393
130,169,23.840685,38.131393
130,170,23.840414,38.131812
130,171,23.840214,38.132583
130,172,23.841383,38.134913
130,173,23.842724,38.137484
130,174,23.845034,38.138305
130,175,23.845475,38.139243
130,176,23.845434,38.139335
130,177,23.845404,38.139766
130,178,23.844494,38.140636
130,179,23.844743,38.141296
130,180,23.844743,38.141315
130,181,23.845133,38.141704
130,182,23.846703,38.143573
130,183,23.848513,38.144954
130,184,23.849262,38.144195
130,185,23.849293,38.144207
130,186,23.849172,38.144115
130,187,23.849352,38.144183
130,188,23.849282,38.144153
130,189,23.849722,38.144213
130,190,23.849052,38.144615
130,191,23.847652,38.144633
130,192,23.845201,38.141765
130,193,23.845421,38.139613
130,194,23.845421,38.139625
130,195,23.845011,38.138435
130,196,23.84181,38.136153
130,197,23.839889,38.132285
130,198,23.840559,38.131878
130,199,23.840618,38.131698
130,200,23.840868,38.131358
130,201,23.840957,38.131259
130,202,23.840957,38.131248
130,203,23.841017,38.131069
130,204,23.841088,38.130969
130,205,23.841106,38.130931
130,206,23.841066,38.131011
130,207,23.841066,38.130973
130,208,23.840696,38.131461
130,209,23.839907,38.13195
130,210,23.840626,38.133441
130,211,23.841905,38.136069
130,212,23.843525,38.138069
130,213,23.845425,38.139018
130,214,23.845014,38.140048
130,215,23.844735,38.141098
130,216,23.845983,38.142646
130,217,23.847763,38.144607
130,218,23.849093,38.144408
130,219,23.849333,38.14418
130,220,23.849333,38.144142
130,221,23.849132,38.14413
130,222,23.849702,38.144278
130,223,23.848802,38.14474
130,224,23.848322,38.145221
130,225,23.847782,38.144782
130,226,23.844842,38.141402
130,227,23.845382,38.139693
130,228,23.845283,38.138632
130,229,23.842363,38.137084
130,230,23.840363,38.133193
130,231,23.840662,38.131564
130,232,23.840852,38.131133
130,233,23.840863,38.131084
130,234,23.840921,38.130905
130,235,23.840921,38.130915
130,236,23.840832,38.131206
130,237,23.840582,38.131705
130,238,23.840573,38.131717
130,239,23.840022,38.131835
130,240,23.839684,38.131824
130,241,23.838574,38.129604
130,242,23.836544,38.125415
130,243,23.832825,38.120727
130,244,23.830705,38.118747
130,245,23.828815,38.117359
130,246,23.826065,38.114597
130,247,23.824005,38.113738
130,248,23.822965,38.111457
130,249,23.819385,38.107986
130,250,23.814235,38.103927
130,251,23.807566,38.101336
130,252,23.800926,38.098677
130,253,23.794206,38.095489
130,254,23.791706,38.092448
130,255,23.791016,38.091548
130,256,23.788546,38.088348
130,257,23.784956,38.083686
130,258,23.781076,38.078727
130,259,23.775606,38.075095
130,260,23.769285,38.072567
130,261,23.763115,38.070044
130,262,23.756655,38.067454
130,263,23.752066,38.065512
130,264,23.749466,38.062404
130,265,23.751665,38.060954
130,266,23.756315,38.059993
130,267,23.761925,38.059802
130,268,23.767095,38.058761
130,269,23.771796,38.056762
130,270,23.776215,38.054561
130,271,23.780883,38.051521
130,272,23.782833,38.049441
130,273,23.782763,38.048152
130,274,23.782753,38.048133
130,275,23.782142,38.046271
130,276,23.781581,38.04639
130,277,23.780412,38.04586
130,278,23.780052,38.045249
130,279,23.781773,38.044547
130,280,23.783172,38.043696
130,281,23.784742,38.042815
130,282,23.787601,38.042445
130,283,23.788681,38.044067
130,284,23.788641,38.045386
130,285,23.78837,38.046267
130,286,23.787251,38.046546
130,287,23.78739,38.046566
130,288,23.787409,38.046183
130,289,23.787338,38.046424
130,290,23.788548,38.046172
130,291,23.788618,38.044952
130,292,23.788628,38.04293
130,293,23.785648,38.042621
130,294,23.784199,38.043109
130,295,23.78196,38.044418
130,296,23.781411,38.044738
130,297,23.78182,38.044776
130,298,23.782301,38.045897
130,299,23.782811,38.047336
130,300,23.78302,38.049266
130,301,23.78307,38.051475
130,302,23.779749,38.052875
130,303,23.77401,38.056144
130,304,23.766849,38.059154
130,305,23.75895,38.060172
130,306,23.752029,38.061591
130,307,23.752569,38.065372
130,308,23.758989,38.068172
130,309,23.76619,38.071071
130,310,23.773359,38.073951
130,311,23.780069,38.077571
130,312,23.783959,38.082111
130,313,23.787658,38.086932
130,314,23.790388,38.090591
130,315,23.791048,38.091429
130,316,23.793278,38.09431
130,317,23.797798,38.097362
130,318,23.803777,38.099643
130,319,23.810237,38.102141
130,320,23.815097,38.103931
130,321,23.815018,38.10427
130,322,23.815407,38.105521
130,323,23.819696,38.10852
130,324,23.823357,38.11333
130,325,23.827227,38.115791
130,326,23.830467,38.118842
130,327,23.831617,38.119613
130,328,23.835177,38.123153
130,329,23.837897,38.128253
130,330,23.840268,38.131923
130,331,23.840967,38.131153
130,332,23.841057,38.130962
130,333,23.840937,38.13108
130,334,23.840456,38.131831
130,335,23.840465,38.131843
130,336,23.839966,38.132613
130,337,23.841646,38.135974
130,338,23.844616,38.138304
130,339,23.845387,38.139323
130,340,23.845417,38.139323
130,341,23.845427,38.139731
130,342,23.844816,38.141341
130,343,23.847486,38.144339
130,344,23.849356,38.14418
130,345,23.849427,38.144069
130,346,23.849777,38.144198
130,347,23.849876,38.144217
130,348,23.850166,38.144076
130,349,23.849796,38.144237
130,350,23.848436,38.145198
130,351,23.846377,38.143238
130,352,23.845216,38.139956
130,353,23.845408,38.139606
130,354,23.842957,38.137927
130,355,23.840546,38.133529
130,356,23.840656,38.131598
130,357,23.841076,38.130989
130,358,23.840966,38.131019
130,359,23.840925,38.131129
130,360,23.840906,38.131149
130,361,23.840477,38.131758
130,362,23.839456,38.131289
130,363,23.837937,38.12823
130,364,23.835787,38.123832
130,365,23.831997,38.119804
130,366,23.829798,38.118495
130,367,23.828058,38.116584
130,368,23.825478,38.114173
130,369,23.823917,38.113704
130,370,23.823227,38.111713
130,371,23.820017,38.108634
130,372,23.815597,38.104686
130,373,23.809547,38.102164
130,374,23.804179,38.100044
130,375,23.798097,38.097705
130,376,23.793309,38.094664
130,377,23.791618,38.092475
130,378,23.790968,38.091644
130,379,23.788618,38.088565
130,380,23.785248,38.084185
130,381,23.781307,38.079066
130,382,23.775747,38.075206
130,383,23.769278,38.072635
130,384,23.762897,38.070064
130,385,23.756588,38.067534
130,386,23.751469,38.065093
130,387,23.750009,38.061263
130,388,23.754289,38.060245
130,389,23.75973,38.060047
130,390,23.764518,38.059676
130,391,23.768989,38.058128
130,392,23.77334,38.056288
130,393,23.776171,38.054778
130,394,23.781971,38.050788
130,395,23.782781,38.048457
130,396,23.782091,38.046356
130,397,23.781182,38.046584
130,398,23.779901,38.045593
130,399,23.780761,38.045082
130,400,23.782682,38.04404
130,401,23.785263,38.04269
130,402,23.788572,38.04285
130,403,23.788572,38.044971
130,404,23.788683,38.046161
130,405,23.787863,38.046561
130,406,23.787474,38.046623
130,407,23.787344,38.046584
130,408,23.787344,38.046374
130,409,23.787433,38.046615
130,410,23.787474,38.046676
130,411,23.787393,38.046576
130,412,23.786833,38.045776
130,413,23.787613,38.045177
130,414,23.788443,38.045059
130,415,23.788652,38.043998
130,416,23.786513,38.042488
130,417,23.783123,38.043769
130,418,23.781902,38.04494
130,419,23.782292,38.045901
130,420,23.782782,38.047332
130,421,23.782921,38.047844
130,422,23.78302,38.050262
130,423,23.782221,38.052161
130,424,23.77856,38.05355
130,425,23.77218,38.057051
130,426,23.765601,38.059562
130,427,23.75844,38.060153
130,428,23.752371,38.061484
130,429,23.752411,38.065254
130,430,23.758371,38.067962
130,431,23.764952,38.07062
130,432,23.772143,38.0735
130,433,23.779093,38.076789
130,434,23.783853,38.08192
130,435,23.787804,38.087051
130,436,23.791044,38.091289
130,437,23.794214,38.09526
130,438,23.799934,38.09814
130,439,23.807054,38.10089
130,440,23.814394,38.103549
130,441,23.814764,38.10551
130,442,23.818774,38.107559
130,443,23.823443,38.112167
130,444,23.826613,38.115146
130,445,23.830223,38.118778
130,446,23.832203,38.120269
130,447,23.836024,38.12448
130,448,23.838582,38.129749
130,449,23.840593,38.13174
130,450,23.840973,38.13108
130,451,23.840973,38.131141
130,452,23.841123,38.130919
130,453,23.841114,38.130938
130,454,23.840843,38.131389
130,455,23.839902,38.131888
130,456,23.839243,38.130767
130,457,23.837383,38.126918
130,458,23.834043,38.121837
130,459,23.830843,38.118747
130,460,23.829082,38.117648
130,461,23.826622,38.115149
130,462,23.824411,38.114051
130,463,23.823521,38.11201
130,464,23.820132,38.108711
130,465,23.815342,38.104511
130,466,23.808462,38.101699
130,467,23.801222,38.098861
130,468,23.794972,38.096153
130,469,23.792542,38.093604
130,470,23.792382,38.093383
130,471,23.791101,38.091731
130,472,23.788521,38.088382
130,473,23.7852,38.08401
130,474,23.78182,38.07962
130,475,23.77783,38.076229
130,476,23.772881,38.074008
130,477,23.767722,38.071967
130,478,23.76312,38.070129
130,479,23.75897,38.06866
130,480,23.75996,38.068801
130,481,23.75987,38.06665
130,482,23.759481,38.065589
130,483,23.759071,38.065089
130,484,23.758701,38.064578
130,485,23.758471,38.064288
130,486,23.75783,38.063377
130,487,23.75676,38.061175
130,488,23.756358,38.059856
130,489,23.755479,38.058524
130,490,23.754151,38.056674
130,491,23.75342,38.055645
130,492,23.75182,38.053024
130,493,23.751299,38.052322
130,494,23.751929,38.05149
130,495,23.751469,38.050601
130,496,23.751278,38.050059
130,497,23.751228,38.049548
130,498,23.753118,38.048839
130,499,23.755478,38.047981
130,500,23.757378,38.046699
130,501,23.757698,38.046397
130,502,23.758188,38.045886
130,503,23.759008,38.044788
130,504,23.760189,38.043029
130,505,23.76223,38.042068
130,506,23.762649,38.041687
130,507,23.762449,38.041457
130,508,23.76248,38.041419
130,509,23.7624,38.041301
130,510,23.7624,38.041491
130,511,23.762319,38.041542
130,512,23.76247,38.041331
130,513,23.76297,38.041732
130,514,23.76149,38.04214
130,515,23.759439,38.044341
130,516,23.758609,38.045482
130,517,23.757489,38.046653
130,518,23.755011,38.048053
130,519,23.752611,38.048862
130,520,23.751091,38.050021
130,521,23.751941,38.050781
130,522,23.750721,38.051589
130,523,23.752081,38.053241
130,524,23.753632,38.055721
130,525,23.755062,38.05778
130,526,23.755931,38.059021
130,527,23.756993,38.061771
130,528,23.757433,38.06282
130,529,23.757972,38.063701
130,530,23.759353,38.065402
130,531,23.759883,38.067111
130,532,23.761694,38.069213
130,533,23.767334,38.071514
130,534,23.774355,38.074344
130,535,23.780846,38.078315
130,536,23.785055,38.083533
130,537,23.789035,38.088683
130,538,23.790136,38.090163
130,539,23.792227,38.092914
130,540,23.796936,38.096984
130,541,23.804046,38.099734
130,542,23.810846,38.102385
130,543,23.814947,38.103835
130,544,23.814777,38.105525
130,545,23.818727,38.107574
130,546,23.823167,38.111884
130,547,23.826279,38.114825
130,548,23.829748,38.118426
130,549,23.831408,38.119338
130,550,23.834658,38.122569
130,551,23.837588,38.127639
130,552,23.839927,38.13195
130,553,23.840396,38.13193
130,554,23.840927,38.131282
130,555,23.840937,38.131202
130,556,23.841047,38.130893
130,557,23.841047,38.130924
130,558,23.840967,38.130973
130,559,23.841017,38.130881
130,560,23.841035,38.130851
130,561,23.840786,38.131339
130,562,23.839815,38.131789
130,563,23.838746,38.129779
130,564,23.836475,38.125079
130,565,23.832744,38.120548
130,566,23.830374,38.118667
130,567,23.828623,38.116965
130,568,23.825953,38.114356
130,569,23.823982,38.113646
130,570,23.822912,38.111328
130,571,23.819171,38.107749
130,572,23.813731,38.103747
130,573,23.806992,38.101119
130,574,23.799772,38.098281
130,575,23.793521,38.094832
130,576,23.789972,38.090243
130,577,23.786293,38.085475
130,578,23.782774,38.080894
130,579,23.778155,38.076415
130,580,23.772165,38.073695
130,581,23.765686,38.071094
130,582,23.759065,38.068424
130,583,23.752556,38.065661
130,584,23.748415,38.060283
130,585,23.745835,38.055652
130,586,23.744755,38.052753
130,587,23.742935,38.050323
130,588,23.740604,38.048171
130,589,23.737114,38.045032
130,590,23.734234,38.041373
130,591,23.732735,38.036704
130,592,23.729864,38.032573
130,593,23.727483,38.028602
130,594,23.725514,38.024192
130,595,23.723355,38.019584
130,596,23.719173,38.015765
130,597,23.717844,38.011775
130,598,23.716614,38.009753
130,599,23.715803,38.009292
130,600,23.715353,38.009002
130,601,23.715242,38.008922
130,602,23.715211,38.008903
130,603,23.714492,38.008422
130,604,23.712773,38.006801
130,605,23.708542,38.004371
130,606,23.703762,38.001201
130,607,23.698211,37.998862
130,608,23.693682,37.995811
130,609,23.689561,37.99227
130,610,23.687592,37.99055
130,611,23.687472,37.990432
130,612,23.688871,37.989364
130,613,23.691782,37.988242
130,614,23.693222,37.987892
130,615,23.693862,37.987719
130,616,23.693962,37.987658
130,617,23.696362,37.98698
130,618,23.70004,37.9855
130,619,23.701231,37.985
130,620,23.701441,37.984889
130,621,23.70095,37.983588
130,622,23.700461,37.982338
130,623,23.70227,37.980937
130,624,23.7038,37.980049
130,625,23.70566,37.979641
130,626,23.705901,37.979449
130,627,23.70591,37.9794
130,628,23.705999,37.979388
130,629,23.706029,37.979427
130,630,23.706029,37.979427
130,631,23.70602,37.979388
130,632,23.7059,37.979499
130,633,23.706261,37.979647
130,634,23.70619,37.979488
130,635,23.70616,37.979236
130,636,23.706089,37.979076
130,637,23.706018,37.979065
130,638,23.705988,37.978946
130,639,23.706149,37.979507
130,640,23.705288,37.978965
130,641,23.705097,37.978847
130,642,23.705377,37.978717
130,643,23.705637,37.978637
130,644,23.705948,37.978755
130,645,23.704937,37.979465
130,646,23.704687,37.980243
130,647,23.703327,37.980693
130,648,23.700777,37.982474
130,649,23.697997,37.983493
130,650,23.695727,37.984714
130,651,23.693766,37.986053
130,652,23.694295,37.987163
130,653,23.694286,37.987102
130,654,23.692905,37.987911
130,655,23.688635,37.989429
130,656,23.689023,37.991069
130,657,23.691814,37.993579
130,658,23.693374,37.994999
130,659,23.693825,37.995406
130,660,23.694065,37.995647
130,661,23.694065,37.995647
130,662,23.695525,37.996947
130,663,23.700044,37.999416
130,664,23.705395,38.001685
130,665,23.710605,38.005084
130,666,23.716255,38.009166
130,667,23.718716,38.014457
130,668,23.723634,38.019458
130,669,23.726114,38.025157
130,670,23.728874,38.030758
130,671,23.732294,38.035709
130,672,23.734384,38.041049
130,673,23.738103,38.045619
130,674,23.742424,38.049609
130,675,23.745724,38.05495
130,676,23.748823,38.06071
130,677,23.752813,38.065601
130,678,23.759743,38.0685
130,679,23.766823,38.071391
130,680,23.773663,38.074142
130,681,23.779883,38.077422
130,682,23.784492,38.082801
130,683,23.788613,38.08818
130,684,23.791772,38.092281
130,685,23.795683,38.096381
130,686,23.802492,38.099162
130,687,23.809591,38.101913
130,688,23.815052,38.103843
130,689,23.815152,38.105544
130,690,23.819126,38.10797
130,691,23.823415,38.112239
130,692,23.826327,38.114909
130,693,23.829817,38.11851
130,694,23.831417,38.119232
130,695,23.834587,38.122413
130,696,23.837618,38.127445
130,697,23.839619,38.131515
130,698,23.840739,38.131453
130,699,23.840859,38.131362
130,700,23.840848,38.131412
130,701,23.841099,38.131053
130,702,23.841117,38.131042
130,703,23.841059,38.131061
130,704,23.841019,38.131049
130,705,23.840708,38.131359
130,706,23.840007,38.13198
130,707,23.839508,38.131721
130,708,23.839388,38.13148
130,709,23.839248,38.131141
130,710,23.837689,38.12791
130,711,23.835419,38.123408
130,712,23.831869,38.119777
130,713,23.829778,38.118598
130,714,23.827978,38.116668
130,715,23.825278,38.11425
130,716,23.823757,38.113762
130,717,23.822857,38.111492
130,718,23.819367,38.108081
130,719,23.814356,38.104091
130,720,23.807846,38.101551
130,721,23.801486,38.099029
130,722,23.795277,38.096427
130,723,23.791777,38.092689
130,724,23.791367,38.092158
130,725,23.791157,38.091887
130,726,23.789327,38.089526
130,727,23.786046,38.085246
130,728,23.782737,38.080935
130,729,23.778957,38.077014
130,730,23.772858,38.074104
130,731,23.766326,38.071495
130,732,23.760467,38.069205
130,733,23.759237,38.069236
130,734,23.759867,38.067855
130,735,23.759808,38.066424
130,736,23.758458,38.064544
130,737,23.757106,38.062633
130,738,23.756257,38.060004
130,739,23.755016,38.058036
130,740,23.753166,38.055434
130,741,23.751606,38.052844
130,742,23.751316,38.052494
130,743,23.751976,38.051864
130,744,23.751625,38.050795
130,745,23.751394,38.050506
130,746,23.751243,38.049594
130,747,23.753523,38.048694
130,748,23.755123,38.048125
130,749,23.757254,38.046836
130,750,23.759094,38.044578
130,751,23.760954,38.042427
130,752,23.762943,38.041927
130,753,23.762582,38.041557
130,754,23.762613,38.041557
130,755,23.762604,38.041465
130,756,23.762613,38.041454
130,757,23.762473,38.041343
130,758,23.762455,38.041312
130,759,23.762526,38.041374
130,760,23.762596,38.041442
130,761,23.762526,38.041381
130,762,23.762455,38.04132
