131,1,23.880653,37.989368
131,2,23.881393,37.990169
131,3,23.882084,37.99065
131,4,23.882134,37.990699
131,5,23.881863,37.992
131,6,23.881092,37.994731
131,7,23.880571,37.996539
131,8,23.880143,37.99945
131,9,23.880672,38.002189
131,10,23.880743,38.003299
131,11,23.880743,38.003318
131,12,23.880752,38.003436
131,13,23.880752,38.003547
131,14,23.880712,38.003566
131,15,23.878924,38.003757
131,16,23.877425,38.003757
131,17,23.875945,38.003997
131,18,23.874264,38.004477
131,19,23.872262,38.005119
131,20,23.869222,38.005687
131,21,23.865753,38.006255
131,22,23.862324,38.007026
131,23,23.860705,38.007305
131,24,23.860804,38.008674
131,25,23.861133,38.011344
131,26,23.860273,38.013385
131,27,23.860233,38.016475
131,28,23.860373,38.019694
131,29,23.860372,38.019836
131,30,23.860342,38.020087
131,31,23.859962,38.022208
131,32,23.859612,38.023627
131,33,23.85798,38.024196
131,34,23.854182,38.024966
131,35,23.850641,38.026126
131,36,23.850531,38.026164
131,37,23.8498,38.026405
131,38,23.846359,38.027842
131,39,23.844108,38.028823
131,40,23.842939,38.027183
131,41,23.84255,38.027343
131,42,23.84247,38.027381
131,43,23.842011,38.027602
131,44,23.841899,38.027511
131,45,23.84194,38.027572
131,46,23.842431,38.027393
131,47,23.84267,38.027354
131,48,23.84251,38.027343
131,49,23.84251,38.027343
131,50,23.842663,38.027347
131,51,23.842632,38.027377
131,52,23.842731,38.027346
131,53,23.843052,38.027217
131,54,23.843283,38.026466
131,55,23.844593,38.025775
131,56,23.845882,38.025505
131,57,23.847273,38.025344
131,58,23.848972,38.025035
131,59,23.848652,38.023955
131,60,23.847511,38.022006
131,61,23.846302,38.020354
131,62,23.845503,38.018454
131,63,23.846382,38.018036
131,64,23.848132,38.017864
131,65,23.850234,38.017722
131,66,23.852083,38.017443
131,67,23.853134,38.015113
131,68,23.854423,38.012233
131,69,23.856514,38.010192
131,70,23.857624,38.009261
131,71,23.858204,38.00891
131,72,23.858034,38.008689
131,73,23.857883,38.008517
131,74,23.857883,38.008506
131,75,23.857633,38.008228
131,76,23.857653,38.008147
131,77,23.857603,38.007739
131,78,23.858014,38.007629
131,79,23.859993,38.007327
131,80,23.863033,38.006828
131,81,23.865003,38.006397
131,82,23.865673,38.006278
131,83,23.867014,38.006038
131,84,23.867325,38.005969
131,85,23.867504,38.005939
131,86,23.868053,38.005858
131,87,23.868784,38.005718
131,88,23.869333,38.005618
131,89,23.870003,38.005507
131,90,23.870203,38.00547
131,91,23.870983,38.005359
131,92,23.871192,38.00532
131,93,23.871924,38.006072
131,94,23.871134,38.008201
131,95,23.870943,38.008411
131,96,23.870943,38.008422
131,97,23.870943,38.010001
131,98,23.871413,38.0129
131,99,23.871912,38.016082
131,100,23.872103,38.017741
131,101,23.868853,38.01805
131,102,23.867493,38.0167
131,103,23.866083,38.016891
131,104,23.864933,38.017932
131,105,23.862904,38.01924
131,106,23.860744,38.020233
131,107,23.860164,38.020213
131,108,23.860275,38.020175
131,109,23.859825,38.020114
131,110,23.860575,38.019935
131,111,23.861015,38.019725
131,112,23.860957,38.020495
131,113,23.860867,38.020457
131,114,23.861217,38.020259
131,115,23.863388,38.019149
131,116,23.865159,38.017928
131,117,23.866518,38.016548
131,118,23.867788,38.017268
131,119,23.869558,38.01802
131,120,23.872248,38.01757
131,121,23.871659,38.014339
131,122,23.871149,38.01118
131,123,23.870868,38.008369
131,124,23.871859,38.00603
131,125,23.871759,38.005591
131,126,23.87174,38.00558
131,127,23.870411,38.00553
131,128,23.867741,38.005938
131,129,23.86771,38.005938
131,130,23.867501,38.005378
131,131,23.867309,38.002807
131,132,23.86612,37.999908
131,133,23.86545,37.998786
131,134,23.86536,37.998615
131,135,23.86799,37.997165
131,136,23.870071,37.996005
131,137,23.870392,37.995914
131,138,23.872852,37.994712
131,139,23.874563,37.992542
131,140,23.874844,37.992133
131,141,23.874844,37.992114
131,142,23.875093,37.992053
131,143,23.875144,37.992084
131,144,23.877542,37.990566
131,145,23.880323,37.989066
131,146,23.880524,37.989257
