132,1,23.88069,37.989341
132,2,23.88096,37.989582
132,3,23.880929,37.989631
132,4,23.881069,37.989852
132,5,23.8821,37.990734
132,6,23.881809,37.992114
132,7,23.880949,37.995246
132,8,23.88016,37.998667
132,9,23.880649,38.001628
132,10,23.880788,38.003639
132,11,23.880788,38.003627
132,12,23.880759,38.003738
132,13,23.878199,38.003806
132,14,23.8746,38.004367
132,15,23.87195,38.005176
132,16,23.8718,38.005206
132,17,23.86903,38.005695
132,18,23.86586,38.006225
132,19,23.86182,38.007106
132,20,23.86072,38.007297
132,21,23.860818,38.008686
132,22,23.86117,38.011176
132,23,23.86029,38.013327
132,24,23.86026,38.016559
132,25,23.860389,38.019927
132,26,23.859869,38.022567
132,27,23.85965,38.024138
132,28,23.85932,38.026908
132,29,23.85927,38.02914
132,30,23.85927,38.02914
132,31,23.85924,38.029319
132,32,23.85877,38.031108
132,33,23.856511,38.03186
132,34,23.856381,38.031909
132,35,23.857131,38.033599
132,36,23.85434,38.035868
132,37,23.851009,38.039237
132,38,23.84709,38.042167
132,39,23.842779,38.044585
132,40,23.83996,38.046306
132,41,23.839609,38.046557
132,42,23.839828,38.048697
132,43,23.839009,38.051536
132,44,23.840229,38.052715
132,45,23.842899,38.054313
132,46,23.839969,38.055713
132,47,23.837798,38.058604
132,48,23.83593,38.058746
132,49,23.836099,38.059997
132,50,23.83461,38.061198
132,51,23.82974,38.063617
132,52,23.82637,38.065189
132,53,23.82542,38.066447
132,54,23.821091,38.066688
132,55,23.820991,38.068859
132,56,23.820961,38.073108
132,57,23.820771,38.077346
132,58,23.82044,38.078365
132,59,23.8195,38.081195
132,60,23.81878,38.085425
132,61,23.817621,38.087974
132,62,23.817522,38.088012
132,63,23.815922,38.088492
132,64,23.811842,38.088054
132,65,23.809791,38.087623
132,66,23.807091,38.087401
132,67,23.802092,38.087241
132,68,23.800402,38.087161
132,69,23.798392,38.089251
132,70,23.796152,38.092143
132,71,23.792482,38.091693
132,72,23.791742,38.091674
132,73,23.790482,38.090953
132,74,23.787672,38.087344
132,75,23.784521,38.083224
132,76,23.78108,38.079326
132,77,23.779649,38.077285
132,78,23.780701,38.077846
132,79,23.78259,38.080104
132,80,23.78437,38.082443
132,81,23.78589,38.084373
132,82,23.78621,38.084513
132,83,23.786221,38.084513
132,84,23.786411,38.084502
132,85,23.786722,38.084621
132,86,23.787141,38.08475
132,87,23.787481,38.084892
132,88,23.787491,38.08517
132,89,23.787491,38.08522
132,90,23.787432,38.085128
132,91,23.784943,38.083179
132,92,23.784183,38.08221
132,93,23.783893,38.081809
132,94,23.782203,38.079528
132,95,23.780203,38.077289
132,96,23.779864,38.077289
132,97,23.780153,38.077369
132,98,23.782454,38.080051
132,99,23.785273,38.083751
132,100,23.788273,38.087661
132,101,23.790833,38.09096
132,102,23.791172,38.091399
132,103,23.791512,38.091639
132,104,23.794201,38.09175
132,105,23.796742,38.091151
132,106,23.799122,38.088203
132,107,23.800112,38.087013
132,108,23.800112,38.087013
132,109,23.80194,38.087173
132,110,23.805432,38.087291
132,111,23.808621,38.08744
132,112,23.809231,38.087459
132,113,23.81027,38.08765
132,114,23.81345,38.088298
132,115,23.816469,38.088317
132,116,23.816999,38.088145
132,117,23.817008,38.088157
132,118,23.818179,38.087657
132,119,23.818588,38.084739
132,120,23.819387,38.081298
132,121,23.820207,38.078757
132,122,23.820957,38.076629
132,123,23.821038,38.075858
132,124,23.821038,38.074889
132,125,23.820717,38.072269
132,126,23.820757,38.070769
132,127,23.821407,38.070338
132,128,23.822126,38.069339
132,129,23.823197,38.068931
132,130,23.822996,38.067252
132,131,23.822965,38.066963
132,132,23.822966,38.066924
132,133,23.823795,38.066623
132,134,23.826545,38.066322
132,135,23.827336,38.064281
132,136,23.829815,38.063571
132,137,23.832994,38.061919
132,138,23.836075,38.060718
132,139,23.835884,38.059569
132,140,23.836244,38.058738
132,141,23.838234,38.057727
132,142,23.838663,38.054859
132,143,23.839052,38.052608
132,144,23.838602,38.051776
132,145,23.838602,38.051776
132,146,23.839452,38.050815
132,147,23.839632,38.049404
132,148,23.839903,38.049392
132,149,23.840292,38.049812
132,150,23.840363,38.049891
132,151,23.840403,38.049922
132,152,23.840642,38.050254
132,153,23.840544,38.050372
132,154,23.840544,38.050384
132,155,23.840383,38.050556
132,156,23.840313,38.050567
132,157,23.840423,38.050475
132,158,23.840473,38.050414
132,159,23.839974,38.049502
132,160,23.839933,38.049453
132,161,23.839862,38.049362
132,162,23.839563,38.04716
132,163,23.839964,38.046222
132,164,23.842554,38.044601
132,165,23.844173,38.04375
132,166,23.847393,38.041942
132,167,23.850603,38.039451
132,168,23.853213,38.036621
132,169,23.856363,38.03427
132,170,23.857094,38.0335
132,171,23.856874,38.031768
132,172,23.859144,38.029929
132,173,23.859573,38.026
132,174,23.859564,38.024509
132,175,23.859965,38.02217
132,176,23.860353,38.018431
132,177,23.860335,38.014423
132,178,23.859323,38.011844
132,179,23.857473,38.010845
132,180,23.858164,38.008983
132,181,23.857914,38.008624
132,182,23.857574,38.008174
132,183,23.857565,38.008125
132,184,23.857096,38.006885
132,185,23.855425,38.007385
132,186,23.855835,38.006133
132,187,23.856476,38.005252
132,188,23.856176,38.003513
132,189,23.857906,38.002482
132,190,23.861647,38.000171
132,191,23.865806,37.998382
132,192,23.869467,37.996291
132,193,23.871907,37.995471
132,194,23.874277,37.99282
132,195,23.877587,37.9906
132,196,23.880368,37.989089
132,197,23.881187,37.989948
132,198,23.881928,37.990577
132,199,23.881748,37.991435
132,200,23.881057,37.991607
132,201,23.881107,37.991569
132,202,23.881418,37.991668
132,203,23.881427,37.991706
132,204,23.881878,37.991298
132,205,23.882057,37.99073
132,206,23.881427,37.99015
132,207,23.880938,37.989581
