133,1,23.880182,37.988982
133,2,23.879032,37.989604
133,3,23.876263,37.991413
133,4,23.873521,37.993694
133,5,23.871811,37.995475
133,6,23.869241,37.996376
133,7,23.866312,37.998027
133,8,23.862661,37.999687
133,9,23.858921,38.001857
133,10,23.857842,38.003307
133,11,23.858181,38.006366
133,12,23.858382,38.006958
133,13,23.858202,38.007629
133,14,23.856192,38.0083
133,15,23.853332,38.00906
133,16,23.851371,38.009368
133,17,23.849832,38.009639
133,18,23.849101,38.009769
133,19,23.848472,38.009879
133,20,23.847791,38.009978
133,21,23.846383,38.010207
133,22,23.843652,38.010577
133,23,23.839462,38.011249
133,24,23.835462,38.01292
133,25,23.833982,38.013228
133,26,23.833172,38.0134
133,27,23.830973,38.013862
133,28,23.830254,38.013961
133,29,23.828153,38.01401
133,30,23.827114,38.014011
133,31,23.826315,38.01398
133,32,23.825355,38.01395
133,33,23.824575,38.013911
133,34,23.823116,38.013843
133,35,23.820967,38.013774
133,36,23.820446,38.013835
133,37,23.817526,38.014773
133,38,23.814476,38.016211
133,39,23.810696,38.017691
133,40,23.808734,38.01847
133,41,23.807964,38.018779
133,42,23.804995,38.0186
133,43,23.801624,38.017897
133,44,23.801294,38.017836
133,45,23.799774,38.017616
133,46,23.797954,38.017417
133,47,23.796275,38.017898
133,48,23.796275,38.017898
133,49,23.794924,38.019249
133,50,23.793563,38.021117
133,51,23.791013,38.023109
133,52,23.790215,38.02357
133,53,23.789474,38.02389
133,54,23.786575,38.025779
133,55,23.784404,38.026149
133,56,23.782184,38.02523
133,57,23.780554,38.026981
133,58,23.779273,38.0278
133,59,23.777734,38.028029
133,60,23.777935,38.0292
133,61,23.778915,38.02914
133,62,23.779525,38.02922
133,63,23.779516,38.0293
133,64,23.780016,38.029368
133,65,23.780616,38.029049
133,66,23.782267,38.028038
133,67,23.784477,38.026737
133,68,23.786716,38.025398
133,69,23.789137,38.023937
133,70,23.791826,38.022475
133,71,23.793856,38.020397
133,72,23.796517,38.017616
133,73,23.799085,38.017356
133,74,23.799085,38.017345
133,75,23.800776,38.017566
133,76,23.803906,38.018188
133,77,23.806736,38.018756
133,78,23.810045,38.017715
133,79,23.811585,38.017104
133,80,23.811844,38.017025
133,81,23.812164,38.016906
133,82,23.812334,38.016845
133,83,23.812513,38.016784
133,84,23.812804,38.016674
133,85,23.813023,38.016593
133,86,23.813794,38.016292
133,87,23.814653,38.015952
133,88,23.815704,38.01541
133,89,23.815894,38.015311
133,90,23.815936,38.015281
133,91,23.816885,38.014819
133,92,23.816885,38.014808
133,93,23.817125,38.014709
133,94,23.817286,38.014659
133,95,23.818325,38.014339
133,96,23.818865,38.014179
133,97,23.819515,38.01398
133,98,23.819525,38.013969
133,99,23.819845,38.013858
133,100,23.820036,38.013728
133,101,23.820045,38.013728
133,102,23.820206,38.013579
133,103,23.821606,38.01366
133,104,23.824425,38.01379
133,105,23.828736,38.013889
133,106,23.832926,38.013347
133,107,23.836685,38.012427
133,108,23.840885,38.010886
133,109,23.845766,38.010306
133,110,23.851156,38.009345
133,111,23.855057,38.008464
133,112,23.855106,38.006663
133,113,23.855735,38.005332
133,114,23.856216,38.004012
133,115,23.856858,38.002864
133,116,23.856858,38.002864
133,117,23.857128,38.002784
133,118,23.857128,38.002784
133,119,23.857769,38.002514
133,120,23.858989,38.001853
133,121,23.86268,37.999733
133,122,23.86714,37.997631
133,123,23.871389,37.99567
133,124,23.874769,37.99242
133,125,23.87946,37.989348
133,126,23.88072,37.989417
133,127,23.881491,37.990196
133,128,23.881901,37.990924
133,129,23.881421,37.991614
133,130,23.88135,37.991633
133,131,23.881379,37.991645
133,132,23.88138,37.991466
133,133,23.88195,37.990905
133,134,23.881521,37.990226
133,135,23.881281,37.989917
133,136,23.88125,37.989959
133,137,23.881799,37.990489
133,138,23.882,37.99118
133,139,23.881349,37.99364
133,140,23.880419,37.997051
133,141,23.880508,38.000689
133,142,23.880749,38.00259
133,143,23.880768,38.003108
133,144,23.880778,38.00312
133,145,23.880797,38.003391
133,146,23.880856,38.00347
133,147,23.880874,38.003482
133,148,23.882015,38.00368
133,149,23.885235,38.003669
133,150,23.889654,38.00434
133,151,23.894334,38.004062
133,152,23.898794,38.003254
133,153,23.899484,38.003161
133,154,23.900685,38.003043
133,155,23.905124,38.002605
133,156,23.909865,38.002513
133,157,23.912364,38.001064
133,158,23.915365,37.999385
133,159,23.915705,37.999064
133,160,23.915695,37.999015
133,161,23.915735,37.999134
133,162,23.915765,37.999225
133,163,23.914477,37.999626
133,164,23.912466,38.001105
133,165,23.912407,38.001296
133,166,23.912407,38.001308
133,167,23.912366,38.001376
133,168,23.912337,38.001487
133,169,23.912216,38.001449
133,170,23.910566,38.002548
133,171,23.906967,38.002665
133,172,23.902196,38.002945
133,173,23.899347,38.003284
133,174,23.896057,38.003852
133,175,23.891227,38.004673
133,176,23.887237,38.004061
133,177,23.886328,38.003921
133,178,23.885998,38.003859
133,179,23.885258,38.00373
133,180,23.884548,38.003612
133,181,23.883829,38.003532
133,182,23.88299,38.003631
133,183,23.882329,38.003711
133,184,23.881509,38.003741
133,185,23.88105,38.003742
133,186,23.880739,38.002673
133,187,23.880249,37.999873
133,188,23.880788,37.995845
133,189,23.88168,37.992614
133,190,23.881858,37.990585
133,191,23.881178,37.989944
133,192,23.880913,37.989517
