134,1,23.880585,37.989257
134,2,23.879614,37.989268
134,3,23.877094,37.990867
134,4,23.873814,37.993277
134,5,23.871933,37.995418
134,6,23.867064,37.997649
134,7,23.862533,37.999751
134,8,23.858614,38.00204
134,9,23.857873,38.004131
134,10,23.857904,38.00465
134,11,23.857945,38.004958
134,12,23.857945,38.00497
134,13,23.857964,38.005248
134,14,23.857983,38.005359
134,15,23.858013,38.00553
134,16,23.858093,38.00579
134,17,23.858093,38.00579
134,18,23.858133,38.005988
134,19,23.858152,38.00605
134,20,23.858183,38.006168
134,21,23.858283,38.006389
134,22,23.858292,38.006419
134,23,23.858381,38.006758
134,24,23.858381,38.006797
134,25,23.858541,38.007377
134,26,23.858551,38.007377
134,27,23.858761,38.007487
134,28,23.860271,38.007278
134,29,23.860281,38.007266
134,30,23.86071,38.008155
134,31,23.861139,38.010757
134,32,23.860329,38.012698
134,33,23.860329,38.015128
134,34,23.860439,38.018787
134,35,23.860409,38.019756
134,36,23.860409,38.019774
134,37,23.860128,38.021693
134,38,23.859659,38.024832
134,39,23.859219,38.028342
134,40,23.859049,38.030921
134,41,23.856829,38.031753
134,42,23.856518,38.032142
134,43,23.856638,38.03419
134,44,23.853437,38.036551
134,45,23.850286,38.039882
134,46,23.846306,38.042571
134,47,23.843315,38.044342
134,48,23.840506,38.045932
134,49,23.840367,38.046024
134,50,23.839487,38.046745
134,51,23.839887,38.048526
134,52,23.839697,38.050315
134,53,23.839616,38.050895
134,54,23.839627,38.050895
134,55,23.839136,38.051444
134,56,23.839096,38.051475
134,57,23.838256,38.051513
134,58,23.835476,38.051173
134,59,23.832476,38.051212
134,60,23.828775,38.052123
134,61,23.824887,38.053005
134,62,23.823126,38.052474
134,63,23.821085,38.052325
134,64,23.816996,38.052615
134,65,23.813665,38.053473
134,66,23.813256,38.053592
134,67,23.812916,38.05371
134,68,23.812505,38.05381
134,69,23.812447,38.053791
134,70,23.811577,38.054309
134,71,23.811437,38.05654
134,72,23.808918,38.057841
134,73,23.808807,38.059123
134,74,23.809026,38.060454
134,75,23.808897,38.060565
134,76,23.808617,38.060474
134,77,23.808496,38.060405
134,78,23.808385,38.060153
134,79,23.808396,38.060115
134,80,23.808365,38.060153
134,81,23.808205,38.060363
134,82,23.808325,38.060481
134,83,23.808454,38.06047
134,84,23.808645,38.06063
134,85,23.808705,38.060539
134,86,23.808685,38.060069
134,87,23.808636,38.057929
134,88,23.811876,38.056068
134,89,23.811395,38.054557
134,90,23.810335,38.052349
134,91,23.808476,38.04988
134,92,23.807356,38.046611
134,93,23.804876,38.044112
134,94,23.802246,38.040691
134,95,23.799666,38.0377
134,96,23.796635,38.035178
134,97,23.795325,38.033798
134,98,23.794485,38.033019
134,99,23.794226,38.032779
134,100,23.793174,38.032959
134,101,23.790454,38.034187
134,102,23.787334,38.034347
134,103,23.785254,38.034988
134,104,23.780803,38.036758
134,105,23.779543,38.038669
134,106,23.776952,38.040279
134,107,23.775263,38.039237
134,108,23.773563,38.037276
134,109,23.772253,38.035785
134,110,23.772062,38.035564
134,111,23.771492,38.034984
134,112,23.771461,38.034934
134,113,23.771461,38.034904
134,114,23.769062,38.035114
134,115,23.766611,38.035434
134,116,23.76414,38.036452
134,117,23.762041,38.038043
134,118,23.760622,38.038684
134,119,23.760483,38.038722
134,120,23.760433,38.039741
134,121,23.761553,38.03987
134,122,23.761713,38.039771
134,123,23.761723,38.039771
134,124,23.761692,38.039832
134,125,23.761673,38.039821
134,126,23.762083,38.039542
134,127,23.762502,38.039111
134,128,23.762163,38.038741
134,129,23.762163,38.038673
134,130,23.762373,38.038822
134,131,23.762523,38.039043
134,132,23.762554,38.039103
134,133,23.763035,38.038913
134,134,23.764284,38.038242
134,135,23.765884,38.037463
134,136,23.766945,38.036872
134,137,23.766355,38.03617
134,138,23.765966,38.035762
134,139,23.765966,38.03575
134,140,23.765837,38.035579
134,141,23.763656,38.036758
134,142,23.763496,38.036918
134,143,23.761655,38.038108
134,144,23.761135,38.038489
134,145,23.761225,38.038409
134,146,23.760774,38.03857
134,147,23.760055,38.039661
134,148,23.761585,38.040111
134,149,23.760655,38.041381
134,150,23.760984,38.042263
134,151,23.760244,38.043113
134,152,23.759714,38.043922
134,153,23.759643,38.044032
134,154,23.759433,38.044372
134,155,23.759243,38.044673
134,156,23.758633,38.045512
134,157,23.758562,38.045543
134,158,23.757532,38.046622
134,159,23.757202,38.046851
134,160,23.756052,38.047652
134,161,23.754892,38.048103
134,162,23.752842,38.048774
134,163,23.750702,38.049514
134,164,23.751251,38.050235
134,165,23.751532,38.050426
134,166,23.751341,38.051105
134,167,23.75102,38.051914
134,168,23.752281,38.053645
134,169,23.75389,38.056144
134,170,23.75568,38.058623
134,171,23.756241,38.059444
134,172,23.75708,38.061935
134,173,23.75752,38.062824
134,174,23.757841,38.063243
134,175,23.759192,38.064944
134,176,23.759821,38.066295
134,177,23.76,38.067565
134,178,23.76008,38.069373
134,179,23.76009,38.069545
134,180,23.760089,38.069953
134,181,23.76009,38.070784
134,182,23.759951,38.071575
134,183,23.759771,38.072165
134,184,23.760341,38.073844
134,185,23.760492,38.074153
134,186,23.761252,38.074744
134,187,23.761652,38.075244
134,188,23.761621,38.076164
134,189,23.761482,38.076465
134,190,23.761603,38.077903
134,191,23.761991,38.078994
134,192,23.762202,38.079554
134,193,23.76271,38.080966
134,194,23.763531,38.083247
134,195,23.763512,38.085578
134,196,23.762761,38.086646
134,197,23.761582,38.087558
134,198,23.760481,38.088439
134,199,23.758781,38.08958
134,200,23.758251,38.089858
134,201,23.75563,38.088699
134,202,23.751481,38.08689
134,203,23.74749,38.085109
134,204,23.74531,38.084338
134,205,23.745319,38.08607
134,206,23.745328,38.086612
134,207,23.745259,38.086971
134,208,23.745268,38.08668
134,209,23.745077,38.086139
134,210,23.745117,38.086448
134,211,23.745247,38.085769
134,212,23.745587,38.084418
134,213,23.748235,38.085567
134,214,23.752195,38.087318
134,215,23.756046,38.088996
134,216,23.757807,38.089774
134,217,23.759096,38.090365
134,218,23.762935,38.091456
134,219,23.767915,38.092128
134,220,23.770646,38.09251
134,221,23.773926,38.092811
134,222,23.774156,38.09273
134,223,23.776876,38.091151
134,224,23.781456,38.09191
134,225,23.785344,38.090919
134,226,23.787975,38.091487
134,227,23.790076,38.091807
134,228,23.791034,38.091887
134,229,23.791074,38.091877
134,230,23.793085,38.091685
134,231,23.796225,38.091723
134,232,23.798265,38.089263
134,233,23.799786,38.087394
134,234,23.801466,38.087154
134,235,23.804956,38.087264
134,236,23.808117,38.087406
134,237,23.808718,38.087436
134,238,23.808727,38.087436
134,239,23.809976,38.087608
134,240,23.813137,38.088279
134,241,23.815857,38.08847
134,242,23.816727,38.088218
134,243,23.816937,38.088126
134,244,23.817087,38.088058
134,245,23.817198,38.088019
134,246,23.818437,38.086719
134,247,23.818749,38.08356
134,248,23.819769,38.079849
134,249,23.820848,38.076789
134,250,23.821028,38.075641
134,251,23.820858,38.073371
134,252,23.820827,38.069682
134,253,23.820987,38.067592
134,254,23.821968,38.066733
134,255,23.825298,38.066493
134,256,23.826069,38.064964
134,257,23.829599,38.063682
134,258,23.833759,38.06158
134,259,23.834959,38.061019
134,260,23.835579,38.060878
134,261,23.836119,38.060778
134,262,23.836088,38.060378
134,263,23.835788,38.059367
134,264,23.835729,38.059169
134,265,23.836689,38.058868
134,266,23.838279,38.057616
134,267,23.83885,38.054607
134,268,23.83865,38.051898
134,269,23.8386,38.051807
134,270,23.838921,38.051555
134,271,23.83962,38.049693
134,272,23.839741,38.048065
134,273,23.839272,38.046775
134,274,23.839272,38.046775
134,275,23.839901,38.046245
134,276,23.842731,38.044525
134,277,23.844282,38.043693
134,278,23.847982,38.041602
134,279,23.851562,38.038333
134,280,23.855941,38.034583
134,281,23.856431,38.032142
134,282,23.859041,38.030921
134,283,23.859251,38.027011
134,284,23.85972,38.02304
134,285,23.86037,38.01839
134,286,23.860281,38.013701
134,287,23.85861,38.01192
134,288,23.85738,38.010291
134,289,23.85822,38.00891
134,290,23.857738,38.00822
134,291,23.857358,38.007202
134,292,23.855648,38.007331
134,293,23.855428,38.006183
134,294,23.856379,38.005282
134,295,23.856179,38.003421
134,296,23.857229,38.002781
134,297,23.85722,38.002781
134,298,23.85908,38.001818
134,299,23.863529,37.999458
134,300,23.867679,37.997355
134,301,23.87002,37.996066
134,302,23.87254,37.995025
134,303,23.874319,37.992744
134,304,23.876539,37.991252
134,305,23.87999,37.989101
134,306,23.880529,37.989341
