136,1,23.843374,37.967418
136,2,23.845085,37.966937
136,3,23.847345,37.966765
136,4,23.848955,37.966045
136,5,23.851255,37.966083
136,6,23.853185,37.966273
136,7,23.853537,37.968135
136,8,23.855726,37.969466
136,9,23.857977,37.970965
136,10,23.859416,37.972755
136,11,23.861958,37.973785
136,12,23.863607,37.975765
136,13,23.864548,37.977153
136,14,23.866718,37.978793
136,15,23.867927,37.981562
136,16,23.866928,37.984874
136,17,23.864729,37.985942
136,18,23.865648,37.987403
136,19,23.867649,37.989532
136,20,23.87003,37.99039
136,21,23.872719,37.98994
136,22,23.874618,37.992252
136,23,23.876879,37.99092
136,24,23.880018,37.989009
136,25,23.880909,37.989669
136,26,23.881159,37.98997
136,27,23.881189,37.989879
136,28,23.88119,37.989989
136,29,23.881039,37.990359
136,30,23.881088,37.990322
136,31,23.881138,37.990421
136,32,23.881308,37.990211
136,33,23.881258,37.990211
136,34,23.881227,37.990112
136,35,23.881258,37.99005
136,36,23.881159,37.989821
136,37,23.881149,37.989821
136,38,23.880479,37.989143
136,39,23.879449,37.989432
136,40,23.87742,37.990714
136,41,23.87504,37.992294
136,42,23.874059,37.991374
136,43,23.872718,37.989734
136,44,23.870529,37.990184
136,45,23.870439,37.991115
136,46,23.871899,37.992694
136,47,23.870908,37.994686
136,48,23.870338,37.995765
136,49,23.870348,37.995765
136,50,23.869037,37.996555
136,51,23.866296,37.998096
136,52,23.863547,37.999415
136,53,23.860527,38.000827
136,54,23.858178,38.002318
136,55,23.857906,38.003657
136,56,23.858217,38.006149
136,57,23.858517,38.00724
136,58,23.858517,38.007251
136,59,23.858356,38.007633
136,60,23.856426,38.008223
136,61,23.853636,38.009013
136,62,23.850185,38.009604
136,63,23.847025,38.010116
136,64,23.844394,38.010497
136,65,23.841586,38.010799
136,66,23.838465,38.011718
136,67,23.835165,38.01297
136,68,23.831116,38.013827
136,69,23.827095,38.014007
136,70,23.824286,38.013888
136,71,23.822765,38.013809
136,72,23.820326,38.01382
136,73,23.818216,38.014541
136,74,23.816216,38.015361
136,75,23.815654,38.01567
136,76,23.814525,38.016201
136,77,23.813936,38.016421
136,78,23.813146,38.01673
136,79,23.812625,38.016928
136,80,23.812585,38.01694
136,81,23.811396,38.017421
136,82,23.811216,38.017482
136,83,23.810457,38.017772
136,84,23.810438,38.017783
136,85,23.809559,38.018123
136,86,23.809159,38.018283
136,87,23.808368,38.018603
136,88,23.807988,38.018733
136,89,23.807499,38.018913
136,90,23.804239,38.018413
136,91,23.801328,38.017833
136,92,23.801249,38.017802
136,93,23.801138,38.017783
136,94,23.800457,38.017654
136,95,23.800186,38.017604
136,96,23.800136,38.017615
136,97,23.799467,38.017505
136,98,23.798347,38.017387
136,99,23.797058,38.017558
136,100,23.796318,38.017878
136,101,23.796298,38.01789
136,102,23.7955,38.017558
136,103,23.793359,38.016276
136,104,23.792468,38.015808
136,105,23.789919,38.014709
136,106,23.787699,38.01303
136,107,23.786049,38.011851
136,108,23.785818,38.011733
136,109,23.785059,38.011203
136,110,23.783168,38.009871
136,111,23.784258,38.009383
136,112,23.785087,38.009303
136,113,23.784948,38.009383
136,114,23.784899,38.009414
136,115,23.784899,38.009272
136,116,23.784908,38.009284
136,117,23.785139,38.009475
136,118,23.78526,38.009513
136,119,23.785068,38.009513
136,120,23.784818,38.009261
136,121,23.784818,38.009231
136,122,23.783338,38.0097
136,123,23.783178,38.00975
136,124,23.783178,38.00975
136,125,23.784189,38.010619
136,126,23.787039,38.01274
136,127,23.789759,38.014702
136,128,23.790548,38.015262
136,129,23.793959,38.016601
136,130,23.795408,38.017612
136,131,23.795408,38.017642
136,132,23.795957,38.017822
136,133,23.798197,38.017242
136,134,23.798416,38.01723
136,135,23.801007,38.01757
136,136,23.803606,38.018131
136,137,23.804587,38.01834
136,138,23.804787,38.01839
136,139,23.805307,38.01852
136,140,23.806007,38.018661
136,141,23.806397,38.018722
136,142,23.809856,38.017723
136,143,23.814066,38.016082
136,144,23.814957,38.015712
136,145,23.814987,38.015712
136,146,23.815917,38.015212
136,147,23.816359,38.014991
136,148,23.816528,38.014922
136,149,23.816788,38.014823
136,150,23.817897,38.014415
136,151,23.818248,38.014315
136,152,23.818709,38.014175
136,153,23.819019,38.014095
136,154,23.819029,38.014145
136,155,23.819618,38.013953
136,156,23.819628,38.013953
136,157,23.820047,38.013713
136,158,23.820047,38.013713
136,159,23.820756,38.013542
136,160,23.821516,38.013561
136,161,23.822016,38.013591
136,162,23.823196,38.01361
136,163,23.824096,38.01364
136,164,23.825068,38.013709
136,165,23.829767,38.013801
136,166,23.832727,38.01332
136,167,23.835296,38.012771
136,168,23.839416,38.0111
136,169,23.843446,38.010539
136,170,23.847825,38.009891
136,171,23.851686,38.009121
136,172,23.851757,38.00912
136,173,23.851776,38.009109
136,174,23.851875,38.009109
136,175,23.854724,38.008559
136,176,23.855274,38.007129
136,177,23.855774,38.005568
136,178,23.856255,38.004058
136,179,23.857294,38.002696
136,180,23.860075,38.001056
136,181,23.863476,37.999385
136,182,23.867596,37.997336
136,183,23.871546,37.995547
136,184,23.873686,37.993289
136,185,23.877366,37.990649
136,186,23.880106,37.988971
136,187,23.881185,37.989951
136,188,23.881346,37.989963
136,189,23.881286,37.989982
136,190,23.881077,37.989811
136,191,23.881086,37.989811
136,192,23.880386,37.98907
136,193,23.880007,37.989101
136,194,23.878406,37.990039
136,195,23.876036,37.99158
136,196,23.874485,37.992
136,197,23.873044,37.99018
136,198,23.872126,37.98981
136,199,23.869966,37.990829
136,200,23.871336,37.992179
136,201,23.871595,37.99433
136,202,23.870306,37.99578
136,203,23.870306,37.99578
136,204,23.869056,37.996482
136,205,23.866336,37.998031
136,206,23.863397,37.999431
136,207,23.860379,38.000869
136,208,23.858028,38.002349
136,209,23.857838,38.004158
136,210,23.858386,38.006847
136,211,23.857627,38.007735
136,212,23.855077,38.008575
136,213,23.853077,38.009044
136,214,23.849707,38.009666
136,215,23.846547,38.010195
136,216,23.844156,38.010604
136,217,23.843647,38.011516
136,218,23.843548,38.013205
136,219,23.844057,38.015414
136,220,23.844936,38.017303
136,221,23.845976,38.019424
136,222,23.847335,38.021526
136,223,23.848536,38.023487
136,224,23.849017,38.024455
136,225,23.849226,38.024787
136,226,23.849916,38.025848
136,227,23.851317,38.027366
136,228,23.852947,38.029006
136,229,23.855066,38.030436
136,230,23.856467,38.032169
136,231,23.856605,38.034069
136,232,23.854635,38.035537
136,233,23.852646,38.037288
136,234,23.851106,38.039077
136,235,23.849587,38.040527
136,236,23.847956,38.041705
136,237,23.847286,38.042064
136,238,23.845216,38.043163
136,239,23.843906,38.044002
136,240,23.842026,38.044971
136,241,23.840315,38.046081
136,242,23.840296,38.046081
136,243,23.839445,38.046821
136,244,23.839865,38.048331
136,245,23.839805,38.048972
136,246,23.839775,38.049522
136,247,23.839645,38.050841
136,248,23.839605,38.050911
136,249,23.839146,38.051429
136,250,23.839136,38.051441
136,251,23.838806,38.051558
136,252,23.837095,38.05133
136,253,23.834955,38.051189
136,254,23.833235,38.051169
136,255,23.832125,38.05128
136,256,23.831665,38.051028
136,257,23.831775,38.050708
136,258,23.831775,38.050708
136,259,23.831637,38.050868
136,260,23.831547,38.05096
136,261,23.831507,38.05096
136,262,23.831667,38.051059
136,263,23.831608,38.051399
136,264,23.830128,38.05173
136,265,23.830118,38.05173
136,266,23.828727,38.052192
136,267,23.826638,38.052833
136,268,23.826227,38.052882
136,269,23.826357,38.052844
136,270,23.827867,38.052486
136,271,23.830328,38.051628
136,272,23.832329,38.051246
136,273,23.834259,38.051128
136,274,23.834638,38.051116
136,275,23.834638,38.051116
136,276,23.835459,38.051154
136,277,23.835669,38.051154
136,278,23.835598,38.051074
136,279,23.835588,38.051036
136,280,23.835499,38.050765
136,281,23.835459,38.050544
136,282,23.835388,38.050094
136,283,23.835378,38.050063
136,284,23.835378,38.050063
136,285,23.835388,38.050056
136,286,23.835528,38.050574
136,287,23.835647,38.051075
136,288,23.837178,38.051246
136,289,23.837957,38.051418
136,290,23.839416,38.050246
136,291,23.839595,38.048995
136,292,23.839475,38.047206
136,293,23.839405,38.047095
136,294,23.839405,38.046596
136,295,23.842075,38.044864
136,296,23.843574,38.044093
136,297,23.846883,38.042163
136,298,23.849884,38.040103
136,299,23.852194,38.037642
136,300,23.855104,38.035072
136,301,23.856795,38.032932
136,302,23.854784,38.030162
136,303,23.851624,38.027824
136,304,23.851013,38.026965
136,305,23.850913,38.026835
136,306,23.850775,38.026725
136,307,23.849884,38.025886
136,308,23.849784,38.025745
136,309,23.849755,38.025695
136,310,23.849214,38.024886
136,311,23.848653,38.023887
136,312,23.848395,38.023376
136,313,23.848336,38.023257
136,314,23.848085,38.022746
136,315,23.847376,38.021716
136,316,23.847317,38.021636
136,317,23.847317,38.021625
136,318,23.846977,38.021175
136,319,23.848806,38.020553
136,320,23.850946,38.019862
136,321,23.852667,38.015983
136,322,23.854456,38.012012
136,323,23.855356,38.009841
136,324,23.855156,38.008651
136,325,23.854977,38.008319
136,326,23.855036,38.006598
136,327,23.855717,38.005378
136,328,23.856226,38.004188
136,329,23.857635,38.002548
136,330,23.861465,38.000198
136,331,23.865205,37.998638
136,332,23.868665,37.996708
136,333,23.870716,37.995837
136,334,23.873467,37.993637
136,335,23.875878,37.991638
136,336,23.879577,37.989268
136,337,23.881137,37.98989
136,338,23.881178,37.99031
136,339,23.881177,37.99057
136,340,23.881227,37.99063
136,341,23.881918,37.990821
136,342,23.881798,37.99047
136,343,23.881708,37.990501
136,344,23.881748,37.990489
136,345,23.881798,37.990501
136,346,23.881807,37.990512
136,347,23.881918,37.99055
136,348,23.881858,37.990581
136,349,23.881729,37.990439
136,350,23.881269,37.990119
136,351,23.881269,37.990119
136,352,23.881078,37.989867
136,353,23.881078,37.989867
136,354,23.880397,37.989165
136,355,23.880207,37.989035
136,356,23.878817,37.989806
136,357,23.876377,37.991378
136,358,23.874536,37.992107
136,359,23.872946,37.990085
136,360,23.870925,37.990085
136,361,23.870306,37.991065
136,362,23.871936,37.992797
136,363,23.870536,37.994926
136,364,23.869396,37.996314
136,365,23.866537,37.997935
136,366,23.863678,37.999335
136,367,23.860518,38.000804
136,368,23.857968,38.002544
136,369,23.857968,38.004936
136,370,23.858498,38.007114
136,371,23.858467,38.007544
136,372,23.856487,38.008136
136,373,23.854057,38.008857
136,374,23.850838,38.009437
136,375,23.847377,38.010047
136,376,23.844248,38.010589
136,377,23.844017,38.010627
136,378,23.843826,38.010745
136,379,23.843606,38.011855
136,380,23.843647,38.013824
136,381,23.844116,38.015422
136,382,23.844767,38.016952
136,383,23.845176,38.017673
136,384,23.845546,38.018424
136,385,23.845827,38.018844
136,386,23.845907,38.019004
136,387,23.846337,38.020244
136,388,23.846697,38.020732
136,389,23.847017,38.021103
136,390,23.847236,38.021411
136,391,23.847286,38.021472
136,392,23.847995,38.022422
136,393,23.848436,38.023273
136,394,23.848696,38.023772
136,395,23.849177,38.024673
136,396,23.849195,38.02471
136,397,23.849605,38.025359
136,398,23.848425,38.025878
136,399,23.848666,38.026687
136,400,23.846975,38.027488
136,401,23.844495,38.028926
136,402,23.843657,38.027915
136,403,23.842346,38.027495
136,404,23.839636,38.028655
136,405,23.837396,38.029654
136,406,23.837286,38.029693
136,407,23.836166,38.028331
136,408,23.834337,38.026381
136,409,23.833727,38.025592
136,410,23.832826,38.025051
136,411,23.832166,38.025722
136,412,23.831096,38.02629
136,413,23.830017,38.026962
136,414,23.828817,38.027762
136,415,23.822637,38.032874
136,416,23.822387,38.033095
136,417,23.822558,38.033207
136,418,23.822518,38.033286
136,419,23.822536,38.033195
136,420,23.823006,38.032794
136,421,23.823305,38.032493
136,422,23.829316,38.027614
136,423,23.830586,38.026782
136,424,23.831795,38.026004
136,425,23.832584,38.025356
136,426,23.832785,38.025077
136,427,23.832625,38.025047
136,428,23.832724,38.025027
136,429,23.833113,38.024818
136,430,23.833554,38.025249
136,431,23.833924,38.025871
136,432,23.834864,38.026782
136,433,23.836534,38.028461
136,434,23.838915,38.027492
136,435,23.841696,38.026233
136,436,23.842825,38.026584
136,437,23.845166,38.025515
136,438,23.848955,38.024935
136,439,23.849066,38.024905
136,440,23.848785,38.024074
136,441,23.847104,38.021335
136,442,23.845885,38.019004
136,443,23.845033,38.017513
136,444,23.844222,38.015773
136,445,23.844044,38.015182
136,446,23.843932,38.014953
136,447,23.843723,38.014304
136,448,23.843634,38.013836
136,449,23.843624,38.013774
136,450,23.843554,38.013152
136,451,23.843504,38.012733
136,452,23.843494,38.012684
136,453,23.843494,38.012684
136,454,23.843534,38.012004
136,455,23.843574,38.011886
136,456,23.843615,38.011695
136,457,23.843624,38.011645
136,458,23.845184,38.010337
136,459,23.849684,38.009567
136,460,23.854124,38.008788
136,461,23.855134,38.007419
136,462,23.855795,38.006099
136,463,23.856455,38.005118
136,464,23.856144,38.003589
136,465,23.856684,38.003048
136,466,23.860274,38.000907
136,467,23.864224,37.999106
136,468,23.867613,37.997317
136,469,23.871942,37.995368
136,470,23.874432,37.992588
136,471,23.875782,37.991687
136,472,23.878662,37.989799
136,473,23.880703,37.989368
136,474,23.881252,37.990008
136,475,23.881332,37.989929
136,476,23.881363,37.9901
136,477,23.881273,37.99002
136,478,23.881264,37.99005
136,479,23.881143,37.989811
136,480,23.881014,37.989692
136,481,23.881014,37.989681
136,482,23.880903,37.98957
136,483,23.880033,37.989101
136,484,23.878313,37.99012
136,485,23.875833,37.991748
136,486,23.874843,37.992389
136,487,23.873674,37.991001
136,488,23.872084,37.98986
136,489,23.869873,37.990718
136,490,23.871054,37.99192
136,491,23.871924,37.994151
136,492,23.870273,37.995742
136,493,23.870273,37.995753
136,494,23.869163,37.996505
136,495,23.866194,37.998176
136,496,23.863974,37.999297
136,497,23.860973,38.000518
136,498,23.858093,38.00238
136,499,23.857892,38.004291
136,500,23.857923,38.00479
136,501,23.857994,38.005332
136,502,23.857994,38.005401
136,503,23.858093,38.00579
136,504,23.858093,38.005821
136,505,23.858143,38.006061
136,506,23.858174,38.006153
136,507,23.858174,38.006141
136,508,23.858244,38.006491
136,509,23.858244,38.006491
136,510,23.858293,38.006683
136,511,23.858424,38.007064
136,512,23.858424,38.007076
136,513,23.858703,38.007514
136,514,23.860354,38.007285
136,515,23.860603,38.007606
136,516,23.860884,38.009135
136,517,23.861114,38.010745
136,518,23.861065,38.012176
136,519,23.860315,38.013457
136,520,23.860325,38.0154
136,521,23.860436,38.018249
136,522,23.860365,38.020469
136,523,23.859895,38.022628
136,524,23.859665,38.02502
136,525,23.859295,38.027172
136,526,23.859236,38.029243
136,527,23.859026,38.030963
136,528,23.858675,38.031135
136,529,23.857895,38.031425
136,530,23.857426,38.031566
136,531,23.856495,38.031856
136,532,23.855295,38.032226
136,533,23.854675,38.032405
136,534,23.854836,38.032416
136,535,23.854816,38.032416
136,536,23.855087,38.032817
136,537,23.854897,38.032539
136,538,23.855217,38.032248
136,539,23.855128,38.032299
136,540,23.855636,38.032187
136,541,23.855617,38.031169
136,542,23.852997,38.029178
136,543,23.850767,38.026737
136,544,23.850067,38.026156
136,545,23.848507,38.023528
136,546,23.846626,38.020748
136,547,23.845116,38.017707
136,548,23.843815,38.014686
136,549,23.843664,38.014198
136,550,23.843605,38.013698
136,551,23.843515,38.013007
136,552,23.843515,38.012988
136,553,23.843555,38.01197
136,554,23.843654,38.011798
136,555,23.843714,38.011748
136,556,23.843813,38.010547
136,557,23.845493,38.007506
136,558,23.845592,38.007278
136,559,23.845602,38.007216
136,560,23.846622,38.005645
136,561,23.847741,38.002555
136,562,23.847452,37.998614
136,563,23.847711,37.995247
136,564,23.84888,37.991996
136,565,23.850391,37.988815
136,566,23.850841,37.985446
136,567,23.851121,37.984298
136,568,23.851972,37.981269
136,569,23.853023,37.977359
136,570,23.853323,37.973369
136,571,23.853233,37.96923
136,572,23.853214,37.966311
136,573,23.851454,37.966182
136,574,23.849453,37.966022
136,575,23.848253,37.966712
136,576,23.845164,37.966941
136,577,23.842933,37.967429
136,578,23.842794,37.96714
136,579,23.842615,37.966919
