137,1,23.842955,37.967487
137,2,23.844154,37.967135
137,3,23.846393,37.966884
137,4,23.848564,37.966495
137,5,23.850484,37.966014
137,6,23.852705,37.966175
137,7,23.853315,37.966323
137,8,23.853245,37.966872
137,9,23.854635,37.968852
137,10,23.857364,37.970572
137,11,23.859354,37.97275
137,12,23.862124,37.973971
137,13,23.863714,37.975913
137,14,23.865145,37.977923
137,15,23.867865,37.979655
137,16,23.867454,37.983207
137,17,23.865635,37.985518
137,18,23.865275,37.9868
137,19,23.867026,37.989051
137,20,23.869695,37.990649
137,21,23.872365,37.98973
137,22,23.874135,37.99153
137,23,23.876165,37.991462
137,24,23.879196,37.989493
137,25,23.880467,37.989193
137,26,23.881397,37.990191
137,27,23.881668,37.990523
137,28,23.881579,37.990374
137,29,23.881618,37.990374
137,30,23.881498,37.990184
137,31,23.881098,37.990382
137,32,23.881288,37.990371
137,33,23.881339,37.990192
137,34,23.881328,37.990062
137,35,23.881269,37.99005
137,36,23.880828,37.98952
137,37,23.880499,37.989219
137,38,23.880499,37.989219
137,39,23.880298,37.989028
137,40,23.879778,37.989219
137,41,23.878007,37.99031
137,42,23.875668,37.991839
137,43,23.874908,37.992339
137,44,23.873888,37.991138
137,45,23.872438,37.989749
137,46,23.869938,37.990527
137,47,23.868778,37.990176
137,48,23.866708,37.988796
137,49,23.86546,37.987045
137,50,23.864679,37.986064
137,51,23.86393,37.986335
137,52,23.862129,37.987136
137,53,23.85956,37.988235
137,54,23.85647,37.989597
137,55,23.85342,37.990928
137,56,23.850441,37.992217
137,57,23.84984,37.992995
137,58,23.84902,37.992755
137,59,23.84889,37.992126
137,60,23.84946,37.991287
137,61,23.849821,37.990516
137,62,23.850041,37.989826
137,63,23.85042,37.988506
137,64,23.85046,37.988044
137,65,23.85044,37.987655
137,66,23.849972,37.987483
137,67,23.848852,37.987415
137,68,23.847952,37.987056
137,69,23.847922,37.986434
137,70,23.847891,37.985954
137,71,23.8479,37.985725
137,72,23.847919,37.985534
137,73,23.847919,37.985282
137,74,23.847909,37.984672
137,75,23.848181,37.984531
137,76,23.849411,37.984359
137,77,23.849682,37.983817
137,78,23.849891,37.982647
137,79,23.849922,37.981776
137,80,23.849931,37.981056
137,81,23.849941,37.980464
137,82,23.849941,37.979763
137,83,23.849222,37.979701
137,84,23.848451,37.979682
137,85,23.847922,37.979842
137,86,23.847921,37.979941
137,87,23.847881,37.97969
137,88,23.848002,37.97961
137,89,23.847903,37.97959
137,90,23.848692,37.979602
137,91,23.851242,37.979621
137,92,23.852392,37.979682
137,93,23.852401,37.979682
137,94,23.852192,37.980811
137,95,23.851353,37.983753
137,96,23.851423,37.984134
137,97,23.853983,37.984542
137,98,23.856082,37.984
137,99,23.856693,37.982113
137,100,23.858923,37.982482
137,101,23.861254,37.983092
137,102,23.862474,37.984493
137,103,23.862734,37.985023
137,104,23.864723,37.985892
137,105,23.865553,37.987254
137,106,23.866803,37.988895
137,107,23.869503,37.990596
137,108,23.872343,37.989707
137,109,23.874073,37.991576
137,110,23.874643,37.992255
137,111,23.875744,37.991725
137,112,23.879293,37.989444
137,113,23.880573,37.989352
137,114,23.881073,37.989802
137,115,23.881103,37.989791
137,116,23.881243,37.989982
137,117,23.881242,37.989921
137,118,23.881554,37.99028
137,119,23.881943,37.99055
137,120,23.881872,37.99055
137,121,23.881872,37.990512
137,122,23.881332,37.989951
137,123,23.881163,37.98976
137,124,23.881132,37.98976
137,125,23.880861,37.98952
137,126,23.880041,37.989059
137,127,23.87837,37.99005
137,128,23.87596,37.991629
137,129,23.874449,37.991939
137,130,23.873018,37.99013
137,131,23.871149,37.990013
137,132,23.869859,37.990814
137,133,23.87117,37.992115
137,134,23.871661,37.994266
137,135,23.87026,37.995765
137,136,23.87026,37.995765
137,137,23.86894,37.996555
137,138,23.866131,37.998126
137,139,23.863331,37.999435
137,140,23.860451,38.000816
137,141,23.85798,38.002414
137,142,23.8579,38.004486
137,143,23.8584,38.006823
137,144,23.85848,38.007133
137,145,23.85778,38.007682
137,146,23.855261,38.008514
137,147,23.851931,38.009224
137,148,23.848622,38.009792
137,149,23.845611,38.010272
137,150,23.843222,38.010573
137,151,23.839953,38.011035
137,152,23.838072,38.011886
137,153,23.836822,38.012477
137,154,23.835943,38.012779
137,155,23.835924,38.012789
137,156,23.835434,38.012901
137,157,23.834913,38.013012
137,158,23.834472,38.013103
137,159,23.833992,38.013194
137,160,23.832262,38.013534
137,161,23.830652,38.013843
137,162,23.830332,38.013873
137,163,23.828812,38.013904
137,164,23.828561,38.013904
137,165,23.82722,38.013915
137,166,23.82653,38.013885
137,167,23.82599,38.013885
137,168,23.82514,38.013855
137,169,23.82477,38.013854
137,170,23.82451,38.013843
137,171,23.822641,38.013744
137,172,23.822271,38.013732
137,173,23.822011,38.013721
137,174,23.820682,38.013671
137,175,23.820081,38.01382
137,176,23.819521,38.014041
137,177,23.819381,38.014072
137,178,23.818471,38.01435
137,179,23.818372,38.014411
137,180,23.818003,38.01453
137,181,23.817013,38.014918
137,182,23.816483,38.015159
137,183,23.816344,38.01522
137,184,23.815742,38.01554
137,185,23.815733,38.01554
137,186,23.815263,38.01583
137,187,23.815004,38.015948
137,188,23.814273,38.01625
137,189,23.814233,38.016261
137,190,23.813623,38.016513
137,191,23.813173,38.016685
137,192,23.813084,38.016723
137,193,23.812333,38.017013
137,194,23.812174,38.017074
137,195,23.811394,38.017394
137,196,23.811104,38.017505
137,197,23.810614,38.017703
137,198,23.810024,38.017925
137,199,23.809235,38.018245
137,200,23.809034,38.018313
137,201,23.808615,38.018485
137,202,23.807925,38.018756
137,203,23.807715,38.018848
137,204,23.805075,38.018569
137,205,23.803995,38.01834
137,206,23.802694,38.01802
137,207,23.802035,38.017902
137,208,23.802024,38.017902
137,209,23.800804,38.017703
137,210,23.799624,38.017494
137,211,23.797212,38.017455
137,212,23.797013,38.017505
137,213,23.796611,38.017665
137,214,23.796541,38.017696
137,215,23.796492,38.017707
137,216,23.796171,38.017837
137,217,23.796162,38.017837
137,218,23.795641,38.017874
137,219,23.79366,38.016487
137,220,23.791882,38.015765
137,221,23.789051,38.014266
137,222,23.785871,38.011946
137,223,23.783352,38.010097
137,224,23.781881,38.009875
137,225,23.781761,38.009856
137,226,23.781021,38.009838
137,227,23.78042,38.009955
137,228,23.78037,38.009974
137,229,23.779751,38.009833
137,230,23.778921,38.008914
137,231,23.778761,38.008754
137,232,23.777801,38.007762
137,233,23.777401,38.007281
137,234,23.77672,38.00645
137,235,23.776319,38.005969
137,236,23.775949,38.005507
137,237,23.7754,38.004748
137,238,23.774,38.002918
137,239,23.773531,38.002456
137,240,23.77176,38.000487
137,241,23.769441,37.998458
137,242,23.768322,37.995868
137,243,23.767853,37.994979
137,244,23.767443,37.994227
137,245,23.767193,37.993686
137,246,23.766881,37.993198
137,247,23.766863,37.993217
137,248,23.766372,37.992175
137,249,23.766123,37.991755
137,250,23.766024,37.991485
137,251,23.765764,37.991195
137,252,23.765413,37.990806
137,253,23.765273,37.990634
137,254,23.764824,37.990165
137,255,23.764784,37.990115
137,256,23.764194,37.989524
137,257,23.764194,37.989456
137,258,23.763435,37.988635
137,259,23.763244,37.988463
137,260,23.763035,37.988273
137,261,23.762905,37.988192
137,262,23.762485,37.987872
137,263,23.761835,37.987411
137,264,23.761496,37.987529
137,265,23.761456,37.98759
137,266,23.761325,37.987441
137,267,23.761325,37.987373
137,268,23.761296,37.987391
137,269,23.761486,37.987139
137,270,23.761567,37.987102
137,271,23.761535,37.986972
137,272,23.761535,37.986972
137,273,23.761456,37.986854
137,274,23.761446,37.986854
137,275,23.761366,37.986793
137,276,23.761366,37.986781
137,277,23.761536,37.986381
137,278,23.762186,37.986312
137,279,23.762846,37.98622
137,280,23.765056,37.985881
137,281,23.766576,37.987411
137,282,23.768257,37.988959
137,283,23.771197,37.990989
137,284,23.775445,37.992919
137,285,23.779125,37.99533
137,286,23.782475,37.997501
137,287,23.785894,38.00011
137,288,23.786724,38.000579
137,289,23.788124,38.001251
137,290,23.789524,38.001731
137,291,23.792154,38.003002
137,292,23.793535,38.00402
137,293,23.796945,38.00608
137,294,23.801506,38.00732
137,295,23.804617,38.00851
137,296,23.807417,38.009811
137,297,23.809498,38.010772
137,298,23.810398,38.01105
137,299,23.811397,38.011272
137,300,23.815498,38.012202
137,301,23.818318,38.013003
137,302,23.821867,38.013675
137,303,23.825407,38.013835
137,304,23.830156,38.013874
137,305,23.832666,38.013392
137,306,23.832676,38.013382
137,307,23.834246,38.013041
137,308,23.838026,38.011752
137,309,23.842797,38.010642
137,310,23.847586,38.009963
137,311,23.853065,38.009013
137,312,23.854765,38.007682
137,313,23.855415,38.006164
137,314,23.856426,38.005134
137,315,23.856086,38.003463
137,316,23.857706,38.002543
137,317,23.859267,38.001663
137,318,23.863306,37.999485
137,319,23.867176,37.997585
137,320,23.869646,37.996146
137,321,23.872946,37.994555
137,322,23.874146,37.992824
137,323,23.876615,37.991164
137,324,23.880026,37.989036
137,325,23.880405,37.989128
137,326,23.880414,37.989128
137,327,23.881035,37.989768
137,328,23.881266,37.99002
137,329,23.881256,37.989959
137,330,23.881167,37.990039
137,331,23.881286,37.990088
137,332,23.881256,37.990058
137,333,23.881266,37.989959
137,334,23.880926,37.989619
137,335,23.880917,37.989619
137,336,23.880256,37.98902
137,337,23.880238,37.98902
137,338,23.878958,37.989711
137,339,23.876697,37.991172
137,340,23.874657,37.992312
137,341,23.873567,37.990863
137,342,23.872047,37.989871
137,343,23.871437,37.990439
137,344,23.871887,37.991981
137,345,23.871727,37.992111
137,346,23.871708,37.99213
137,347,23.871458,37.992302
137,348,23.872238,37.993361
137,349,23.870718,37.9948
137,350,23.870308,37.995792
137,351,23.868747,37.99673
137,352,23.865898,37.99831
137,353,23.862929,37.999641
137,354,23.859959,38.00122
137,355,23.857948,38.002799
137,356,23.857948,38.005031
137,357,23.858058,38.00566
137,358,23.858089,38.005809
137,359,23.858089,38.005821
137,360,23.85816,38.006171
137,361,23.858169,38.006221
137,362,23.85829,38.006702
137,363,23.858309,38.006732
137,364,23.858398,38.007114
137,365,23.858399,38.007095
137,366,23.858549,38.007415
137,367,23.860069,38.007216
137,368,23.86027,38.007217
137,369,23.86062,38.007625
137,370,23.8609,38.009216
137,371,23.86115,38.010947
137,372,23.8612,38.011448
137,373,23.8612,38.011477
137,374,23.8612,38.011649
137,375,23.86141,38.01147
137,376,23.861379,38.011489
137,377,23.86147,38.011268
137,378,23.861379,38.011459
137,379,23.86133,38.011489
137,380,23.861231,38.011527
137,381,23.85972,38.011749
137,382,23.85771,38.011699
137,383,23.85728,38.009739
137,384,23.858091,38.008647
137,385,23.857601,38.007735
137,386,23.856442,38.007114
137,387,23.855101,38.006484
137,388,23.855921,38.005344
137,389,23.856281,38.004012
137,390,23.857952,38.002471
137,391,23.861862,38.00011
137,392,23.865102,37.998778
137,393,23.867863,37.997318
137,394,23.872543,37.995117
137,395,23.874322,37.992827
137,396,23.875762,37.991836
137,397,23.879282,37.989536
137,398,23.881011,37.989707
137,399,23.881292,37.990058
137,400,23.881312,37.989929
137,401,23.881311,37.990047
137,402,23.881292,37.990008
137,403,23.881243,37.99002
137,404,23.881033,37.989711
137,405,23.881024,37.989711
137,406,23.880934,37.989631
137,407,23.880253,37.988982
137,408,23.880234,37.988982
137,409,23.879962,37.989124
137,410,23.879893,37.989154
137,411,23.878292,37.990093
137,412,23.876001,37.991603
137,413,23.874522,37.992065
137,414,23.873041,37.990195
137,415,23.871142,37.990047
137,416,23.86996,37.990848
137,417,23.871291,37.992179
137,418,23.871451,37.994411
137,419,23.8703,37.995792
137,420,23.8703,37.995792
137,421,23.86873,37.99673
137,422,23.865871,37.99831
137,423,23.862921,37.999641
137,424,23.85989,38.00127
137,425,23.85794,38.003051
137,426,23.857931,38.004771
137,427,23.857931,38.00489
137,428,23.857972,38.005241
137,429,23.857981,38.005279
137,430,23.858061,38.00571
137,431,23.85808,38.005802
137,432,23.858089,38.00584
137,433,23.858179,38.00616
137,434,23.858179,38.006171
137,435,23.858269,38.006462
137,436,23.858278,38.00653
137,437,23.858458,38.007079
137,438,23.858458,38.007079
137,439,23.858556,38.007389
137,440,23.857307,38.007888
137,441,23.854708,38.008739
137,442,23.851068,38.009448
137,443,23.847809,38.010028
137,444,23.844599,38.010578
137,445,23.84422,38.010646
137,446,23.843909,38.010684
137,447,23.843557,38.012195
137,448,23.843887,38.014743
137,449,23.844957,38.017291
137,450,23.846116,38.019831
137,451,23.847837,38.022224
137,452,23.849077,38.024554
137,453,23.849598,38.025393
137,454,23.850027,38.026042
137,455,23.849558,38.026542
137,456,23.846978,38.027541
137,457,23.844387,38.029021
137,458,23.843407,38.027561
137,459,23.841896,38.027709
137,460,23.839287,38.02885
137,461,23.838346,38.02925
137,462,23.838346,38.02925
137,463,23.837776,38.02951
137,464,23.837625,38.029578
137,465,23.837535,38.029617
137,466,23.836576,38.028895
137,467,23.835177,38.027156
137,468,23.834406,38.026405
137,469,23.833157,38.024924
137,470,23.832466,38.025516
137,471,23.831217,38.026237
137,472,23.830017,38.026977
137,473,23.828746,38.027847
137,474,23.822916,38.032405
137,475,23.822916,38.032436
137,476,23.822586,38.032768
137,477,23.822987,38.032626
137,478,23.822586,38.033035
137,479,23.821356,38.034034
137,480,23.821646,38.033775
137,481,23.822416,38.033114
137,482,23.822466,38.033096
137,483,23.822497,38.033084
137,484,23.822635,38.032833
137,485,23.822836,38.032642
137,486,23.822845,38.03263
137,487,23.823086,38.032539
137,488,23.823385,38.032428
137,489,23.829555,38.027068
137,490,23.831246,38.026157
137,491,23.832355,38.025596
137,492,23.832895,38.024844
137,493,23.832954,38.024814
137,494,23.833654,38.025253
137,495,23.834654,38.026523
137,496,23.834974,38.026832
137,497,23.836384,38.028453
137,498,23.838474,38.027652
137,499,23.841293,38.026393
137,500,23.842884,38.026664
137,501,23.841924,38.027675
137,502,23.839195,38.028846
137,503,23.839195,38.028858
137,504,23.838845,38.029017
137,505,23.838734,38.029067
137,506,23.838613,38.029128
137,507,23.838114,38.02935
137,508,23.838114,38.02935
137,509,23.837564,38.029602
137,510,23.837564,38.029602
137,511,23.837413,38.029682
137,512,23.836833,38.029113
137,513,23.836673,38.028812
137,514,23.835835,38.027721
137,515,23.835464,38.02732
137,516,23.834034,38.02592
137,517,23.833174,38.024871
137,518,23.833053,38.024871
137,519,23.832603,38.02545
137,520,23.832634,38.025382
137,521,23.831323,38.026191
137,522,23.830654,38.02658
137,523,23.829655,38.02732
137,524,23.830876,38.026462
137,525,23.831674,38.026012
137,526,23.832664,38.02526
137,527,23.832874,38.024952
137,528,23.833115,38.024901
137,529,23.833596,38.02534
137,530,23.834076,38.026119
137,531,23.835066,38.027111
137,532,23.836127,38.02827
137,533,23.836756,38.028491
137,534,23.838386,38.027782
137,535,23.841356,38.02645
137,536,23.842226,38.026099
137,537,23.843256,38.02645
137,538,23.846376,38.025431
137,539,23.849057,38.025024
137,540,23.849057,38.025024
137,541,23.849126,38.024833
137,542,23.847758,38.022285
137,543,23.846046,38.019713
137,544,23.845007,38.017573
137,545,23.843928,38.015026
137,546,23.843687,38.014274
137,547,23.843667,38.014274
137,548,23.843598,38.013873
137,549,23.843527,38.013362
137,550,23.843497,38.013122
137,551,23.843477,38.012691
137,552,23.843536,38.012069
137,553,23.843595,38.01192
137,554,23.843746,38.010902
137,555,23.843727,38.01094
137,556,23.844757,38.008701
137,557,23.845537,38.007289
137,558,23.845537,38.007251
137,559,23.846227,38.006129
137,560,23.847557,38.003238
137,561,23.847527,37.999617
137,562,23.847437,37.996039
137,563,23.848647,37.992778
137,564,23.849555,37.991107
137,565,23.850087,37.989708
137,566,23.850366,37.988837
137,567,23.850616,37.986907
137,568,23.850727,37.985995
137,569,23.850887,37.985137
137,570,23.851127,37.984169
137,571,23.851847,37.981589
137,572,23.852787,37.97842
137,573,23.853438,37.97457
137,574,23.853218,37.970382
137,575,23.853218,37.966812
137,576,23.852799,37.965381
137,577,23.852789,37.965343
137,578,23.852789,37.965305
137,579,23.852499,37.964736
137,580,23.851319,37.963337
137,581,23.849847,37.964038
137,582,23.847618,37.965289
137,583,23.845188,37.966049
137,584,23.843298,37.966838
137,585,23.842748,37.967159
137,586,23.84265,37.966929
