139,1,23.842894,37.96738
139,2,23.844004,37.967181
139,3,23.846344,37.966903
139,4,23.848503,37.966563
139,5,23.850424,37.966064
139,6,23.852634,37.966212
139,7,23.853294,37.966361
139,8,23.853405,37.96802
139,9,23.855666,37.969459
139,10,23.857966,37.970989
139,11,23.859615,37.97285
139,12,23.862066,37.973918
139,13,23.863605,37.975806
139,14,23.864635,37.977317
139,15,23.867256,37.979068
139,16,23.867746,37.982146
139,17,23.866696,37.985107
139,18,23.864725,37.985938
139,19,23.865736,37.98751
139,20,23.867617,37.98952
139,21,23.869797,37.990569
139,22,23.872427,37.989688
139,23,23.873997,37.991447
139,24,23.875236,37.992015
139,25,23.878077,37.990176
139,26,23.880097,37.988975
139,27,23.880926,37.989696
139,28,23.881626,37.990528
139,29,23.881545,37.990409
139,30,23.881546,37.990379
139,31,23.881605,37.990367
139,32,23.881356,37.990138
139,33,23.881365,37.990107
139,34,23.881266,37.989917
139,35,23.881247,37.989948
139,36,23.881647,37.990429
139,37,23.881878,37.990539
139,38,23.881869,37.990539
139,39,23.881449,37.990199
139,40,23.881338,37.990058
139,41,23.881357,37.990047
139,42,23.880657,37.989257
139,43,23.879958,37.989177
139,44,23.878177,37.990226
139,45,23.875858,37.991725
139,46,23.874508,37.991985
139,47,23.873098,37.990184
139,48,23.872028,37.989844
139,49,23.86983,37.990764
139,50,23.871189,37.992084
139,51,23.871738,37.994174
139,52,23.870249,37.995734
139,53,23.870279,37.995746
139,54,23.869909,37.996078
139,55,23.867409,37.997447
139,56,23.864649,37.998939
139,57,23.861559,38.000159
139,58,23.858808,38.001949
139,59,23.85789,38.003428
139,60,23.858099,38.00579
139,61,23.85845,38.006992
139,62,23.858369,38.007522
139,63,23.85631,38.008193
139,64,23.85335,38.008995
139,65,23.849859,38.009593
139,66,23.846899,38.010081
139,67,23.844549,38.010433
139,68,23.842119,38.010703
139,69,23.838779,38.011535
139,70,23.835418,38.012866
139,71,23.832129,38.013568
139,72,23.829409,38.013938
139,73,23.825798,38.013908
139,74,23.822158,38.013736
139,75,23.820488,38.013766
139,76,23.819748,38.014068
139,77,23.816948,38.015017
139,78,23.814709,38.016116
139,79,23.811419,38.017398
139,80,23.808427,38.018607
139,81,23.805807,38.018749
139,82,23.802317,38.017997
139,83,23.798726,38.017417
139,84,23.796367,38.017818
139,85,23.796349,38.017848
139,86,23.796358,38.017848
139,87,23.795587,38.017676
139,88,23.793077,38.016128
139,89,23.790047,38.014838
139,90,23.787397,38.01292
139,91,23.785938,38.01189
139,92,23.783548,38.010139
139,93,23.780628,38.009948
139,94,23.780409,38.009986
139,95,23.780378,38.009986
139,96,23.779949,38.009974
139,97,23.778669,38.008586
139,98,23.776699,38.006538
139,99,23.775909,38.005577
139,100,23.775129,38.004516
139,101,23.77343,38.002357
139,102,23.77141,38.000118
139,103,23.76944,37.998428
139,104,23.76743,37.994499
139,105,23.765939,37.991428
139,106,23.76449,37.989459
139,107,23.76411,37.988971
139,108,23.76218,37.987281
139,109,23.76165,37.987262
139,110,23.761249,37.987372
139,111,23.761231,37.987384
139,112,23.76137,37.987304
139,113,23.761499,37.987266
139,114,23.761579,37.987105
139,115,23.76138,37.986827
139,116,23.76138,37.986816
139,117,23.762539,37.986026
139,118,23.762769,37.986037
139,119,23.765061,37.985969
139,120,23.767151,37.98801
139,121,23.76967,37.989688
139,122,23.77153,37.991138
139,123,23.775391,37.992816
139,124,23.778511,37.994895
139,125,23.781912,37.997055
139,126,23.785242,37.999682
139,127,23.789211,38.001571
139,128,23.792221,38.002891
139,129,23.795631,38.005431
139,130,23.800272,38.006931
139,131,23.804401,38.008319
139,132,23.806652,38.009361
139,133,23.808872,38.01044
139,134,23.812332,38.01142
139,135,23.816443,38.012382
139,136,23.820593,38.013461
139,137,23.823503,38.01358
139,138,23.827874,38.013751
139,139,23.830944,38.013579
139,140,23.835625,38.012611
139,141,23.838174,38.011619
139,142,23.839735,38.010971
139,143,23.841406,38.01076
139,144,23.844165,38.010459
139,145,23.848135,38.009837
139,146,23.853404,38.008937
139,147,23.854755,38.007568
139,148,23.855264,38.006156
139,149,23.856385,38.005275
139,150,23.856205,38.003307
139,151,23.859594,38.001457
139,152,23.862944,37.999607
139,153,23.866253,37.998065
139,154,23.869852,37.996055
139,155,23.869923,37.996024
139,156,23.872673,37.994835
139,157,23.876123,37.991454
139,158,23.880104,37.988975
139,159,23.881143,37.989814
139,160,23.881653,37.990283
139,161,23.881634,37.991523
139,162,23.881314,37.991584
139,163,23.881313,37.991622
139,164,23.881314,37.991561
139,165,23.881573,37.99158
139,166,23.881822,37.991149
139,167,23.881373,37.990131
139,168,23.881373,37.9901
139,169,23.881332,37.990131
139,170,23.881333,37.990192
139,171,23.881193,37.990131
139,172,23.881184,37.990211
139,173,23.881184,37.9901
139,174,23.881184,37.990112
139,175,23.881202,37.990073
139,176,23.881024,37.989703
139,177,23.881024,37.989692
139,178,23.880243,37.988971
139,179,23.878914,37.989711
139,180,23.876824,37.991062
139,181,23.874894,37.992343
139,182,23.874143,37.991523
139,183,23.873233,37.990363
139,184,23.873224,37.990363
139,185,23.872385,37.989753
139,186,23.870094,37.990474
139,187,23.870474,37.991184
139,188,23.872034,37.992855
139,189,23.870494,37.994957
139,190,23.869934,37.996078
139,191,23.867474,37.997428
139,192,23.864773,37.998866
139,193,23.861602,38.000117
139,194,23.858593,38.002048
139,195,23.857902,38.003837
139,196,23.858303,38.006377
139,197,23.858553,38.007186
139,198,23.858053,38.007617
139,199,23.856213,38.008239
139,200,23.853511,38.008968
139,201,23.850002,38.009536
139,202,23.846662,38.010097
139,203,23.844082,38.010478
139,204,23.840983,38.010837
139,205,23.837732,38.012057
139,206,23.834233,38.013126
139,207,23.831263,38.013755
139,208,23.827754,38.013927
139,209,23.823763,38.013778
139,210,23.822092,38.013698
139,211,23.822082,38.013698
139,212,23.820822,38.013648
139,213,23.817781,38.012889
139,214,23.813961,38.011909
139,215,23.81282,38.011608
139,216,23.810301,38.011039
139,217,23.80682,38.00957
139,218,23.803351,38.008079
139,219,23.802669,38.007778
139,220,23.801131,38.007156
139,221,23.797751,38.006316
139,222,23.796581,38.005885
139,223,23.795792,38.005565
139,224,23.793951,38.004264
139,225,23.793461,38.003883
139,226,23.79364,38.003192
139,227,23.79482,38.002151
139,228,23.795659,38.001472
139,229,23.79689,38.000431
139,230,23.798371,37.999229
139,231,23.79981,37.998027
139,232,23.800501,37.997676
139,233,23.80046,37.997676
139,234,23.800331,37.997756
139,235,23.800371,37.997756
139,236,23.799761,37.998237
139,237,23.7987,37.999126
139,238,23.79833,37.999446
139,239,23.797279,38.000328
139,240,23.796869,38.000217
139,241,23.7965,37.999976
139,242,23.796388,37.999938
139,243,23.796209,38.000018
139,244,23.795309,38.000789
139,245,23.795228,38.000777
139,246,23.795089,38.000857
139,247,23.79517,38.000846
139,248,23.795321,38.000766
139,249,23.795481,38.000648
139,250,23.79562,38.000438
139,251,23.795811,38.000258
139,252,23.796081,38.000068
139,253,23.796122,37.999869
139,254,23.795391,37.999259
139,255,23.79499,37.998851
139,256,23.79425,37.99824
139,257,23.79394,37.998092
139,258,23.793779,37.998153
139,259,23.792709,37.998763
139,260,23.790999,37.999892
139,261,23.789209,38.001063
139,262,23.78905,38.001155
139,263,23.78903,38.001204
139,264,23.79003,38.001785
139,265,23.79237,38.002955
139,266,23.794858,38.004844
139,267,23.79822,38.006362
139,268,23.802579,38.007632
139,269,23.80576,38.008941
139,270,23.807159,38.00962
139,271,23.807339,38.009719
139,272,23.808279,38.01015
139,273,23.808828,38.010402
139,274,23.809229,38.01052
139,275,23.810669,38.010928
139,276,23.811008,38.011039
139,277,23.811758,38.011199
139,278,23.812948,38.01147
139,279,23.813858,38.011691
139,280,23.814718,38.01189
139,281,23.814998,38.01197
139,282,23.815908,38.01221
139,283,23.816577,38.012359
139,284,23.817559,38.012637
139,285,23.818178,38.012798
139,286,23.819248,38.013118
139,287,23.819699,38.013259
139,288,23.820978,38.013469
139,289,23.821308,38.013499
139,290,23.822088,38.013537
139,291,23.822868,38.013549
139,292,23.824019,38.013599
139,293,23.824839,38.013629
139,294,23.825449,38.013629
139,295,23.826269,38.013667
139,296,23.826919,38.013706
139,297,23.827309,38.013736
139,298,23.828669,38.013736
139,299,23.828899,38.013747
139,300,23.82925,38.013759
139,301,23.82947,38.013759
139,302,23.82983,38.013759
139,303,23.830191,38.013759
139,304,23.83061,38.013698
139,305,23.831261,38.013587
139,306,23.83128,38.013587
139,307,23.833108,38.013198
139,308,23.834789,38.012866
139,309,23.835619,38.012706
139,310,23.83639,38.012454
139,311,23.837119,38.012122
139,312,23.838091,38.011672
139,313,23.839022,38.011222
139,314,23.839631,38.011024
139,315,23.841032,38.010803
139,316,23.843021,38.010593
139,317,23.847632,38.009921
139,318,23.853231,38.00896
139,319,23.854691,38.007579
139,320,23.855431,38.006129
139,321,23.856371,38.005111
139,322,23.85605,38.00333
139,323,23.85774,38.002449
139,324,23.860111,38.000987
139,325,23.864052,37.999156
139,326,23.868011,37.997077
139,327,23.872261,37.995135
139,328,23.875212,37.992026
139,329,23.878823,37.989677
139,330,23.880622,37.989368
139,331,23.881224,37.989967
139,332,23.881224,37.989936
139,333,23.881214,37.989936
139,334,23.881313,37.989955
139,335,23.881233,37.990023
139,336,23.881314,37.990172
139,337,23.881443,37.990283
139,338,23.881763,37.990463
139,339,23.881794,37.990463
139,340,23.881874,37.990501
139,341,23.882065,37.991149
139,342,23.881565,37.992999
139,343,23.880846,37.995601
139,344,23.880146,37.99842
139,345,23.880566,38.00114
139,346,23.880646,38.001788
139,347,23.880646,38.0018
139,348,23.880695,38.002078
139,349,23.880714,38.002219
139,350,23.880714,38.00241
139,351,23.880714,38.002471
139,352,23.880733,38.002681
139,353,23.880764,38.003482
139,354,23.880764,38.003512
139,355,23.881614,38.003685
139,356,23.884396,38.003485
139,357,23.888497,38.004127
139,358,23.892947,38.004268
139,359,23.896816,38.003596
139,360,23.897035,38.003757
139,361,23.896986,38.003757
139,362,23.896606,38.003826
139,363,23.896296,38.003917
139,364,23.896326,38.003955
139,365,23.895956,38.003955
139,366,23.896256,38.004024
139,367,23.896265,38.004005
139,368,23.896045,38.003986
139,369,23.896095,38.003947
139,370,23.895996,38.003978
139,371,23.896215,38.003978
139,372,23.896305,38.003966
139,373,23.896274,38.003997
139,374,23.895174,38.003997
139,375,23.891244,38.004657
139,376,23.887905,38.004158
139,377,23.884374,38.003615
139,378,23.883754,38.003604
139,379,23.882925,38.003753
139,380,23.882314,38.003833
139,381,23.881544,38.003864
139,382,23.880835,38.003173
139,383,23.880445,38.000342
139,384,23.880766,37.996162
139,385,23.881895,37.991992
139,386,23.882005,37.990642
139,387,23.881946,37.990573
139,388,23.881887,37.990573
139,389,23.881567,37.990272
139,390,23.881567,37.990283
139,391,23.881508,37.990245
139,392,23.881458,37.990256
139,393,23.881279,37.989936
139,394,23.880338,37.989085
139,395,23.880249,37.989074
139,396,23.878908,37.989825
139,397,23.876777,37.991187
139,398,23.874847,37.992439
139,399,23.873827,37.991179
139,400,23.872407,37.989829
139,401,23.870077,37.990478
139,402,23.870496,37.991278
139,403,23.872066,37.992949
139,404,23.870457,37.994972
139,405,23.870176,37.996012
139,406,23.867725,37.997295
139,407,23.864855,37.998844
139,408,23.861765,38.000083
139,409,23.858745,38.002014
139,410,23.857855,38.003746
139,411,23.858225,38.006225
139,412,23.858336,38.006656
139,413,23.858425,38.006915
139,414,23.858475,38.007114
139,415,23.858475,38.007125
139,416,23.858505,38.007575
139,417,23.856915,38.008026
139,418,23.854765,38.008697
139,419,23.851354,38.009368
139,420,23.848274,38.009917
139,421,23.845375,38.010417
139,422,23.844425,38.010578
139,423,23.844407,38.010589
139,424,23.843996,38.010627
139,425,23.843996,38.010638
139,426,23.843786,38.01094
139,427,23.843546,38.01242
139,428,23.843786,38.014361
139,429,23.844086,38.015212
139,430,23.844086,38.015212
139,431,23.844116,38.015361
139,432,23.844767,38.01694
139,433,23.846006,38.019332
139,434,23.847557,38.021743
139,435,23.848777,38.023853
139,436,23.849468,38.025073
139,437,23.848468,38.025733
139,438,23.848608,38.026374
139,439,23.848198,38.026893
139,440,23.846039,38.028083
139,441,23.844148,38.028773
139,442,23.843208,38.027183
139,443,23.841608,38.027813
139,444,23.838968,38.028972
139,445,23.837898,38.029441
139,446,23.837898,38.029441
139,447,23.837069,38.029441
139,448,23.836628,38.028819
139,449,23.835268,38.027179
139,450,23.834038,38.025958
139,451,23.833038,38.024898
139,452,23.832628,38.025489
139,453,23.832108,38.025768
139,454,23.831056,38.026336
139,455,23.829888,38.027064
139,456,23.828877,38.027736
139,457,23.822906,38.032767
139,458,23.823196,38.032749
139,459,23.823187,38.032699
139,460,23.823187,38.03271
139,461,23.823276,38.032599
139,462,23.823387,38.032481
139,463,23.829496,38.027213
139,464,23.830956,38.026443
139,465,23.830956,38.026413
139,466,23.830996,38.026401
139,467,23.831584,38.025962
139,468,23.832226,38.025642
139,469,23.832225,38.025653
139,470,23.832395,38.025584
139,471,23.832655,38.025184
139,472,23.833185,38.024883
139,473,23.834425,38.026362
139,474,23.836254,38.028331
139,475,23.838094,38.02785
139,476,23.841415,38.026382
139,477,23.842855,38.026634
139,478,23.845645,38.025485
139,479,23.848666,38.025066
139,480,23.848995,38.024974
139,481,23.848555,38.023685
139,482,23.846334,38.020354
139,483,23.845314,38.018023
139,484,23.843923,38.015026
139,485,23.843613,38.011584
139,486,23.843672,38.011184
139,487,23.843863,38.010154
139,488,23.844282,38.009463
139,489,23.845411,38.007503
139,490,23.847292,38.003962
139,491,23.847511,37.999431
139,492,23.847702,37.995242
139,493,23.848862,37.992042
139,494,23.850052,37.98981
139,495,23.850142,37.989551
139,496,23.85028,37.989162
139,497,23.850642,37.986762
139,498,23.850971,37.984874
139,499,23.851871,37.981643
139,500,23.85308,37.977301
139,501,23.85329,37.972511
139,502,23.85318,37.96762
139,503,23.852619,37.96633
139,504,23.850568,37.966151
139,505,23.848339,37.966781
139,506,23.845308,37.967002
139,507,23.842928,37.967502
139,508,23.842759,37.96717
139,509,23.842759,37.96717
139,510,23.842798,37.967189
139,511,23.842658,37.967189
139,512,23.842709,37.967048
139,513,23.842739,37.967078
139,514,23.842769,37.966998
