14,1,23.881326,37.990088
14,2,23.881297,37.990058
14,3,23.881226,37.990039
14,4,23.881385,37.99023
14,5,23.882076,37.990691
14,6,23.881987,37.991363
14,7,23.881487,37.993251
14,8,23.880806,37.995692
14,9,23.880165,37.998264
14,10,23.880516,38.000724
14,11,23.880757,38.002894
14,12,23.881107,38.003703
14,13,23.883127,38.003543
14,14,23.886168,38.003822
14,15,23.888157,38.004112
14,16,23.889797,38.004371
14,17,23.892597,38.004371
14,18,23.896538,38.003681
14,19,23.899579,38.00318
14,20,23.903109,38.00275
14,21,23.907038,38.002639
14,22,23.910877,38.002478
14,23,23.913207,37.99998
14,24,23.916828,37.999
14,25,23.918178,37.99863
14,26,23.918099,37.998538
14,27,23.918198,37.998679
14,28,23.917757,37.998889
14,29,23.913507,37.999999
14,30,23.909668,38.002628
14,31,23.904099,38.002777
14,32,23.899978,38.003227
14,33,23.896469,38.003806
14,34,23.891449,38.004718
14,35,23.887659,38.004149
14,36,23.886228,38.003921
14,37,23.88543,38.003803
14,38,23.8848,38.003722
14,39,23.883579,38.003605
14,40,23.882699,38.003795
14,41,23.88196,38.003906
14,42,23.880979,38.003887
14,43,23.880801,38.003085
14,44,23.880701,38.001815
14,45,23.880192,37.999125
14,46,23.880882,37.995635
14,47,23.881702,37.992637
14,48,23.882131,37.990726
14,49,23.881422,37.990226
14,50,23.881333,37.990177
14,51,23.881314,37.990146
14,52,23.881273,37.990035
14,53,23.881283,37.990035
14,54,23.881224,37.990023
14,55,23.881893,37.990573
14,56,23.882032,37.991103
14,57,23.881431,37.993385
14,58,23.880541,37.996665
14,59,23.88039,38.000434
14,60,23.880591,38.001773
14,61,23.88068,38.002883
14,62,23.88074,38.003555
14,63,23.88105,38.003684
14,64,23.88319,38.003493
14,65,23.88534,38.003623
14,66,23.885651,38.003623
14,67,23.885721,38.003715
14,68,23.886821,38.003905
14,69,23.889322,38.004306
14,70,23.891753,38.004558
14,71,23.893541,38.004238
14,72,23.893041,38.004336
14,73,23.893272,38.004447
14,74,23.892973,38.004508
14,75,23.893093,38.004478
14,76,23.893063,38.004398
14,77,23.892532,38.004477
14,78,23.892381,38.004508
14,79,23.892202,38.004538
14,80,23.891432,38.004657
14,81,23.890522,38.004558
14,82,23.889511,38.004398
14,83,23.88776,38.004119
14,84,23.886369,38.003909
14,85,23.885639,38.003768
14,86,23.88501,38.003707
14,87,23.88492,38.003727
14,88,23.88471,38.003677
14,89,23.88463,38.003646
14,90,23.88428,38.003577
14,91,23.883409,38.003577
14,92,23.882999,38.003688
14,93,23.88274,38.003749
14,94,23.88187,38.00381
14,95,23.881341,38.00381
14,96,23.880819,38.003719
14,97,23.880378,38.00228
14,98,23.877288,38.00011
14,99,23.875968,37.997348
14,100,23.875358,37.993209
14,101,23.874828,37.99253
14,102,23.874819,37.992148
14,103,23.874769,37.992148
14,104,23.874779,37.99211
14,105,23.875029,37.992072
14,106,23.875029,37.992061
14,107,23.875118,37.992099
14,108,23.877088,37.99084
14,109,23.880289,37.989059
14,110,23.881359,37.99002
14,111,23.881378,37.99002
14,112,23.881319,37.990242
14,113,23.881818,37.99065
14,114,23.881779,37.990531
14,115,23.881929,37.990611
14,116,23.88184,37.990612
14,117,23.881858,37.990631
14,118,23.88164,37.990489
14,119,23.88139,37.99028
14,120,23.881359,37.990211
14,121,23.881208,37.989932
14,122,23.880338,37.989063
14,123,23.879398,37.989524
14,124,23.877239,37.990894
14,125,23.875099,37.992385
14,126,23.875898,37.993896
14,127,23.876028,37.996287
14,128,23.876237,37.998477
14,129,23.877718,38.000487
14,130,23.880278,38.002238
14,131,23.880737,38.00288
14,132,23.880737,38.003471
14,133,23.880746,38.00355
14,134,23.881607,38.0037
14,135,23.883898,38.003508
14,136,23.887287,38.004008
14,137,23.890877,38.00457
14,138,23.894617,38.004058
14,139,23.898018,38.003459
14,140,23.900547,38.003108
14,141,23.903208,38.002788
14,142,23.906248,38.002678
14,143,23.909368,38.002597
14,144,23.911949,38.001895
14,145,23.91273,38.000377
14,146,23.91273,38.000358
14,147,23.912799,38.000346
14,148,23.912719,38.000575
14,149,23.91238,38.001277
14,150,23.912411,38.001228
14,151,23.912411,38.001178
14,152,23.91158,38.002269
14,153,23.907532,38.00262
14,154,23.90335,38.0028
14,155,23.89817,38.003459
14,156,23.89259,38.004501
14,157,23.88876,38.004279
14,158,23.887788,38.004081
14,159,23.886549,38.003872
14,160,23.885739,38.003672
14,161,23.885688,38.003672
14,162,23.885448,38.003593
14,163,23.885088,38.003562
14,164,23.884727,38.003532
14,165,23.884549,38.003494
14,166,23.883907,38.003414
14,167,23.883358,38.003493
14,168,23.882247,38.003684
14,169,23.881678,38.003714
14,170,23.880919,38.003376
14,171,23.880848,38.002616
14,172,23.880708,38.001125
14,173,23.880468,37.997275
14,174,23.881979,37.991756
14,175,23.88152,37.990184
14,176,23.88139,37.990085
14,177,23.881319,37.990097
14,178,23.881309,37.990058
14,179,23.88142,37.99007
14,180,23.88137,37.99018
14,181,23.881241,37.989921
14,182,23.881241,37.990013
14,183,23.88093,37.989772
14,184,23.880351,37.989143
14,185,23.87944,37.989463
14,186,23.87651,37.991343
14,187,23.87541,37.993183
14,188,23.87613,37.995624
14,189,23.875079,37.996166
14,190,23.872929,37.995734
14,191,23.870499,37.996085
14,192,23.870018,37.996074
14,193,23.866728,37.997855
14,194,23.862438,37.999797
14,195,23.858638,38.002055
14,196,23.856008,38.003375
14,197,23.855379,38.003455
14,198,23.855478,38.002494
14,199,23.855549,38.001846
14,200,23.855009,38.001624
14,201,23.854109,38.001796
14,202,23.85339,38.001876
14,203,23.85334,38.002536
14,204,23.85326,38.003264
14,205,23.853189,38.004283
14,206,23.8528,38.004722
14,207,23.852131,38.004592
14,208,23.85173,38.004383
14,209,23.851749,38.003982
14,210,23.851709,38.003562
14,211,23.85174,38.004012
14,212,23.851721,38.004383
14,213,23.851661,38.004634
14,214,23.851612,38.004943
14,215,23.851541,38.005252
14,216,23.851511,38.005321
14,217,23.851582,38.005069
14,218,23.852282,38.004618
14,219,23.85308,38.004767
14,220,23.85322,38.003288
14,221,23.85331,38.002116
14,222,23.85462,38.001777
14,223,23.85473,38.002616
14,224,23.854592,38.003677
14,225,23.855451,38.003707
14,226,23.855451,38.003707
14,227,23.855522,38.003696
14,228,23.854902,38.003967
14,229,23.854613,38.003325
14,230,23.854643,38.003105
14,231,23.854643,38.003123
14,232,23.854722,38.002623
14,233,23.854782,38.001902
14,234,23.854782,38.001902
14,235,23.855462,38.001601
14,236,23.855892,38.001551
14,237,23.856481,38.001411
14,238,23.857222,38.001281
14,239,23.85806,38.00104
14,240,23.858231,37.998969
14,241,23.857451,37.997619
14,242,23.854922,37.99795
14,243,23.852741,37.998382
14,244,23.852711,37.999271
14,245,23.85148,37.998882
14,246,23.850219,37.997913
14,247,23.850189,37.997932
14,248,23.849908,37.997882
14,249,23.849908,37.997882
14,250,23.849838,37.997871
14,251,23.850048,37.99787
14,252,23.850739,37.998431
14,253,23.851959,37.99969
14,254,23.851689,38.001078
14,255,23.851518,38.002158
14,256,23.851729,38.004417
14,257,23.850868,38.006636
14,258,23.848799,38.007327
14,259,23.848989,38.007927
14,260,23.849181,38.008365
14,261,23.84926,38.008476
14,262,23.849319,38.008556
14,263,23.849458,38.008987
14,264,23.848818,38.009147
14,265,23.847858,38.009318
14,266,23.847349,38.009437
14,267,23.84721,38.009376
14,268,23.847151,38.008956
14,269,23.847182,38.008888
14,270,23.8474,38.008849
14,271,23.84757,38.008838
14,272,23.848141,38.008728
14,273,23.848141,38.008728
14,274,23.847761,38.008407
14,275,23.847641,38.007747
14,276,23.847252,38.007186
14,277,23.846962,38.007835
14,278,23.847342,38.009555
14,279,23.848781,38.009254
14,280,23.849491,38.009162
14,281,23.849602,38.009513
14,282,23.849602,38.009543
14,283,23.850282,38.009475
14,284,23.854643,38.008674
14,285,23.858402,38.007594
14,286,23.862313,38.006953
14,287,23.866092,38.006183
14,288,23.867773,38.004641
14,289,23.867023,38.00233
14,290,23.866173,38.000202
14,291,23.865293,37.998683
14,292,23.867393,37.997493
14,293,23.872023,37.995384
14,294,23.875212,37.992152
14,295,23.878662,37.989871
14,296,23.880303,37.989093
14,297,23.881252,37.990032
14,298,23.881272,37.990043
14,299,23.881281,37.990013
14,300,23.8813,37.990023
14,301,23.881309,37.989932
14,302,23.881279,37.98997
14,303,23.881378,37.990008
14,304,23.881458,37.990119
14,305,23.881888,37.990638
14,306,23.882047,37.990798
14,307,23.881696,37.99216
14,308,23.881176,37.994281
14,309,23.880467,37.997012
14,310,23.880187,37.999672
14,311,23.880655,38.002002
14,312,23.880726,38.002791
14,313,23.880825,38.003261
14,314,23.880825,38.003292
14,315,23.880705,38.003673
14,316,23.878454,38.003802
14,317,23.876483,38.003962
14,318,23.874104,38.004611
14,319,23.871944,38.00526
14,320,23.872154,38.006568
14,321,23.870914,38.009319
14,322,23.871503,38.013179
14,323,23.872044,38.016688
14,324,23.870354,38.01794
14,325,23.867773,38.01741
14,326,23.866243,38.016811
14,327,23.864344,38.018481
14,328,23.861843,38.019931
14,329,23.860952,38.020331
14,330,23.860721,38.020381
14,331,23.86082,38.020312
14,332,23.860651,38.020453
14,333,23.860531,38.020786
14,334,23.860861,38.020565
14,335,23.860509,38.020824
14,336,23.860951,38.020625
14,337,23.860781,38.020655
14,338,23.860642,38.020747
14,339,23.86082,38.020236
14,340,23.861,38.020266
14,341,23.861031,38.020328
14,342,23.86125,38.02021
14,343,23.86121,38.02008
14,344,23.8608,38.020228
14,345,23.86054,38.020297
14,346,23.860639,38.020316
14,347,23.860621,38.020328
14,348,23.86042,38.020297
14,349,23.8601,38.020358
14,350,23.86037,38.02029
14,351,23.86022,38.020301
14,352,23.86014,38.020252
14,353,23.860899,38.020023
14,354,23.86274,38.019172
14,355,23.862789,38.019183
14,356,23.864309,38.018271
14,357,23.865678,38.017131
14,358,23.866478,38.016391
14,359,23.866898,38.016353
14,360,23.866917,38.016364
14,361,23.867006,38.016364
14,362,23.867666,38.017085
14,363,23.869797,38.017894
14,364,23.872057,38.017154
14,365,23.871376,38.012916
14,366,23.870766,38.009056
14,367,23.871826,38.005916
14,368,23.871996,38.005065
14,369,23.875546,38.004097
14,370,23.877136,38.003265
14,371,23.876547,38.001346
14,372,23.875447,37.998745
14,373,23.875486,37.996913
14,374,23.876067,37.995814
14,375,23.875015,37.992706
14,376,23.874956,37.992637
14,377,23.877516,37.990588
14,378,23.880476,37.989157
14,379,23.881275,37.989989
14,380,23.881266,37.990081
