140,1,23.843682,37.967277
140,2,23.84604,37.966918
140,3,23.84851,37.966537
140,4,23.85062,37.966076
140,5,23.85285,37.966223
140,6,23.85314,37.966236
140,7,23.85323,37.966827
140,8,23.854429,37.968757
140,9,23.85709,37.970416
140,10,23.859051,37.972606
140,11,23.861891,37.973716
140,12,23.86363,37.975837
140,13,23.86486,37.977607
140,14,23.867831,37.979606
140,15,23.867401,37.983398
140,16,23.865471,37.985576
140,17,23.865241,37.986816
140,18,23.867149,37.989154
140,19,23.869829,37.990542
140,20,23.872619,37.989692
140,21,23.874489,37.992011
140,22,23.876949,37.99089
140,23,23.880138,37.98896
140,24,23.881149,37.989791
140,25,23.88134,37.9901
140,26,23.881709,37.990402
140,27,23.88135,37.990123
140,28,23.881278,37.990005
140,29,23.88123,37.990004
140,30,23.88039,37.989147
140,31,23.881401,37.988337
140,32,23.882782,37.987777
140,33,23.884712,37.986877
140,34,23.888632,37.984675
140,35,23.892572,37.982055
140,36,23.896572,37.979453
140,37,23.900562,37.976883
140,38,23.904003,37.974143
140,39,23.905514,37.970702
140,40,23.905983,37.967464
140,41,23.906933,37.964793
140,42,23.905543,37.963992
140,43,23.902222,37.963081
140,44,23.900502,37.962321
140,45,23.900501,37.959941
140,46,23.900561,37.958171
140,47,23.90041,37.956019
140,48,23.89999,37.95438
140,49,23.898689,37.952541
140,50,23.897389,37.94955
140,51,23.895618,37.94601
140,52,23.893987,37.94271
140,53,23.892288,37.93906
140,54,23.890698,37.93555
140,55,23.888976,37.932891
140,56,23.886837,37.933632
140,57,23.884527,37.935123
140,58,23.883367,37.933704
140,59,23.882767,37.931994
140,60,23.884987,37.929885
140,61,23.884457,37.926875
140,62,23.884376,37.923225
140,63,23.889357,37.922126
140,64,23.891886,37.918476
140,65,23.894195,37.914626
140,66,23.894717,37.910957
140,67,23.894235,37.906517
140,68,23.894686,37.903846
140,69,23.894775,37.903728
140,70,23.893576,37.902316
140,71,23.890066,37.900157
140,72,23.885755,37.898849
140,73,23.884205,37.896869
140,74,23.883265,37.893317
140,75,23.881775,37.891307
140,76,23.881415,37.889106
140,77,23.879184,37.886436
140,78,23.875904,37.883556
140,79,23.872414,37.880904
140,80,23.868933,37.878115
140,81,23.866393,37.876377
140,82,23.864523,37.875187
140,83,23.860863,37.873226
140,84,23.858664,37.871776
140,85,23.857384,37.870865
140,86,23.854054,37.868472
140,87,23.850793,37.865462
140,88,23.847534,37.862571
140,89,23.844354,37.861011
140,90,23.842035,37.85889
140,91,23.838225,37.857829
140,92,23.834095,37.856868
140,93,23.831215,37.854568
140,94,23.829675,37.851199
140,95,23.828856,37.849238
140,96,23.826345,37.847538
140,97,23.822716,37.845786
140,98,23.819225,37.843596
140,99,23.815996,37.841445
140,100,23.812397,37.839317
140,101,23.808607,37.836967
140,102,23.805048,37.834727
140,103,23.803018,37.833499
140,104,23.800009,37.833908
140,105,23.795309,37.834648
140,106,23.791458,37.835029
140,107,23.791378,37.83504
140,108,23.789658,37.834991
140,109,23.785768,37.83361
140,110,23.781519,37.833049
140,111,23.777328,37.833499
140,112,23.773239,37.83361
140,113,23.772348,37.83488
140,114,23.768639,37.836299
140,115,23.764049,37.837859
140,116,23.760479,37.84082
140,117,23.756818,37.843921
140,118,23.753828,37.847171
140,119,23.753677,37.847541
140,120,23.753307,37.848491
140,121,23.752938,37.851543
140,122,23.751966,37.854774
140,123,23.752006,37.858535
140,124,23.750766,37.860397
140,125,23.750468,37.860625
140,126,23.748348,37.862075
140,127,23.747319,37.862926
140,128,23.747299,37.862956
140,129,23.746948,37.863345
140,130,23.747729,37.863678
140,131,23.747738,37.864288
140,132,23.747797,37.864319
140,133,23.748137,37.865077
140,134,23.748078,37.865757
140,135,23.748137,37.866417
140,136,23.748247,37.866607
140,137,23.748478,37.866805
140,138,23.748478,37.866825
140,139,23.748847,37.867064
140,140,23.748879,37.867156
140,141,23.74882,37.867168
140,142,23.74882,37.867168
140,143,23.74868,37.867106
140,144,23.74847,37.866946
140,145,23.748381,37.866816
140,146,23.748451,37.866958
140,147,23.748381,37.866866
140,148,23.748671,37.867106
140,149,23.7493,37.867107
140,150,23.750891,37.868568
140,151,23.752821,37.871066
140,152,23.754412,37.873855
140,153,23.755972,37.875404
140,154,23.756742,37.874782
140,155,23.758162,37.872001
140,156,23.758331,37.8717
140,157,23.758331,37.871688
140,158,23.758741,37.870837
140,159,23.759932,37.868019
140,160,23.761652,37.863799
140,161,23.763662,37.859748
140,162,23.765861,37.855666
140,163,23.766651,37.854148
140,164,23.766721,37.853988
140,165,23.767772,37.851337
140,166,23.769283,37.847316
140,167,23.770193,37.845066
140,168,23.770193,37.845054
140,169,23.771253,37.842742
140,170,23.771993,37.841453
140,171,23.774543,37.840442
140,172,23.777214,37.837821
140,173,23.779934,37.836342
140,174,23.783684,37.835582
140,175,23.785553,37.833873
140,176,23.785553,37.833854
140,177,23.786373,37.833632
140,178,23.789663,37.834971
140,179,23.793573,37.834774
140,180,23.797252,37.834262
140,181,23.799263,37.833953
140,182,23.801052,37.833663
140,183,23.801422,37.833614
140,184,23.804062,37.834102
140,185,23.806982,37.835921
140,186,23.810562,37.838172
140,187,23.813602,37.840022
140,188,23.816502,37.841731
140,189,23.819641,37.84386
140,190,23.82246,37.845649
140,191,23.82547,37.847087
140,192,23.82858,37.848926
140,193,23.8297,37.851264
140,194,23.831171,37.854545
140,195,23.834271,37.856895
140,196,23.838701,37.857887
140,197,23.842541,37.859527
140,198,23.845881,37.861678
140,199,23.849221,37.86407
140,200,23.85239,37.866939
140,201,23.855711,37.869689
140,202,23.858862,37.87194
140,203,23.862692,37.874198
140,204,23.866371,37.876338
140,205,23.869852,37.878929
140,206,23.873793,37.881767
140,207,23.877392,37.884845
140,208,23.880833,37.887905
140,209,23.881863,37.891185
140,210,23.883432,37.893885
140,211,23.884672,37.897826
140,212,23.887062,37.898975
140,213,23.891423,37.900684
140,214,23.894553,37.903144
140,215,23.894882,37.903724
140,216,23.894321,37.906974
140,217,23.895101,37.911754
140,218,23.893532,37.915854
140,219,23.891012,37.920066
140,220,23.887142,37.922416
140,221,23.883522,37.924797
140,222,23.885893,37.928447
140,223,23.882812,37.931987
140,224,23.879222,37.935409
140,225,23.875624,37.938838
140,226,23.871963,37.942088
140,227,23.867964,37.945037
140,228,23.865173,37.947078
140,229,23.865093,37.947147
140,230,23.865093,37.947158
140,231,23.865053,37.947197
140,232,23.863462,37.949138
140,233,23.861412,37.952216
140,234,23.859122,37.955307
140,235,23.857302,37.957668
140,236,23.85629,37.959617
140,237,23.854422,37.959998
140,238,23.852552,37.96059
140,239,23.852164,37.96252
140,240,23.850983,37.96334
140,241,23.848913,37.964401
140,242,23.846453,37.965671
140,243,23.844112,37.966239
140,244,23.842842,37.96717
140,245,23.842502,37.967182
140,246,23.842333,37.967181
140,247,23.842443,37.967113
140,248,23.842384,37.967163
140,249,23.842403,37.967124
140,250,23.842613,37.967162
140,251,23.842712,37.967102
140,252,23.842712,37.967082
140,253,23.842641,37.967742
