141,1,23.843189,37.967532
141,2,23.845009,37.966983
141,3,23.847528,37.966793
141,4,23.849397,37.966015
141,5,23.851926,37.966185
141,6,23.853267,37.966384
141,7,23.853286,37.966373
141,8,23.853206,37.967162
141,9,23.854727,37.968994
141,10,23.857487,37.970695
141,11,23.859146,37.972663
141,12,23.861916,37.973762
141,13,23.863636,37.975864
141,14,23.864885,37.977683
141,15,23.867636,37.979415
141,16,23.867596,37.982726
141,17,23.865826,37.985458
141,18,23.865157,37.986679
141,19,23.867025,37.989089
141,20,23.869686,37.990649
141,21,23.872446,37.9897
141,22,23.874176,37.991729
141,23,23.876066,37.991508
141,24,23.879236,37.989467
141,25,23.880287,37.989097
141,26,23.881107,37.989886
141,27,23.881708,37.990398
141,28,23.881638,37.990909
141,29,23.881937,37.990737
141,30,23.881456,37.990176
141,31,23.881385,37.990165
141,32,23.881266,37.989994
141,33,23.881284,37.990023
141,34,23.881266,37.990023
141,35,23.881056,37.989795
141,36,23.881056,37.989795
141,37,23.880245,37.989044
141,38,23.880525,37.988784
141,39,23.882715,37.987784
141,40,23.882974,37.987716
141,41,23.885345,37.986514
141,42,23.888605,37.984706
141,43,23.891845,37.982547
141,44,23.895136,37.980369
141,45,23.898525,37.97818
141,46,23.901895,37.976009
141,47,23.904396,37.973449
141,48,23.905497,37.970618
141,49,23.905857,37.96799
141,50,23.906257,37.96601
141,51,23.906939,37.96445
141,52,23.904888,37.963931
141,53,23.901728,37.963012
141,54,23.900408,37.962444
141,55,23.900407,37.960574
141,56,23.900497,37.959544
141,57,23.900577,37.958453
141,58,23.900427,37.956775
141,59,23.900276,37.955535
141,60,23.900196,37.954677
141,61,23.899276,37.953487
141,62,23.898506,37.952098
141,63,23.897566,37.949859
141,64,23.896255,37.94725
141,65,23.894905,37.944648
141,66,23.893724,37.942207
141,67,23.892685,37.939925
141,68,23.891535,37.937457
141,69,23.890336,37.934898
141,70,23.889096,37.932956
141,71,23.887835,37.933208
141,72,23.886046,37.933959
141,73,23.884266,37.935199
141,74,23.883387,37.933708
141,75,23.882557,37.932296
141,76,23.883447,37.931334
141,77,23.885668,37.928973
141,78,23.884188,37.926532
141,79,23.883988,37.923552
141,80,23.887557,37.922381
141,81,23.890577,37.92068
141,82,23.892328,37.917739
141,83,23.894178,37.914661
141,84,23.895137,37.912059
141,85,23.894567,37.90985
141,86,23.894296,37.90665
141,87,23.894636,37.90398
141,88,23.894775,37.903739
141,89,23.894665,37.903319
141,90,23.893005,37.901759
141,91,23.889706,37.89999
141,92,23.886045,37.898861
141,93,23.884575,37.897681
141,94,23.883665,37.895133
141,95,23.883175,37.892852
141,96,23.881854,37.891341
141,97,23.881596,37.889632
141,98,23.880495,37.887591
141,99,23.879234,37.886493
141,100,23.877934,37.885322
141,101,23.875534,37.883219
141,102,23.872833,37.881172
141,103,23.869974,37.87902
141,104,23.867224,37.87688
141,105,23.865414,37.875751
141,106,23.862913,37.874339
141,107,23.860042,37.872768
141,108,23.858692,37.871818
141,109,23.858212,37.871467
141,110,23.856211,37.870037
141,111,23.85357,37.868038
141,112,23.851171,37.865806
141,113,23.848711,37.863616
141,114,23.846161,37.861797
141,115,23.843721,37.860359
141,116,23.841541,37.858588
141,117,23.83834,37.857867
141,118,23.834931,37.857097
141,119,23.83206,37.855697
141,120,23.83058,37.853175
141,121,23.82933,37.850456
141,122,23.82859,37.848956
141,123,23.826601,37.847728
141,124,23.823761,37.846347
141,125,23.82134,37.845046
141,126,23.819081,37.843536
141,127,23.8186,37.843155
141,128,23.816629,37.841823
141,129,23.814369,37.840484
141,130,23.81296,37.839645
141,131,23.810779,37.838313
141,132,23.808621,37.836951
141,133,23.808531,37.836902
141,134,23.80768,37.836383
141,135,23.807251,37.836105
141,136,23.806891,37.835883
141,137,23.806462,37.835613
141,138,23.805301,37.834873
141,139,23.804441,37.834312
141,140,23.803051,37.834342
141,141,23.802311,37.833633
141,142,23.80228,37.833613
141,143,23.802441,37.833072
141,144,23.80264,37.832011
141,145,23.802101,37.830371
141,146,23.801771,37.8292
141,147,23.80109,37.827892
141,148,23.80072,37.826282
141,149,23.80064,37.824462
141,150,23.800109,37.822864
141,151,23.799829,37.822296
141,152,23.799259,37.822296
141,153,23.797479,37.822326
141,154,23.79541,37.822326
141,155,23.794321,37.822135
141,156,23.7935,37.823017
141,157,23.793471,37.823077
141,158,23.793471,37.823077
141,159,23.79348,37.822299
141,160,23.79561,37.822231
141,161,23.79841,37.822211
141,162,23.79999,37.822502
141,163,23.800559,37.82447
141,164,23.80072,37.826431
141,165,23.80143,37.828318
141,166,23.80207,37.830108
141,167,23.802561,37.831459
141,168,23.802521,37.83155
141,169,23.80253,37.831561
141,170,23.802561,37.831623
141,171,23.80266,37.831924
141,172,23.80269,37.831935
141,173,23.802789,37.831996
141,174,23.802799,37.832015
141,175,23.802849,37.832324
141,176,23.802889,37.832473
141,177,23.802898,37.832553
141,178,23.802898,37.832603
141,179,23.802898,37.832962
141,180,23.802799,37.83303
141,181,23.802809,37.833271
141,182,23.803009,37.833362
141,183,23.803219,37.833491
141,184,23.803358,37.833572
141,185,23.804468,37.834262
141,186,23.804478,37.834274
141,187,23.804737,37.834453
141,188,23.805797,37.835131
141,189,23.806208,37.835403
141,190,23.807667,37.836322
141,191,23.808927,37.837111
141,192,23.809807,37.837673
141,193,23.810926,37.838394
141,194,23.813356,37.839862
141,195,23.816416,37.841682
141,196,23.818966,37.843371
141,197,23.820816,37.844672
141,198,23.823446,37.846141
141,199,23.826876,37.847793
141,200,23.828876,37.849334
141,201,23.829755,37.851443
141,202,23.831186,37.854595
141,203,23.834535,37.856955
141,204,23.838936,37.857905
141,205,23.842676,37.859695
141,206,23.846166,37.861717
141,207,23.849516,37.864319
141,208,23.852967,37.867488
141,209,23.856796,37.87046
141,210,23.858375,37.871581
141,211,23.858425,37.871619
141,212,23.858425,37.87165
141,213,23.858576,37.871749
141,214,23.858656,37.87181
141,215,23.858755,37.871879
141,216,23.858755,37.87189
141,217,23.858835,37.871959
141,218,23.859516,37.872447
141,219,23.859895,37.872706
141,220,23.860626,37.873126
141,221,23.861786,37.873748
141,222,23.863456,37.874648
141,223,23.863916,37.874889
141,224,23.866087,37.87619
141,225,23.869417,37.878581
141,226,23.872988,37.881312
141,227,23.875439,37.883224
141,228,23.875639,37.883373
141,229,23.875959,37.883594
141,230,23.87599,37.883575
141,231,23.87627,37.883834
141,232,23.87647,37.884024
141,233,23.87659,37.884166
141,234,23.876902,37.884437
141,235,23.877142,37.884647
141,236,23.877321,37.884807
141,237,23.877401,37.884887
141,238,23.877552,37.885005
141,239,23.877623,37.885055
141,240,23.878172,37.885574
141,241,23.878542,37.885963
141,242,23.878632,37.886074
141,243,23.879132,37.886512
141,244,23.880161,37.88737
141,245,23.88067,37.887851
141,246,23.881281,37.88898
141,247,23.88228,37.891318
141,248,23.883039,37.892417
141,249,23.88383,37.892356
141,250,23.887699,37.890647
141,251,23.89272,37.888637
141,252,23.898698,37.887805
141,253,23.904139,37.887195
141,254,23.90972,37.886665
141,255,23.916069,37.885673
141,256,23.92228,37.885062
141,257,23.92626,37.884761
141,258,23.92737,37.883662
141,259,23.92732,37.883513
141,260,23.927201,37.883643
141,261,23.926041,37.884845
141,262,23.925021,37.884876
141,263,23.924949,37.884387
141,264,23.92681,37.881236
141,265,23.926229,37.878456
141,266,23.924219,37.875236
141,267,23.92174,37.873305
141,268,23.921059,37.870864
141,269,23.920509,37.870334
141,270,23.92037,37.870185
141,271,23.92095,37.870715
141,272,23.9217,37.873027
141,273,23.92442,37.875357
141,274,23.926189,37.876579
141,275,23.928919,37.877559
141,276,23.9294,37.87688
141,277,23.93096,37.874259
141,278,23.93113,37.873889
141,279,23.931139,37.873878
141,280,23.931139,37.87413
141,281,23.929369,37.877159
141,282,23.926869,37.881427
141,283,23.924669,37.885268
141,284,23.92424,37.88623
141,285,23.92232,37.888141
141,286,23.91956,37.891032
141,287,23.915458,37.893462
141,288,23.911379,37.896052
141,289,23.907428,37.899154
141,290,23.90321,37.900924
141,291,23.897579,37.901584
141,292,23.89509,37.903472
141,293,23.894371,37.90684
141,294,23.89484,37.91067
141,295,23.89529,37.912299
141,296,23.893631,37.915709
141,297,23.89146,37.919341
141,298,23.887861,37.922363
141,299,23.883602,37.924464
141,300,23.885933,37.928283
141,301,23.883382,37.931423
141,302,23.883763,37.934211
141,303,23.885812,37.93397
141,304,23.889294,37.933059
141,305,23.891123,37.936259
141,306,23.893072,37.940658
141,307,23.895072,37.944919
141,308,23.897272,37.94926
141,309,23.898823,37.952762
141,310,23.900262,37.954913
141,311,23.900423,37.956744
141,312,23.900613,37.959003
141,313,23.900453,37.960903
141,314,23.900854,37.962852
141,315,23.905024,37.96379
141,316,23.907303,37.964382
141,317,23.906304,37.966113
141,318,23.905934,37.968105
141,319,23.905613,37.970965
141,320,23.903393,37.974777
141,321,23.899103,37.977829
141,322,23.894252,37.98096
141,323,23.889813,37.983989
141,324,23.885262,37.986591
141,325,23.881441,37.988322
141,326,23.880941,37.989551
141,327,23.88141,37.990092
141,328,23.881461,37.990081
141,329,23.881441,37.990131
141,330,23.882011,37.990581
141,331,23.881771,37.990581
141,332,23.881592,37.990451
141,333,23.881592,37.990401
141,334,23.881641,37.990364
141,335,23.88145,37.990222
141,336,23.88145,37.990222
141,337,23.881259,37.989814
141,338,23.88039,37.989005
141,339,23.88046,37.988864
141,340,23.882691,37.987815
141,341,23.8862,37.986064
141,342,23.890221,37.983702
141,343,23.894051,37.981101
141,344,23.89793,37.978591
141,345,23.901701,37.976162
141,346,23.90273,37.975383
141,347,23.902761,37.975364
141,348,23.902801,37.975303
141,349,23.904272,37.973743
141,350,23.905502,37.970825
141,351,23.905853,37.967956
141,352,23.906303,37.965686
141,353,23.906773,37.964305
141,354,23.904102,37.963755
141,355,23.900963,37.962997
141,356,23.900383,37.961726
141,357,23.900432,37.959937
141,358,23.900523,37.958538
141,359,23.900411,37.956595
141,360,23.90018,37.954997
141,361,23.89952,37.953875
141,362,23.898722,37.952796
141,363,23.897671,37.950405
141,364,23.896301,37.947566
141,365,23.894821,37.944637
141,366,23.893622,37.942088
141,367,23.892162,37.938937
141,368,23.891033,37.936298
141,369,23.889863,37.934089
141,370,23.888513,37.932941
141,371,23.886894,37.933589
141,372,23.884794,37.934898
141,373,23.883773,37.934527
141,374,23.882664,37.932567
141,375,23.882565,37.932407
141,376,23.882493,37.932209
141,377,23.884144,37.930637
141,378,23.885624,37.927776
141,379,23.883413,37.924796
141,380,23.886243,37.922477
141,381,23.890113,37.921378
141,382,23.891943,37.918288
141,383,23.893812,37.915187
141,384,23.895012,37.911906
141,385,23.894331,37.908405
141,386,23.894291,37.904914
141,387,23.894751,37.903693
141,388,23.893649,37.902412
141,389,23.8909,37.900531
141,390,23.88714,37.899093
141,391,23.88476,37.898315
141,392,23.88377,37.895793
141,393,23.88316,37.893112
141,394,23.883129,37.892962
141,395,23.882919,37.891982
141,396,23.881608,37.890842
141,397,23.880959,37.888214
141,398,23.878399,37.885863
141,399,23.875398,37.883224
141,400,23.872419,37.881003
141,401,23.869239,37.878482
141,402,23.866659,37.876644
141,403,23.865259,37.875732
141,404,23.862529,37.874221
141,405,23.859499,37.872481
141,406,23.856708,37.870501
141,407,23.853908,37.868461
141,408,23.851269,37.866001
141,409,23.848719,37.863719
141,410,23.845859,37.861789
141,411,23.843229,37.860229
141,412,23.840808,37.858378
141,413,23.837078,37.857731
141,414,23.833538,37.856719
141,415,23.831148,37.854579
141,416,23.829798,37.851608
141,417,23.828987,37.849609
141,418,23.827127,37.84801
141,419,23.823958,37.846462
141,420,23.821167,37.844962
141,421,23.818546,37.843181
141,422,23.815857,37.84143
141,423,23.812986,37.83974
141,424,23.809906,37.83784
141,425,23.807455,37.8363
141,426,23.806764,37.835849
141,427,23.805165,37.834838
141,428,23.803935,37.834197
141,429,23.802414,37.834228
141,430,23.802244,37.833686
141,431,23.802244,37.833667
141,432,23.802343,37.833148
141,433,23.802593,37.831927
141,434,23.802044,37.830218
141,435,23.801674,37.82904
141,436,23.800863,37.827479
141,437,23.800582,37.825618
141,438,23.800404,37.823569
141,439,23.799803,37.822238
141,440,23.798033,37.822268
141,441,23.795902,37.82228
141,442,23.794332,37.82228
141,443,23.794332,37.82228
141,444,23.793713,37.822269
141,445,23.793613,37.82257
141,446,23.793463,37.823039
141,447,23.793454,37.822639
141,448,23.793592,37.822299
141,449,23.793651,37.8223
141,450,23.794592,37.822281
141,451,23.797241,37.822242
141,452,23.799881,37.822223
141,453,23.80038,37.823451
141,454,23.800612,37.825682
141,455,23.80116,37.827914
141,456,23.80204,37.830036
141,457,23.80255,37.831504
141,458,23.802938,37.832465
141,459,23.80292,37.832504
141,460,23.802888,37.833152
141,461,23.802888,37.833191
141,462,23.802938,37.833331
141,463,23.805519,37.83493
141,464,23.808519,37.836829
141,465,23.810089,37.837829
141,466,23.812288,37.839199
141,467,23.813457,37.8399
141,468,23.815937,37.84138
141,469,23.818027,37.842731
141,470,23.821107,37.844852
141,471,23.822988,37.8459
141,472,23.826309,37.847522
141,473,23.829109,37.849803
141,474,23.83058,37.853274
141,475,23.83325,37.856444
141,476,23.837941,37.857753
141,477,23.84244,37.859412
141,478,23.846399,37.861831
141,479,23.850109,37.864871
141,480,23.853948,37.8684
141,481,23.857698,37.871101
141,482,23.859009,37.872039
141,483,23.861448,37.87355
141,484,23.863838,37.87482
141,485,23.864198,37.875011
141,486,23.865719,37.875923
141,487,23.868617,37.877872
141,488,23.871538,37.880351
141,489,23.874837,37.882633
141,490,23.877958,37.885382
141,491,23.879498,37.886745
141,492,23.881208,37.888736
141,493,23.882167,37.891284
141,494,23.883019,37.892173
141,495,23.883308,37.892554
141,496,23.886839,37.891055
141,497,23.89148,37.888953
141,498,23.894949,37.888294
141,499,23.899608,37.887733
141,500,23.903669,37.887271
141,501,23.906528,37.88679
141,502,23.911558,37.886382
141,503,23.917158,37.885543
141,504,23.922258,37.885093
141,505,23.924788,37.884582
141,506,23.926717,37.88132
141,507,23.926228,37.878631
141,508,23.924226,37.87532
141,509,23.921667,37.87331
141,510,23.920797,37.870731
141,511,23.919117,37.869399
141,512,23.917817,37.86832
141,513,23.916065,37.86777
141,514,23.914175,37.86721
141,515,23.911995,37.866851
141,516,23.910394,37.866839
141,517,23.911446,37.867721
141,518,23.911266,37.868659
141,519,23.910366,37.86864
141,520,23.909277,37.868911
141,521,23.908197,37.86877
141,522,23.907087,37.868678
141,523,23.906748,37.868549
141,524,23.906788,37.868609
141,525,23.907519,37.868648
141,526,23.907519,37.86866
141,527,23.907969,37.86872
141,528,23.908928,37.868942
141,529,23.909757,37.868713
141,530,23.910667,37.868682
141,531,23.911207,37.868701
141,532,23.911586,37.868251
141,533,23.911306,37.86766
141,534,23.910865,37.867229
141,535,23.910595,37.86708
141,536,23.910594,37.866759
141,537,23.911815,37.866798
141,538,23.913135,37.866988
141,539,23.914616,37.867378
141,540,23.916086,37.867748
141,541,23.917106,37.868106
141,542,23.918137,37.868557
141,543,23.918916,37.869235
141,544,23.920067,37.870056
141,545,23.921118,37.870986
141,546,23.921648,37.873206
141,547,23.923538,37.874965
141,548,23.925308,37.876315
141,549,23.927528,37.877056
141,550,23.928858,37.877616
141,551,23.928877,37.877616
141,552,23.929237,37.877116
141,553,23.930477,37.874995
141,554,23.931057,37.874015
141,555,23.931776,37.874626
141,556,23.932566,37.876586
141,557,23.933246,37.878105
141,558,23.932056,37.879173
141,559,23.930987,37.879772
141,560,23.930175,37.88037
141,561,23.929565,37.879989
141,562,23.928696,37.879378
141,563,23.927956,37.879928
141,564,23.927885,37.881279
141,565,23.927895,37.88227
141,566,23.927345,37.883522
141,567,23.927326,37.883522
141,568,23.926416,37.884601
141,569,23.925275,37.884891
141,570,23.922466,37.8851
141,571,23.918806,37.88541
141,572,23.914556,37.885951
141,573,23.910177,37.886642
141,574,23.905888,37.886943
141,575,23.901588,37.887615
141,576,23.897139,37.887973
141,577,23.892618,37.888702
141,578,23.888458,37.890243
141,579,23.884598,37.892105
141,580,23.883457,37.892593
141,581,23.883167,37.892723
141,582,23.881378,37.893543
141,583,23.881548,37.892551
141,584,23.881658,37.891631
141,585,23.881639,37.89096
141,586,23.88162,37.89001
141,587,23.881231,37.88869
141,588,23.880802,37.887931
141,589,23.879932,37.88713
141,590,23.878502,37.88586
141,591,23.875922,37.883601
141,592,23.873272,37.881511
141,593,23.870151,37.879242
141,594,23.867201,37.876922
141,595,23.866321,37.87638
141,596,23.864412,37.87519
141,597,23.861532,37.873649
141,598,23.858992,37.872077
141,599,23.858232,37.871535
141,600,23.855852,37.869846
141,601,23.852673,37.867255
141,602,23.849573,37.864437
141,603,23.846563,37.861988
141,604,23.843693,37.860397
141,605,23.841204,37.858509
141,606,23.837553,37.857787
141,607,23.834142,37.856929
141,608,23.831673,37.85543
141,609,23.830892,37.8539
141,610,23.830463,37.85297
141,611,23.830053,37.852039
141,612,23.829683,37.85123
141,613,23.829483,37.850799
141,614,23.829313,37.850429
141,615,23.829264,37.850128
141,616,23.828973,37.849468
141,617,23.828474,37.848846
141,618,23.828094,37.848594
141,619,23.827955,37.848476
141,620,23.827416,37.848117
141,621,23.826805,37.847797
141,622,23.825445,37.847106
141,623,23.824585,37.846675
141,624,23.824245,37.846515
141,625,23.823446,37.846156
141,626,23.822766,37.845805
141,627,23.821435,37.845065
141,628,23.820846,37.844684
141,629,23.820196,37.844264
141,630,23.820076,37.844184
141,631,23.819116,37.843536
141,632,23.818398,37.843036
141,633,23.817538,37.842414
141,634,23.816118,37.841533
141,635,23.815218,37.841002
141,636,23.814897,37.840812
141,637,23.814047,37.840312
141,638,23.813708,37.840114
141,639,23.812708,37.839515
141,640,23.809927,37.837813
141,641,23.806907,37.835914
141,642,23.805757,37.835193
141,643,23.804656,37.834502
141,644,23.803307,37.834331
141,645,23.802376,37.833941
141,646,23.802316,37.833683
141,647,23.802316,37.83335
141,648,23.802736,37.83229
141,649,23.802246,37.830742
141,650,23.801866,37.829459
141,651,23.801046,37.827819
141,652,23.800657,37.825828
141,653,23.800457,37.823597
141,654,23.799887,37.822356
141,655,23.798187,37.822337
141,656,23.795828,37.822338
141,657,23.793867,37.822338
141,658,23.793607,37.822638
141,659,23.793488,37.822997
141,660,23.793429,37.822597
141,661,23.793429,37.822597
141,662,23.793428,37.822486
141,663,23.795099,37.822288
141,664,23.797299,37.822257
141,665,23.799818,37.822238
141,666,23.800407,37.823547
141,667,23.800577,37.825557
141,668,23.801148,37.827895
141,669,23.802048,37.830017
141,670,23.802517,37.831305
141,671,23.802477,37.831367
141,672,23.802508,37.831478
141,673,23.802917,37.832706
141,674,23.802899,37.832744
141,675,23.803548,37.833682
141,676,23.80415,37.834083
141,677,23.80542,37.834892
141,678,23.80921,37.837283
141,679,23.81333,37.839843
141,680,23.81644,37.841705
141,681,23.81851,37.843066
141,682,23.82125,37.844966
141,683,23.824862,37.846797
141,684,23.828501,37.848858
141,685,23.829821,37.851565
141,686,23.83142,37.855106
141,687,23.835331,37.857227
141,688,23.840052,37.858127
141,689,23.843792,37.860416
141,690,23.847582,37.862674
141,691,23.851202,37.865893
141,692,23.855182,37.869365
141,693,23.859213,37.872234
141,694,23.863052,37.874442
141,695,23.865803,37.876033
141,696,23.869023,37.878264
141,697,23.872652,37.881164
141,698,23.876842,37.884494
141,699,23.880743,37.887904
141,700,23.881674,37.890945
141,701,23.883305,37.893424
141,702,23.884384,37.897235
141,703,23.884933,37.898505
141,704,23.888424,37.899486
141,705,23.893163,37.901878
141,706,23.894654,37.903266
141,707,23.894703,37.903327
141,708,23.894882,37.903507
141,709,23.894312,37.906726
141,710,23.895092,37.911785
141,711,23.893091,37.916675
141,712,23.890171,37.921485
141,713,23.88454,37.923156
141,714,23.88544,37.927425
141,715,23.88375,37.931106
141,716,23.883412,37.933708
141,717,23.885181,37.934485
141,718,23.888511,37.932876
141,719,23.890562,37.935337
141,720,23.892621,37.939814
141,721,23.894741,37.944396
141,722,23.896661,37.948188
141,723,23.898302,37.951759
141,724,23.900211,37.954829
141,725,23.900371,37.956821
141,726,23.900541,37.959281
141,727,23.900411,37.96178
141,728,23.90154,37.962902
141,729,23.906071,37.964011
141,730,23.907051,37.96466
141,731,23.90616,37.967029
141,732,23.905661,37.96934
141,733,23.904931,37.97251
141,734,23.902059,37.975959
141,735,23.897721,37.978748
141,736,23.893461,37.981509
141,737,23.889252,37.98437
141,738,23.884512,37.987029
141,739,23.880451,37.988849
141,740,23.881132,37.98983
141,741,23.881323,37.9901
141,742,23.881342,37.990112
141,743,23.881993,37.990551
141,744,23.881872,37.99055
141,745,23.881782,37.990432
141,746,23.881283,37.9901
141,747,23.881274,37.990112
141,748,23.880672,37.989433
141,749,23.879812,37.989253
141,750,23.877943,37.990375
141,751,23.875313,37.992106
141,752,23.874073,37.991527
141,753,23.872503,37.989768
141,754,23.870043,37.99052
141,755,23.870793,37.991569
141,756,23.872152,37.993838
141,757,23.870303,37.995719
141,758,23.870312,37.995768
141,759,23.870312,37.995788
141,760,23.868342,37.996948
141,761,23.865252,37.998626
141,762,23.861701,38.000106
141,763,23.858352,38.002196
141,764,23.857872,38.004177
141,765,23.858222,38.006248
141,766,23.858263,38.006389
141,767,23.858362,38.006729
141,768,23.858372,38.006739
141,769,23.858511,38.007141
141,770,23.858511,38.007141
141,771,23.858542,38.00722
141,772,23.857771,38.007682
141,773,23.855701,38.008411
141,774,23.852421,38.009162
141,775,23.848841,38.009803
141,776,23.845341,38.010413
141,777,23.844011,38.010642
141,778,23.844011,38.010642
141,779,23.843792,38.010993
141,780,23.843561,38.012694
141,781,23.844092,38.015155
141,782,23.844101,38.015216
141,783,23.844101,38.015216
141,784,23.84427,38.015826
141,785,23.84523,38.017696
141,786,23.8458,38.018596
141,787,23.846821,38.020766
141,788,23.848411,38.023066
141,789,23.849241,38.024665
141,790,23.849611,38.025256
141,791,23.849851,38.026325
141,792,23.847212,38.027324
141,793,23.84443,38.028915
141,794,23.84325,38.027224
141,795,23.84189,38.027633
141,796,23.839229,38.028781
141,797,23.838529,38.02909
141,798,23.838378,38.029158
141,799,23.838378,38.029158
141,800,23.837959,38.02935
141,801,23.837959,38.02935
141,802,23.837879,38.029387
141,803,23.837439,38.029586
141,804,23.837439,38.029598
141,805,23.837319,38.029635
141,806,23.836507,38.028625
141,807,23.834617,38.026474
141,808,23.833567,38.025123
141,809,23.832737,38.025112
141,810,23.831707,38.02587
141,811,23.830486,38.02658
141,812,23.828846,38.027629
141,813,23.822765,38.032897
141,814,23.822695,38.033008
141,815,23.822824,38.03297
141,816,23.822695,38.0331
141,817,23.822535,38.033241
141,818,23.822615,38.033149
141,819,23.823043,38.032768
141,820,23.823244,38.032638
141,821,23.823235,38.032649
141,822,23.823315,38.032539
141,823,23.823355,38.032538
141,824,23.830666,38.026508
141,825,23.830866,38.026447
141,826,23.830896,38.026447
