142,1,23.840596,38.131587
142,2,23.840734,38.131328
142,3,23.840805,38.131297
142,4,23.841036,38.131018
142,5,23.841055,38.130999
142,6,23.841234,38.130679
142,7,23.841185,38.130798
142,8,23.841085,38.131057
142,9,23.840845,38.131255
142,10,23.840826,38.131305
142,11,23.841005,38.131015
142,12,23.841085,38.130935
142,13,23.840692,38.1314
142,14,23.840973,38.131091
142,15,23.841112,38.130919
142,16,23.841112,38.130919
142,17,23.841012,38.130958
142,18,23.841012,38.130969
142,19,23.841044,38.13124
142,20,23.841033,38.131252
142,21,23.840762,38.131523
142,22,23.840733,38.131523
142,23,23.840683,38.131774
142,24,23.839712,38.131744
142,25,23.838401,38.129123
142,26,23.836342,38.124824
142,27,23.832922,38.120734
142,28,23.830233,38.118793
142,29,23.828363,38.116851
142,30,23.825634,38.114223
142,31,23.824055,38.113761
142,32,23.823405,38.1119
142,33,23.820203,38.108779
142,34,23.815985,38.104869
142,35,23.809995,38.102279
142,36,23.804565,38.100127
142,37,23.798485,38.097766
142,38,23.793715,38.095028
142,39,23.791925,38.092796
142,40,23.791295,38.091964
142,41,23.789356,38.089465
142,42,23.786636,38.085936
142,43,23.783596,38.081965
142,44,23.780596,38.078666
142,45,23.779485,38.077636
142,46,23.779927,38.077147
142,47,23.781616,38.078949
142,48,23.784345,38.082488
142,49,23.787355,38.086417
142,50,23.790346,38.090297
142,51,23.791056,38.091228
142,52,23.791626,38.091609
142,53,23.794195,38.091788
142,54,23.796635,38.091246
142,55,23.798794,38.088557
142,56,23.800333,38.086727
142,57,23.802603,38.085006
142,58,23.804333,38.084235
142,59,23.805563,38.083755
142,60,23.806413,38.083014
142,61,23.805643,38.082374
142,62,23.805643,38.082374
142,63,23.805603,38.082335
142,64,23.805714,38.082274
142,65,23.805773,38.082534
142,66,23.807012,38.083324
142,67,23.807232,38.084945
142,68,23.807303,38.086494
142,69,23.807321,38.087265
142,70,23.805401,38.087283
142,71,23.800701,38.087135
142,72,23.800112,38.087054
142,73,23.797801,38.089934
142,74,23.795942,38.092284
142,75,23.794021,38.094795
142,76,23.793473,38.096785
142,77,23.795023,38.096965
142,78,23.796833,38.097164
142,79,23.802193,38.099254
142,80,23.806491,38.100993
142,81,23.810091,38.102443
142,82,23.814282,38.105292
142,83,23.814962,38.105533
142,84,23.819113,38.107932
142,85,23.823513,38.112662
142,86,23.826384,38.114902
142,87,23.828123,38.116603
142,88,23.830732,38.118651
142,89,23.832662,38.120563
142,90,23.836403,38.125102
142,91,23.838854,38.130214
142,92,23.840553,38.131804
142,93,23.840905,38.131183
142,94,23.840905,38.131171
142,95,23.841064,38.130931
142,96,23.841064,38.130851
142,97,23.840953,38.130881
142,98,23.840954,38.13098
142,99,23.840954,38.131171
142,100,23.840763,38.1314
142,101,23.840613,38.131629
142,102,23.839663,38.131809
142,103,23.838534,38.129588
142,104,23.836763,38.125747
142,105,23.834283,38.122096
142,106,23.830922,38.118595
142,107,23.827963,38.115733
142,108,23.825443,38.113204
142,109,23.822144,38.110072
142,110,23.818804,38.106891
142,111,23.816774,38.1035
142,112,23.816105,38.102599
142,113,23.816105,38.102599
142,114,23.814625,38.102137
142,115,23.811915,38.100177
142,116,23.810234,38.097469
142,117,23.809914,38.096339
142,118,23.809623,38.095401
142,119,23.809134,38.093162
142,120,23.809003,38.090713
142,121,23.809244,38.089251
142,122,23.809463,38.08805
142,123,23.809494,38.08784
142,124,23.811063,38.087932
142,125,23.812224,38.088172
142,126,23.812763,38.088264
142,127,23.813423,38.088363
142,128,23.813623,38.088393
142,129,23.813814,38.088412
142,130,23.814005,38.088432
142,131,23.814555,38.088542
142,132,23.814943,38.08858
142,133,23.815384,38.088581
142,134,23.815843,38.088462
142,135,23.816284,38.088351
142,136,23.816673,38.088233
142,137,23.816932,38.088123
142,138,23.816972,38.088111
142,139,23.817112,38.087779
142,140,23.816893,38.08741
142,141,23.816692,38.08707
142,142,23.816341,38.08641
142,143,23.816381,38.084972
142,144,23.815992,38.083713
142,145,23.814632,38.081295
142,146,23.813642,38.078624
142,147,23.813013,38.077884
142,148,23.812073,38.076206
142,149,23.812072,38.075557
142,150,23.812212,38.074916
142,151,23.812231,38.074725
142,152,23.812401,38.073745
142,153,23.812401,38.073596
142,154,23.811362,38.072104
142,155,23.811031,38.069125
142,156,23.809863,38.066364
142,157,23.809462,38.064724
142,158,23.809411,38.064471
142,159,23.809261,38.06359
142,160,23.808712,38.05997
142,161,23.810062,38.056919
142,162,23.811552,38.054808
142,163,23.810633,38.052818
142,164,23.810592,38.052688
142,165,23.810004,38.051459
142,166,23.807993,38.048789
142,167,23.807383,38.046539
142,168,23.805202,38.04449
142,169,23.803713,38.042929
142,170,23.802902,38.041728
142,171,23.805893,38.040737
142,172,23.807943,38.039756
142,173,23.808183,38.039645
142,174,23.808183,38.039645
142,175,23.808865,38.040637
142,176,23.808935,38.041327
142,177,23.809496,38.041137
142,178,23.809076,38.041247
142,179,23.809116,38.042426
142,180,23.809317,38.044788
142,181,23.808506,38.045196
142,182,23.808506,38.045196
142,183,23.807825,38.045417
142,184,23.807815,38.045417
142,185,23.807396,38.045589
142,186,23.807997,38.047927
142,187,23.809986,38.051189
142,188,23.810137,38.051498
142,189,23.810397,38.051986
142,190,23.810866,38.053115
142,191,23.811096,38.053546
142,192,23.811467,38.054305
142,193,23.810386,38.056877
142,194,23.808737,38.058097
142,195,23.809067,38.061198
142,196,23.809527,38.06438
142,197,23.810016,38.066402
142,198,23.810827,38.067481
142,199,23.811117,38.06985
142,200,23.811117,38.07064
142,201,23.811157,38.071528
142,202,23.812406,38.073417
142,203,23.812286,38.074527
142,204,23.812067,38.075427
142,205,23.812496,38.077025
142,206,23.813566,38.078536
142,207,23.814155,38.079715
142,208,23.814386,38.080725
142,209,23.814667,38.081596
142,210,23.815267,38.082645
142,211,23.815857,38.083415
142,212,23.816008,38.083747
142,213,23.816087,38.083927
142,214,23.816168,38.084125
142,215,23.816358,38.084625
142,216,23.816457,38.085086
142,217,23.816467,38.085204
142,218,23.816409,38.086375
142,219,23.816439,38.086505
142,220,23.816538,38.086746
142,221,23.816577,38.086806
142,222,23.816818,38.087165
142,223,23.817148,38.087645
142,224,23.817158,38.087715
142,225,23.817308,38.087955
142,226,23.817718,38.088496
142,227,23.817878,38.088668
142,228,23.818018,38.088828
142,229,23.818138,38.088969
142,230,23.818148,38.089
142,231,23.818298,38.089118
142,232,23.818329,38.089107
142,233,23.818499,38.089198
142,234,23.819048,38.089518
142,235,23.819289,38.08977
142,236,23.820309,38.090869
142,237,23.821449,38.09175
142,238,23.823179,38.094379
142,239,23.824298,38.09782
142,240,23.824379,38.097998
142,241,23.821989,38.09954
142,242,23.819229,38.1007
142,243,23.81856,38.10094
142,244,23.81617,38.102088
142,245,23.817669,38.105609
142,246,23.821338,38.10934
142,247,23.82519,38.11296
142,248,23.8284,38.116168
142,249,23.832301,38.120078
142,250,23.836331,38.12487
142,251,23.838681,38.129679
142,252,23.84059,38.131782
142,253,23.84094,38.131252
142,254,23.840931,38.131252
142,255,23.841082,38.130962
142,256,23.841091,38.130962
142,257,23.841091,38.130912
142,258,23.841091,38.130912
142,259,23.840992,38.130962
142,260,23.841041,38.130931
142,261,23.841091,38.130969
142,262,23.840811,38.131359
142,263,23.840802,38.131359
142,264,23.8402,38.131839
142,265,23.839451,38.131388
142,266,23.838041,38.128539
142,267,23.836232,38.124808
142,268,23.83315,38.121089
142,269,23.830671,38.118751
142,270,23.828972,38.117591
142,271,23.826613,38.115173
142,272,23.824593,38.114024
142,273,23.823652,38.112902
142,274,23.821771,38.110363
142,275,23.817791,38.106513
142,276,23.812352,38.103244
142,277,23.806211,38.100826
142,278,23.799822,38.098335
142,279,23.794151,38.095523
142,280,23.791671,38.092525
142,281,23.789372,38.089553
142,282,23.786152,38.085384
142,283,23.783022,38.081355
142,284,23.780231,38.078365
142,285,23.779432,38.077575
142,286,23.780133,38.077235
142,287,23.780882,38.078067
142,288,23.782781,38.080368
142,289,23.784691,38.082859
142,290,23.786011,38.08456
142,291,23.786671,38.08467
142,292,23.786721,38.084708
142,293,23.78749,38.085117
142,294,23.787299,38.084865
142,295,23.78665,38.084674
142,296,23.78603,38.084502
142,297,23.787069,38.085772
142,298,23.787788,38.086765
142,299,23.787779,38.086765
142,300,23.788039,38.087146
142,301,23.789478,38.089045
142,302,23.790098,38.090037
142,303,23.792697,38.093417
142,304,23.796509,38.096729
142,305,23.801279,38.098598
142,306,23.807399,38.101047
142,307,23.813271,38.103175
142,308,23.814991,38.103816
142,309,23.81484,38.104656
142,310,23.817141,38.106086
142,311,23.82139,38.110114
142,312,23.82419,38.114142
142,313,23.82703,38.115531
142,314,23.829911,38.118602
142,315,23.83157,38.11946
142,316,23.83489,38.122771
142,317,23.83724,38.126941
142,318,23.839411,38.131369
142,319,23.840721,38.131549
142,320,23.840911,38.131228
142,321,23.840931,38.131129
142,322,23.841011,38.13098
142,323,23.841011,38.13098
142,324,23.841122,38.130912
142,325,23.841171,38.13095
142,326,23.841082,38.131011
142,327,23.841063,38.13095
142,328,23.840991,38.131141
142,329,23.840831,38.131332
142,330,23.840662,38.131702
142,331,23.839802,38.131843
142,332,23.838831,38.130054
142,333,23.837301,38.126834
142,334,23.83732,38.126002
142,335,23.83888,38.126193
142,336,23.8412,38.126693
142,337,23.842911,38.127192
142,338,23.844801,38.127044
142,339,23.84778,38.129092
142,340,23.851209,38.129993
142,341,23.854148,38.130664
142,342,23.855839,38.130984
142,343,23.85785,38.131366
142,344,23.858869,38.131564
142,345,23.85895,38.131244
142,346,23.85756,38.129623
142,347,23.856101,38.129524
142,348,23.854521,38.129351
142,349,23.854501,38.129241
142,350,23.854512,38.129241
142,351,23.854441,38.129279
142,352,23.856001,38.129508
142,353,23.857552,38.129657
142,354,23.85864,38.130847
142,355,23.85919,38.131488
142,356,23.85849,38.131549
142,357,23.85573,38.131018
142,358,23.85173,38.130187
142,359,23.847999,38.129248
142,360,23.844509,38.126948
142,361,23.841,38.126739
142,362,23.837099,38.12609
142,363,23.83783,38.127941
142,364,23.8396,38.131629
142,365,23.840759,38.131438
142,366,23.840919,38.131259
142,367,23.84095,38.131118
142,368,23.84108,38.131008
142,369,23.840969,38.131057
142,370,23.840969,38.131026
142,371,23.841019,38.131026
142,372,23.840659,38.131507
142,373,23.840618,38.131495
142,374,23.840608,38.131495
142,375,23.83989,38.131927
142,376,23.838829,38.130206
142,377,23.837308,38.127017
142,378,23.835519,38.123527
142,379,23.83219,38.120078
142,380,23.830281,38.118858
142,381,23.82869,38.117229
142,382,23.826149,38.114707
142,383,23.823448,38.113739
142,384,23.821838,38.110667
142,385,23.818557,38.107486
142,386,23.815197,38.105636
142,387,23.814537,38.105086
142,388,23.814527,38.104335
142,389,23.810827,38.102737
142,390,23.805696,38.100666
142,391,23.799977,38.098445
142,392,23.795567,38.096625
142,393,23.793096,38.094467
142,394,23.791696,38.092646
142,395,23.791296,38.092128
142,396,23.790016,38.091808
142,397,23.787866,38.091555
142,398,23.785397,38.090896
142,399,23.782497,38.091567
142,400,23.779228,38.091449
142,401,23.776527,38.091197
142,402,23.774828,38.092357
142,403,23.774769,38.092376
142,404,23.77401,38.092746
142,405,23.771758,38.092555
142,406,23.769058,38.092197
142,407,23.766159,38.091815
142,408,23.762468,38.091354
142,409,23.7613,38.091193
142,410,23.761159,38.091162
142,411,23.760009,38.090701
142,412,23.75994,38.090682
142,413,23.759519,38.090491
142,414,23.75889,38.090221
142,415,23.75889,38.090209
142,416,23.757971,38.089809
142,417,23.754702,38.088371
142,418,23.750782,38.086638
142,419,23.746902,38.084918
142,420,23.745363,38.084277
142,421,23.745314,38.085536
142,422,23.745153,38.086135
142,423,23.745123,38.086284
142,424,23.745233,38.086135
142,425,23.745233,38.084396
142,426,23.745243,38.084327
142,427,23.745983,38.084468
142,428,23.745983,38.084468
142,429,23.746213,38.084617
142,430,23.750365,38.086417
142,431,23.755194,38.088557
142,432,23.757044,38.089389
142,433,23.758073,38.08985
142,434,23.758073,38.08985
142,435,23.758623,38.090091
142,436,23.762493,38.091342
142,437,23.767973,38.092063
142,438,23.770871,38.092463
142,439,23.773752,38.092784
142,440,23.774113,38.092654
142,441,23.777212,38.091044
142,442,23.782202,38.091655
142,443,23.786852,38.091297
142,444,23.790192,38.091888
142,445,23.791841,38.092968
142,446,23.793882,38.095466
142,447,23.796852,38.097304
142,448,23.801033,38.098895
142,449,23.805452,38.100627
142,450,23.809622,38.102328
142,451,23.813732,38.105167
142,452,23.815583,38.105537
142,453,23.819782,38.108615
142,454,23.823461,38.113055
142,455,23.82652,38.115096
142,456,23.828371,38.116985
142,457,23.830761,38.118804
142,458,23.833022,38.121063
142,459,23.836361,38.125152
142,460,23.838732,38.129833
142,461,23.840632,38.131842
142,462,23.841032,38.131182
142,463,23.840983,38.130961
142,464,23.841031,38.131153
142,465,23.841022,38.131061
142,466,23.841022,38.131061
142,467,23.841142,38.131011
142,468,23.841072,38.13095
142,469,23.840921,38.131358
142,470,23.840492,38.131599
142,471,23.840452,38.13156
142,472,23.840498,38.131579
