144,1,23.841197,38.130774
144,2,23.841246,38.130755
144,3,23.841166,38.130767
144,4,23.840995,38.130878
144,5,23.840995,38.130927
144,6,23.840906,38.131228
144,7,23.840705,38.131518
144,8,23.840705,38.13153
144,9,23.839775,38.131809
144,10,23.838835,38.130008
144,11,23.837385,38.126979
144,12,23.835896,38.123927
144,13,23.832976,38.120757
144,14,23.830176,38.117865
144,15,23.827805,38.115554
144,16,23.825384,38.113136
144,17,23.822294,38.110195
144,18,23.819244,38.107284
144,19,23.817104,38.104224
144,20,23.816084,38.102584
144,21,23.816074,38.102584
144,22,23.816266,38.101604
144,23,23.817866,38.101173
144,24,23.819025,38.100772
144,25,23.820564,38.100222
144,26,23.822724,38.099181
144,27,23.823803,38.09862
144,28,23.824022,38.098503
144,29,23.824173,38.098423
144,30,23.824183,38.098423
144,31,23.824482,38.098181
144,32,23.824041,38.09656
144,33,23.823071,38.094169
144,34,23.82164,38.091868
144,35,23.820579,38.090937
144,36,23.819839,38.090267
144,37,23.818539,38.089198
144,38,23.817639,38.088317
144,39,23.817539,38.088169
144,40,23.81748,38.08802
144,41,23.81847,38.086979
144,42,23.818649,38.084228
144,43,23.819608,38.080756
144,44,23.820608,38.077655
144,45,23.821018,38.076374
144,46,23.821108,38.075523
144,47,23.821099,38.075103
144,48,23.820738,38.071952
144,49,23.820997,38.068851
144,50,23.820898,38.066822
144,51,23.822317,38.066703
144,52,23.824997,38.066504
144,53,23.826486,38.065753
144,54,23.827476,38.064285
144,55,23.830806,38.063113
144,56,23.832466,38.062282
144,57,23.833056,38.061961
144,58,23.834206,38.0614
144,59,23.835045,38.061
144,60,23.835834,38.060809
144,61,23.836195,38.06066
144,62,23.835946,38.059852
144,63,23.835855,38.059562
144,64,23.836207,38.058784
144,65,23.837807,38.058555
144,66,23.838336,38.056556
144,67,23.838577,38.055286
144,68,23.838597,38.055274
144,69,23.839066,38.053935
144,70,23.838866,38.052257
144,71,23.838946,38.051547
144,72,23.839676,38.049598
144,73,23.839756,38.048488
144,74,23.839775,38.048236
144,75,23.839825,38.047755
144,76,23.839615,38.047287
144,77,23.839615,38.047256
144,78,23.839364,38.046726
144,79,23.839834,38.046867
144,80,23.840894,38.046615
144,81,23.841974,38.047035
144,82,23.843254,38.047126
144,83,23.843825,38.046916
144,84,23.844605,38.046615
144,85,23.844835,38.046733
144,86,23.844916,38.046764
144,87,23.844546,38.046695
144,88,23.843645,38.046974
144,89,23.842334,38.047294
144,90,23.840414,38.046585
144,91,23.839844,38.047275
144,92,23.839893,38.047843
144,93,23.839884,38.048404
144,94,23.839853,38.048835
144,95,23.839844,38.049034
144,96,23.839834,38.049293
144,97,23.839764,38.049693
144,98,23.839723,38.049972
144,99,23.839653,38.050582
144,100,23.839653,38.050593
144,101,23.839564,38.051002
144,102,23.839444,38.0512
144,103,23.839132,38.051452
144,104,23.839352,38.052081
144,105,23.841723,38.05355
144,106,23.842163,38.054519
144,107,23.839452,38.056129
144,108,23.838323,38.057949
144,109,23.837463,38.058849
144,110,23.835743,38.05873
144,111,23.835934,38.059402
144,112,23.836103,38.059871
144,113,23.836344,38.060512
144,114,23.836704,38.061881
144,115,23.838564,38.064662
144,116,23.840814,38.065544
144,117,23.841224,38.066772
144,118,23.842004,38.068301
144,119,23.837795,38.069553
144,120,23.835445,38.070213
144,121,23.833564,38.070442
144,122,23.830734,38.070602
144,123,23.826824,38.07088
144,124,23.824295,38.071109
144,125,23.821954,38.07125
144,126,23.820944,38.071762
144,127,23.821265,38.074912
144,128,23.820965,38.076854
144,129,23.820705,38.077632
144,130,23.820456,38.078322
144,131,23.819296,38.082072
144,132,23.818856,38.085902
144,133,23.819835,38.087203
144,134,23.820795,38.088313
144,135,23.821415,38.088882
144,136,23.822454,38.08982
144,137,23.822674,38.09096
144,138,23.821783,38.091891
144,139,23.823343,38.094482
144,140,23.824053,38.09653
144,141,23.824423,38.097899
144,142,23.822104,38.099391
144,143,23.818943,38.100723
144,144,23.816603,38.101394
144,145,23.816372,38.102462
144,146,23.817242,38.104491
144,147,23.820162,38.108111
144,148,23.823801,38.111571
144,149,23.827511,38.11523
144,150,23.831291,38.118861
144,151,23.834981,38.122653
144,152,23.836742,38.125633
144,153,23.838322,38.128981
144,154,23.840292,38.131843
144,155,23.841002,38.131072
144,156,23.840931,38.130771
144,157,23.840911,38.130782
144,158,23.840871,38.130843
144,159,23.840952,38.130775
144,160,23.841143,38.130805
144,161,23.841083,38.130854
144,162,23.840984,38.130855
144,163,23.841154,38.130854
144,164,23.841145,38.130904
144,165,23.841024,38.130905
144,166,23.841015,38.131004
144,167,23.841055,38.130973
144,168,23.840956,38.131163
144,169,23.840416,38.131823
144,170,23.840196,38.132815
144,171,23.841627,38.135707
144,172,23.843677,38.138126
144,173,23.845407,38.139273
144,174,23.845417,38.139304
144,175,23.843657,38.139713
144,176,23.841127,38.140712
144,177,23.837927,38.140811
144,178,23.835857,38.141132
144,179,23.834087,38.140392
144,180,23.832077,38.13964
144,181,23.830338,38.140109
144,182,23.830017,38.139991
144,183,23.828698,38.13972
144,184,23.826667,38.139232
144,185,23.826397,38.139072
144,186,23.825897,38.139133
144,187,23.827898,38.139682
144,188,23.830588,38.140022
144,189,23.833168,38.139602
144,190,23.835758,38.141013
144,191,23.837859,38.140761
144,192,23.842008,38.14051
144,193,23.844889,38.139468
144,194,23.843298,38.13824
144,195,23.841158,38.134929
144,196,23.840038,38.131957
144,197,23.840448,38.131866
144,198,23.840408,38.131766
144,199,23.840349,38.131618
144,200,23.840358,38.131618
144,201,23.840288,38.131618
144,202,23.840288,38.131599
144,203,23.840639,38.13166
144,204,23.840879,38.130931
144,205,23.840879,38.130931
144,206,23.840879,38.13092
144,207,23.84099,38.13095
144,208,23.841021,38.130881
144,209,23.840922,38.13119
144,210,23.840902,38.131171
144,211,23.840872,38.13116
144,212,23.841042,38.131042
144,213,23.841082,38.130981
144,214,23.840951,38.131171
144,215,23.840662,38.131523
144,216,23.840662,38.131511
144,217,23.840042,38.13187
144,218,23.839032,38.130488
144,219,23.83739,38.127078
144,220,23.835401,38.123248
144,221,23.832072,38.11988
144,222,23.829081,38.11689
144,223,23.82657,38.114398
144,224,23.823891,38.11177
144,225,23.82101,38.109062
144,226,23.81805,38.106224
144,227,23.816801,38.103633
144,228,23.81649,38.102912
144,229,23.81649,38.102912
144,230,23.81599,38.102623
144,231,23.815951,38.102611
144,232,23.815951,38.102611
144,233,23.813989,38.101989
144,234,23.81183,38.100139
144,235,23.810591,38.0988
144,236,23.81014,38.09732
144,237,23.810021,38.096912
144,238,23.80953,38.095362
144,239,23.8092,38.093642
144,240,23.808959,38.092712
144,241,23.8088,38.09191
144,242,23.80893,38.091052
144,243,23.8092,38.089591
144,244,23.8094,38.088191
144,245,23.80944,38.088001
144,246,23.81002,38.087871
144,247,23.81254,38.088332
144,248,23.81437,38.088634
144,249,23.816198,38.088504
144,250,23.816429,38.088412
144,251,23.816769,38.088264
144,252,23.817099,38.088123
144,253,23.817139,38.088092
144,254,23.816719,38.087203
144,255,23.816339,38.086284
144,256,23.816289,38.084823
144,257,23.815429,38.083042
144,258,23.814569,38.08145
144,259,23.814449,38.080989
144,260,23.814039,38.079627
144,261,23.813309,38.078407
144,262,23.812078,38.076305
144,263,23.812059,38.075843
144,264,23.812118,38.075423
144,265,23.812389,38.074275
144,266,23.812309,38.073455
144,267,23.811079,38.071593
144,268,23.81102,38.068744
144,269,23.80974,38.066196
144,270,23.80923,38.063568
144,271,23.80875,38.060306
144,272,23.808621,38.059406
144,273,23.80913,38.057425
144,274,23.811899,38.055686
144,275,23.810838,38.053176
144,276,23.809389,38.050445
144,277,23.80781,38.047873
144,278,23.80689,38.045794
144,279,23.806381,38.045386
144,280,23.806331,38.045466
144,281,23.806261,38.045375
144,282,23.805381,38.044727
144,283,23.804173,38.043315
144,284,23.803132,38.042766
144,285,23.804324,38.042254
144,286,23.805042,38.043876
144,287,23.804983,38.044257
144,288,23.805103,38.044307
144,289,23.805532,38.044715
144,290,23.806292,38.045307
144,291,23.807481,38.046707
144,292,23.808822,38.049995
144,293,23.810552,38.052604
144,294,23.810893,38.053275
144,295,23.810941,38.053313
144,296,23.811212,38.053881
144,297,23.811952,38.055751
144,298,23.808623,38.058311
144,299,23.809192,38.062392
144,300,23.809912,38.066211
144,301,23.810671,38.067302
144,302,23.81108,38.068473
144,303,23.81109,38.069033
144,304,23.811091,38.069804
144,305,23.81112,38.070144
144,306,23.811161,38.071106
144,307,23.81117,38.071166
144,308,23.811322,38.071757
144,309,23.811851,38.072437
144,310,23.812332,38.073097
144,311,23.812461,38.073646
144,312,23.812432,38.074076
144,313,23.812171,38.075145
144,314,23.812992,38.077746
144,315,23.814003,38.079277
144,316,23.814354,38.080375
144,317,23.814604,38.081256
144,318,23.816013,38.083655
144,319,23.816463,38.085167
144,320,23.816383,38.086097
144,321,23.816583,38.086799
144,322,23.816784,38.0871
144,323,23.817164,38.087631
144,324,23.817783,38.088489
144,325,23.818502,38.089118
144,326,23.819023,38.089359
144,327,23.819403,38.089789
144,328,23.820463,38.090759
144,329,23.821774,38.092029
144,330,23.823454,38.09468
144,331,23.824203,38.097171
144,332,23.824394,38.0978
144,333,23.824425,38.097839
144,334,23.824234,38.09838
144,335,23.820974,38.10002
144,336,23.818193,38.101039
144,337,23.817854,38.1012
144,338,23.817024,38.101421
144,339,23.816974,38.101421
144,340,23.816354,38.101611
144,341,23.816595,38.10292
144,342,23.817816,38.105709
144,343,23.821485,38.109366
144,344,23.825226,38.112918
144,345,23.828226,38.115917
144,346,23.831726,38.119346
144,347,23.835765,38.123614
144,348,23.837826,38.127852
144,349,23.839695,38.131694
144,350,23.840534,38.131743
144,351,23.840534,38.131743
144,352,23.840504,38.131743
144,353,23.840424,38.131553
144,354,23.840344,38.131541
144,355,23.840673,38.13153
144,356,23.840693,38.131499
144,357,23.841122,38.13108
144,358,23.840983,38.130908
144,359,23.840982,38.130847
144,360,23.840924,38.130786
144,361,23.840953,38.130775
144,362,23.840914,38.130775
144,363,23.840914,38.130775
144,364,23.840763,38.131156
144,365,23.840492,38.131457
144,366,23.840292,38.131655
