146,1,23.840799,38.131309
146,2,23.840818,38.13127
146,3,23.840889,38.131179
146,4,23.840908,38.131149
146,5,23.840938,38.130988
146,6,23.840938,38.13097
146,7,23.841018,38.130939
146,8,23.841069,38.130878
146,9,23.841098,38.130878
146,10,23.841179,38.130897
146,11,23.840819,38.131328
146,12,23.840439,38.131717
146,13,23.839519,38.131279
146,14,23.83802,38.12828
146,15,23.836049,38.124148
146,16,23.832359,38.12012
146,17,23.830029,38.11882
146,18,23.828369,38.116958
146,19,23.825819,38.114417
146,20,23.824349,38.114028
146,21,23.823809,38.11325
146,22,23.823799,38.11325
146,23,23.823769,38.113169
146,24,23.823049,38.11161
146,25,23.820019,38.108668
146,26,23.816078,38.10501
146,27,23.810968,38.102698
146,28,23.805309,38.100448
146,29,23.79924,38.09811
146,30,23.793729,38.095088
146,31,23.791229,38.091907
146,32,23.788779,38.088748
146,33,23.785568,38.084579
146,34,23.782318,38.080428
146,35,23.779638,38.077826
146,36,23.779928,38.077166
146,37,23.781138,38.078277
146,38,23.782827,38.080348
146,39,23.784397,38.082427
146,40,23.785846,38.084288
146,41,23.786158,38.08453
146,42,23.786367,38.084659
146,43,23.786756,38.08506
146,44,23.786725,38.085048
146,45,23.786097,38.084388
146,46,23.786447,38.084968
146,47,23.787357,38.086227
146,48,23.787588,38.087268
146,49,23.789118,38.089446
146,50,23.790777,38.091915
146,51,23.792177,38.093284
146,52,23.794348,38.095763
146,53,23.797437,38.097415
146,54,23.802048,38.099185
146,55,23.806658,38.101055
146,56,23.810077,38.102416
146,57,23.813818,38.105117
146,58,23.815348,38.105476
146,59,23.819387,38.108126
146,60,23.823538,38.112388
146,61,23.826038,38.114498
146,62,23.828628,38.117099
146,63,23.830848,38.118659
146,64,23.8326,38.120467
146,65,23.836019,38.124278
146,66,23.838329,38.12915
146,67,23.840349,38.131889
146,68,23.840599,38.13148
146,69,23.840609,38.131469
146,70,23.840799,38.131351
146,71,23.841099,38.130969
146,72,23.841099,38.130958
146,73,23.841,38.130989
146,74,23.841071,38.130977
146,75,23.84079,38.131507
146,76,23.840629,38.131839
146,77,23.840019,38.132239
146,78,23.840959,38.134059
146,79,23.8424,38.136939
146,80,23.844879,38.13824
146,81,23.845449,38.139
146,82,23.845459,38.139099
146,83,23.846809,38.139388
146,84,23.850189,38.139437
146,85,23.853429,38.1394
146,86,23.85516,38.137802
146,87,23.8565,38.136321
146,88,23.85829,38.13433
146,89,23.85956,38.132499
146,90,23.857759,38.129718
146,91,23.856329,38.125468
146,92,23.857979,38.122497
146,93,23.858379,38.120868
146,94,23.857429,38.1194
146,95,23.85408,38.116428
146,96,23.850611,38.114577
146,97,23.851801,38.113777
146,98,23.853941,38.112125
146,99,23.85728,38.110694
146,100,23.86022,38.108924
146,101,23.86318,38.107314
146,102,23.86652,38.105876
146,103,23.86989,38.104877
146,104,23.872949,38.103897
146,105,23.875148,38.102607
146,106,23.87769,38.102607
146,107,23.880168,38.102367
146,108,23.882629,38.101966
146,109,23.884749,38.101077
146,110,23.886857,38.099696
146,111,23.887789,38.098335
146,112,23.886689,38.097484
146,113,23.885547,38.096583
146,114,23.884379,38.095672
146,115,23.885208,38.094771
146,116,23.886609,38.094001
146,117,23.886818,38.094031
146,118,23.886948,38.09378
146,119,23.886177,38.09418
146,120,23.884318,38.095309
146,121,23.886187,38.096888
146,122,23.888077,38.09832
146,123,23.885637,38.100608
146,124,23.880747,38.10226
146,125,23.875878,38.102259
146,126,23.871557,38.10435
146,127,23.866256,38.105899
146,128,23.862687,38.107497
146,129,23.859437,38.109447
146,130,23.855637,38.111155
146,131,23.852537,38.113227
146,132,23.850536,38.114337
146,133,23.850536,38.114348
146,134,23.849207,38.114287
146,135,23.845066,38.112368
146,136,23.841776,38.110747
146,137,23.840136,38.112277
146,138,23.838486,38.114067
146,139,23.836416,38.116256
146,140,23.834326,38.118305
146,141,23.831427,38.118446
146,142,23.829317,38.116927
146,143,23.831507,38.119029
146,144,23.835676,38.123458
146,145,23.837567,38.127238
146,146,23.839416,38.13108
146,147,23.840717,38.131419
146,148,23.840686,38.131431
146,149,23.840817,38.131202
146,150,23.840826,38.131171
146,151,23.841086,38.1309
146,152,23.840986,38.1309
146,153,23.840916,38.1309
146,154,23.840856,38.130931
146,155,23.840896,38.130931
146,156,23.840897,38.131171
146,157,23.840637,38.131511
146,158,23.840637,38.131523
146,159,23.840147,38.131862
146,160,23.840167,38.132712
146,161,23.841415,38.135162
146,162,23.842966,38.137851
146,163,23.845455,38.139312
146,164,23.847006,38.139422
146,165,23.850586,38.139491
146,166,23.854036,38.139029
146,167,23.855815,38.13705
146,168,23.856837,38.135921
146,169,23.857847,38.13483
146,170,23.859118,38.133418
146,171,23.859376,38.133109
146,172,23.859537,38.13272
146,173,23.859417,38.131912
146,174,23.859357,38.131751
146,175,23.857659,38.12968
146,176,23.856397,38.126121
146,177,23.856358,38.12411
146,178,23.858328,38.122222
146,179,23.858327,38.120902
146,180,23.857338,38.11941
146,181,23.853677,38.116302
146,182,23.850526,38.11465
146,183,23.850656,38.1142
146,184,23.852525,38.113319
146,185,23.855005,38.111518
146,186,23.858466,38.110167
146,187,23.861126,38.108348
146,188,23.863775,38.106857
146,189,23.866825,38.105709
146,190,23.870316,38.104667
146,191,23.872535,38.103927
146,192,23.874685,38.102836
146,193,23.877305,38.102546
146,194,23.880806,38.102187
146,195,23.884065,38.101398
146,196,23.886436,38.099978
146,197,23.887957,38.098357
146,198,23.887198,38.097876
146,199,23.886007,38.096946
146,200,23.884879,38.096076
146,201,23.884528,38.095245
146,202,23.886168,38.094245
146,203,23.886876,38.094046
146,204,23.886927,38.093757
146,205,23.885296,38.094607
146,206,23.884226,38.095336
146,207,23.886906,38.097346
146,208,23.887625,38.098998
146,209,23.883875,38.101447
146,210,23.878684,38.102447
146,211,23.873775,38.103446
146,212,23.868296,38.105307
146,213,23.865727,38.106048
146,214,23.862276,38.107619
146,215,23.860656,38.108638
146,216,23.860627,38.108676
146,217,23.860366,38.108794
146,218,23.856306,38.110923
146,219,23.852177,38.113464
146,220,23.850256,38.114433
146,221,23.846645,38.113384
146,222,23.842565,38.110732
146,223,23.840456,38.111823
146,224,23.838745,38.113624
146,225,23.836574,38.116004
146,226,23.834244,38.118235
146,227,23.831163,38.118225
146,228,23.829304,38.116966
146,229,23.832533,38.120246
146,230,23.836773,38.125606
146,231,23.839113,38.130625
146,232,23.840692,38.131446
146,233,23.840923,38.131095
146,234,23.840982,38.131134
146,235,23.841122,38.130962
146,236,23.841112,38.130924
146,237,23.840992,38.130962
146,238,23.840992,38.130973
146,239,23.840882,38.131233
146,240,23.840791,38.131404
146,241,23.840532,38.131835
146,242,23.840113,38.132594
146,243,23.841383,38.135104
146,244,23.842974,38.137893
146,245,23.845413,38.139174
146,246,23.845432,38.139255
146,247,23.845432,38.139255
146,248,23.845442,38.139705
146,249,23.844482,38.140735
146,250,23.845503,38.142123
146,251,23.846353,38.143183
146,252,23.846403,38.143233
146,253,23.846422,38.143012
146,254,23.846222,38.143031
146,255,23.844822,38.14144
146,256,23.845371,38.139601
146,257,23.845371,38.139601
146,258,23.845331,38.138942
146,259,23.842081,38.136672
146,260,23.839911,38.132354
146,261,23.840619,38.131683
146,262,23.84062,38.131484
146,263,23.840629,38.131484
146,264,23.84066,38.131255
146,265,23.84084,38.131156
146,266,23.840858,38.131045
146,267,23.840948,38.131045
146,268,23.840917,38.131255
146,269,23.840618,38.131614
146,270,23.840559,38.131603
146,271,23.840577,38.131603
146,272,23.840837,38.131313
146,273,23.841108,38.130943
146,274,23.841117,38.130943
146,275,23.840938,38.130973
146,276,23.841078,38.130862
146,277,23.841177,38.130992
146,278,23.840807,38.131431
146,279,23.840748,38.131511
146,280,23.840418,38.131843
146,281,23.840288,38.132834
146,282,23.841589,38.135455
146,283,23.84339,38.138084
146,284,23.84547,38.139133
146,285,23.84547,38.139144
146,286,23.8454,38.139835
146,287,23.84457,38.140895
146,288,23.845819,38.142524
146,289,23.846449,38.143226
146,290,23.846449,38.143226
146,291,23.846288,38.143055
146,292,23.846488,38.142775
146,293,23.84627,38.142997
146,294,23.84627,38.143027
146,295,23.845141,38.141745
146,296,23.8454,38.139586
146,297,23.845381,38.139266
146,298,23.842251,38.136977
146,299,23.839861,38.132235
146,300,23.840751,38.131465
146,301,23.840952,38.130866
146,302,23.840961,38.130866
146,303,23.840921,38.130866
146,304,23.840902,38.130836
146,305,23.840853,38.130886
146,306,23.840924,38.130835
146,307,23.841003,38.130916
146,308,23.840673,38.131526
146,309,23.840474,38.131594
146,310,23.840463,38.131606
146,311,23.840454,38.131637
146,312,23.840315,38.131686
