147,1,23.810795,38.097464
147,2,23.810474,38.097953
147,3,23.811964,38.100093
147,4,23.814964,38.102153
147,5,23.815473,38.102295
147,6,23.816303,38.102573
147,7,23.817653,38.105452
147,8,23.820604,38.108554
147,9,23.824005,38.111755
147,10,23.827176,38.114887
147,11,23.830086,38.117717
147,12,23.833546,38.121295
147,13,23.836425,38.124976
147,14,23.838406,38.129065
147,15,23.840385,38.131816
147,16,23.840956,38.131168
147,17,23.840974,38.131168
147,18,23.841065,38.131057
147,19,23.840944,38.131095
147,20,23.841114,38.130874
147,21,23.841083,38.130835
147,22,23.840893,38.130824
147,23,23.841123,38.130805
147,24,23.841083,38.130854
147,25,23.841003,38.130924
147,26,23.841023,38.130935
147,27,23.841112,38.130935
147,28,23.840882,38.131286
147,29,23.840862,38.131274
147,30,23.840602,38.131625
147,31,23.839693,38.131736
147,32,23.838873,38.130126
147,33,23.836924,38.126044
147,34,23.834173,38.121994
147,35,23.830963,38.118762
147,36,23.829293,38.117912
147,37,23.827233,38.115771
147,38,23.824672,38.114082
147,39,23.823633,38.113051
147,40,23.822263,38.11082
147,41,23.818634,38.107311
147,42,23.813943,38.10385
147,43,23.808473,38.101722
147,44,23.803164,38.099582
147,45,23.797783,38.097522
147,46,23.793613,38.094993
147,47,23.793003,38.094264
147,48,23.792163,38.093184
147,49,23.791233,38.091983
147,50,23.789472,38.091384
147,51,23.786993,38.091365
147,52,23.786392,38.090984
147,53,23.785772,38.090854
147,54,23.785611,38.090843
147,55,23.785012,38.090831
147,56,23.784391,38.090831
147,57,23.783842,38.09088
147,58,23.783272,38.09111
147,59,23.782472,38.091518
147,60,23.781742,38.091739
147,61,23.781211,38.091739
147,62,23.780472,38.091628
147,63,23.779581,38.09148
147,64,23.77851,38.09117
147,65,23.777391,38.091011
147,66,23.776473,38.09119
147,67,23.776031,38.09146
147,68,23.775831,38.09162
147,69,23.77482,38.092322
147,70,23.774811,38.092311
147,71,23.773941,38.092712
147,72,23.771341,38.092422
147,73,23.768982,38.09212
147,74,23.767612,38.09206
147,75,23.768683,38.09299
147,76,23.770542,38.094501
147,77,23.771233,38.095809
147,78,23.768473,38.09666
147,79,23.764943,38.097758
147,80,23.762481,38.098518
147,81,23.759422,38.099448
147,82,23.756672,38.10017
147,83,23.756182,38.100421
147,84,23.757202,38.10186
147,85,23.758793,38.104301
147,86,23.760603,38.107009
147,87,23.760794,38.109901
147,88,23.761034,38.112052
147,89,23.762323,38.112132
147,90,23.763413,38.112464
147,91,23.764803,38.113284
147,92,23.764893,38.113346
147,93,23.765003,38.113475
147,94,23.764543,38.113155
147,95,23.763202,38.112273
147,96,23.764113,38.111843
147,97,23.764753,38.111972
147,98,23.764913,38.111983
147,99,23.765194,38.112334
147,100,23.765234,38.112926
147,101,23.765234,38.112895
147,102,23.765003,38.112796
147,103,23.765283,38.112914
147,104,23.765224,38.112365
147,105,23.764925,38.111694
147,106,23.763885,38.111663
147,107,23.763047,38.112415
147,108,23.761257,38.112124
147,109,23.760868,38.110023
147,110,23.760119,38.106052
147,111,23.757929,38.10292
147,112,23.756128,38.100379
147,113,23.758188,38.09988
147,114,23.761968,38.098731
147,115,23.763828,38.098151
147,116,23.767017,38.097151
147,117,23.769558,38.097053
147,118,23.771448,38.099494
147,119,23.773828,38.100043
147,120,23.776138,38.100573
147,121,23.778708,38.100295
147,122,23.779538,38.100406
147,123,23.783536,38.102337
147,124,23.787327,38.104957
147,125,23.789196,38.105388
147,126,23.791996,38.106646
147,127,23.794287,38.106467
147,128,23.798927,38.106086
147,129,23.802547,38.106944
147,130,23.805288,38.106944
147,131,23.806768,38.105884
147,132,23.807909,38.106265
147,133,23.810089,38.107566
147,134,23.811159,38.106227
147,135,23.814289,38.105499
147,136,23.815639,38.105438
147,137,23.819479,38.108299
147,138,23.823439,38.112357
147,139,23.826108,38.114657
147,140,23.829418,38.11808
147,141,23.830627,38.118659
147,142,23.830828,38.118629
147,143,23.833258,38.121158
147,144,23.836628,38.125579
147,145,23.838959,38.13042
147,146,23.840549,38.13164
147,147,23.840649,38.13132
147,148,23.840658,38.131331
147,149,23.840889,38.131214
147,150,23.840908,38.131214
147,151,23.841018,38.131004
147,152,23.841118,38.130893
147,153,23.841028,38.130954
147,154,23.840979,38.131144
147,155,23.840618,38.131633
147,156,23.839937,38.131904
147,157,23.839576,38.131763
147,158,23.838606,38.129874
147,159,23.837246,38.127006
147,160,23.837286,38.126106
147,161,23.839207,38.126407
147,162,23.840046,38.126667
147,163,23.840475,38.126697
147,164,23.842155,38.127017
147,165,23.844245,38.126979
147,166,23.846676,38.12844
147,167,23.848706,38.129581
147,168,23.851675,38.13013
147,169,23.854534,38.13074
147,170,23.857513,38.131301
147,171,23.859264,38.131553
147,172,23.857923,38.129962
147,173,23.856542,38.126564
147,174,23.856823,38.123355
147,175,23.858393,38.121135
147,176,23.856323,38.118625
147,177,23.853264,38.115874
147,178,23.850603,38.114535
147,179,23.850453,38.114337
147,180,23.851992,38.113597
147,181,23.853953,38.112079
147,182,23.857273,38.110667
147,183,23.859913,38.109077
147,184,23.861914,38.107898
147,185,23.864294,38.106669
147,186,23.866534,38.105819
147,187,23.868124,38.105338
147,188,23.868143,38.10535
147,189,23.868483,38.105258
147,190,23.867132,38.10564
147,191,23.865353,38.106441
147,192,23.865704,38.10789
147,193,23.865793,38.10834
147,194,23.866114,38.108241
147,195,23.866253,38.108272
147,196,23.865842,38.108333
147,197,23.865312,38.106422
147,198,23.863543,38.107132
147,199,23.859263,38.10974
147,200,23.854283,38.111869
147,201,23.850702,38.114101
147,202,23.852633,38.11544
147,203,23.857092,38.119018
147,204,23.858023,38.122429
147,205,23.856443,38.125819
147,206,23.857914,38.129798
147,207,23.859104,38.131579
147,208,23.858015,38.131401
147,209,23.854086,38.130641
147,210,23.850235,38.12979
147,211,23.847115,38.128619
147,212,23.844324,38.126979
147,213,23.840833,38.126678
147,214,23.837935,38.126007
147,215,23.837204,38.126258
147,216,23.838323,38.128817
147,217,23.840075,38.131877
147,218,23.840914,38.131308
147,219,23.840914,38.131278
147,220,23.841003,38.131179
147,221,23.841003,38.131179
147,222,23.841133,38.130938
147,223,23.841063,38.130939
147,224,23.841022,38.131069
147,225,23.840883,38.131229
147,226,23.840343,38.131828
147,227,23.839514,38.131507
147,228,23.838184,38.128818
147,229,23.836294,38.124827
147,230,23.833695,38.121539
147,231,23.830354,38.118117
147,232,23.827484,38.115306
147,233,23.824425,38.112308
147,234,23.821236,38.109298
147,235,23.818226,38.106418
147,236,23.816606,38.103187
147,237,23.816557,38.103076
147,238,23.816437,38.102836
147,239,23.816347,38.102756
147,240,23.816347,38.102756
147,241,23.816047,38.102626
147,242,23.816038,38.102615
147,243,23.816269,38.101573
147,244,23.81831,38.101032
147,245,23.81886,38.100082
147,246,23.818218,38.098139
147,247,23.817618,38.09637
147,248,23.817707,38.096229
147,249,23.818527,38.096019
147,250,23.818798,38.095928
147,251,23.818798,38.095928
147,252,23.818897,38.095927
147,253,23.819197,38.09589
147,254,23.819086,38.095927
147,255,23.818657,38.096057
147,256,23.817676,38.096286
147,257,23.818006,38.097377
147,258,23.818555,38.099029
147,259,23.818945,38.100238
147,260,23.818674,38.100799
147,261,23.816195,38.10208
147,262,23.816875,38.10369
147,263,23.817625,38.105472
147,264,23.821255,38.109203
147,265,23.825424,38.113162
147,266,23.829024,38.116794
147,267,23.832773,38.120563
147,268,23.836593,38.125354
147,269,23.838903,38.130244
147,270,23.840614,38.131584
147,271,23.840945,38.131202
147,272,23.840945,38.131134
147,273,23.841044,38.130813
147,274,23.841043,38.130924
147,275,23.840713,38.131523
147,276,23.839874,38.131873
147,277,23.838915,38.130221
147,278,23.837145,38.126453
147,279,23.834964,38.122763
147,280,23.831384,38.119083
147,281,23.829754,38.118232
147,282,23.828014,38.116351
147,283,23.825205,38.114032
147,284,23.823666,38.113353
147,285,23.822756,38.111182
147,286,23.819406,38.107944
147,287,23.815157,38.104324
147,288,23.809656,38.102146
147,289,23.804226,38.099975
147,290,23.799036,38.097984
147,291,23.794216,38.095515
147,292,23.791435,38.092147
147,293,23.791306,38.092006
147,294,23.790836,38.092006
147,295,23.788706,38.091334
147,296,23.786486,38.091045
147,297,23.782705,38.091395
147,298,23.779254,38.091395
147,299,23.777186,38.090988
147,300,23.775495,38.091887
147,301,23.775366,38.091979
147,302,23.774835,38.0923
147,303,23.772645,38.09262
147,304,23.770327,38.092299
147,305,23.768047,38.091998
147,306,23.767587,38.092029
147,307,23.768149,38.092639
147,308,23.770458,38.094428
147,309,23.771068,38.095859
147,310,23.768219,38.096728
147,311,23.76508,38.097709
147,312,23.76289,38.0984
147,313,23.760291,38.09914
147,314,23.75712,38.100089
147,315,23.75643,38.10065
147,316,23.757639,38.102561
147,317,23.759488,38.10517
147,318,23.760689,38.107799
147,319,23.760839,38.110389
147,320,23.76112,38.11206
147,321,23.762929,38.112331
147,322,23.76382,38.111602
147,323,23.764651,38.111583
147,324,23.7651,38.111983
147,325,23.765211,38.112674
147,326,23.765411,38.112914
147,327,23.765402,38.112926
147,328,23.765313,38.113307
147,329,23.766182,38.113307
147,330,23.766641,38.113739
147,331,23.765982,38.114089
147,332,23.764681,38.113219
147,333,23.764851,38.113208
147,334,23.76482,38.113246
147,335,23.76328,38.112395
147,336,23.762041,38.112124
147,337,23.760941,38.111766
147,338,23.760691,38.107905
147,339,23.759041,38.104637
147,340,23.757222,38.101848
147,341,23.757061,38.100146
147,342,23.760641,38.099066
147,343,23.7632,38.098338
147,344,23.76552,38.097598
147,345,23.76931,38.096507
147,346,23.770399,38.098327
147,347,23.772458,38.100337
147,348,23.774599,38.100478
147,349,23.776679,38.100749
147,350,23.77915,38.100078
147,351,23.78171,38.101298
147,352,23.786539,38.104309
147,353,23.78917,38.105456
147,354,23.7908,38.106056
147,355,23.79406,38.106494
147,356,23.79875,38.106113
147,357,23.802709,38.107024
147,358,23.80443,38.106883
147,359,23.80602,38.105754
147,360,23.80744,38.107326
147,361,23.80922,38.107516
147,362,23.809729,38.106036
147,363,23.813247,38.106678
147,364,23.814138,38.105819
147,365,23.814157,38.105807
147,366,23.814268,38.10569
147,367,23.816649,38.10575
147,368,23.820198,38.108932
147,369,23.823537,38.112651
147,370,23.826458,38.114962
147,371,23.829838,38.118514
147,372,23.831538,38.119426
147,373,23.834737,38.122634
147,374,23.837417,38.127315
147,375,23.839616,38.131774
147,376,23.840637,38.131484
147,377,23.840686,38.131446
147,378,23.840877,38.131156
147,379,23.840877,38.131125
147,380,23.841077,38.130984
147,381,23.841077,38.131015
147,382,23.841059,38.131015
147,383,23.840839,38.131423
147,384,23.840599,38.131805
147,385,23.840019,38.132266
147,386,23.841079,38.134314
147,387,23.84256,38.137275
147,388,23.84535,38.138595
147,389,23.845461,38.139193
147,390,23.84547,38.139205
147,391,23.84519,38.139983
147,392,23.84473,38.141132
147,393,23.846451,38.143211
147,394,23.848391,38.145141
147,395,23.84975,38.143702
147,396,23.849651,38.142734
147,397,23.84897,38.142031
147,398,23.849261,38.141513
147,399,23.84922,38.141475
147,400,23.84909,38.141334
147,401,23.849402,38.141162
147,402,23.849091,38.141421
147,403,23.849201,38.14154
147,404,23.849251,38.141769
147,405,23.848871,38.142287
147,406,23.849062,38.142368
147,407,23.850282,38.143096
147,408,23.849042,38.144515
147,409,23.848174,38.145206
147,410,23.846832,38.143745
147,411,23.844473,38.140612
147,412,23.845392,38.139613
147,413,23.845392,38.139601
147,414,23.845401,38.139381
147,415,23.842982,38.137962
147,416,23.841011,38.134384
147,417,23.840172,38.131904
147,418,23.840862,38.131373
147,419,23.840902,38.131335
147,420,23.840902,38.131335
147,421,23.840933,38.131267
147,422,23.841133,38.130988
147,423,23.841123,38.130897
147,424,23.841083,38.131057
147,425,23.840914,38.131255
147,426,23.840423,38.131816
147,427,23.840214,38.132617
147,428,23.841354,38.134849
147,429,23.842655,38.13737
147,430,23.845356,38.138598
147,431,23.845456,38.139068
147,432,23.845465,38.139079
147,433,23.845505,38.139411
147,434,23.842825,38.140251
147,435,23.839565,38.140658
147,436,23.837765,38.140776
147,437,23.835955,38.140895
147,438,23.834435,38.140434
147,439,23.832714,38.139415
147,440,23.830954,38.140006
147,441,23.828983,38.139655
147,442,23.825924,38.139064
147,443,23.823574,38.138362
147,444,23.823435,38.138244
147,445,23.823435,38.138095
147,446,23.823274,38.138057
147,447,23.823454,38.137527
147,448,23.823524,38.137465
147,449,23.823243,38.138034
147,450,23.825144,38.138843
147,451,23.828674,38.139632
147,452,23.831693,38.139552
147,453,23.834443,38.140651
147,454,23.836563,38.141113
147,455,23.840833,38.140521
147,456,23.844423,38.139423
147,457,23.843192,38.138121
147,458,23.840624,38.133773
147,459,23.840553,38.131774
147,460,23.840683,38.131335
147,461,23.840732,38.131366
147,462,23.841043,38.131076
147,463,23.841143,38.130885
147,464,23.841103,38.130935
147,465,23.841022,38.131114
147,466,23.840612,38.131793
147,467,23.839524,38.131404
147,468,23.837904,38.128116
147,469,23.835693,38.123657
147,470,23.832425,38.120246
147,471,23.830234,38.118747
147,472,23.828775,38.117205
147,473,23.826266,38.114695
147,474,23.824455,38.113875
147,475,23.823665,38.112136
147,476,23.820795,38.109298
147,477,23.816364,38.105136
147,478,23.809994,38.102287
147,479,23.803503,38.099707
147,480,23.797434,38.097369
147,481,23.793054,38.094291
147,482,23.792145,38.093101
147,483,23.790575,38.091052
147,484,23.787815,38.087481
147,485,23.784765,38.083454
147,486,23.781376,38.079093
147,487,23.776507,38.075503
147,488,23.770397,38.073012
147,489,23.764047,38.070464
147,490,23.759157,38.068614
147,491,23.759847,38.069064
147,492,23.759847,38.067024
147,493,23.759788,38.066192
147,494,23.759588,38.065651
147,495,23.759398,38.06536
147,496,23.758827,38.064609
147,497,23.758307,38.063937
147,498,23.758217,38.063797
147,499,23.757607,38.063007
147,500,23.756477,38.060397
147,501,23.755687,38.058738
147,502,23.754418,38.056987
147,503,23.753248,38.055328
147,504,23.751678,38.052829
147,505,23.751977,38.05188
147,506,23.751768,38.050738
147,507,23.751108,38.049689
147,508,23.751738,38.049258
147,509,23.753449,38.048507
147,510,23.755478,38.047687
147,511,23.756169,38.047297
147,512,23.757128,38.046706
147,513,23.757658,38.046226
147,514,23.757877,38.046054
147,515,23.758777,38.044975
147,516,23.759718,38.043514
147,517,23.761098,38.042285
147,518,23.761279,38.042224
147,519,23.761337,38.042186
147,520,23.762136,38.042087
147,521,23.762966,38.041877
147,522,23.762827,38.041717
147,523,23.762487,38.041396
147,524,23.762478,38.041385
147,525,23.762308,38.041477
147,526,23.761537,38.041809
147,527,23.762558,38.041347
147,528,23.762788,38.041607
147,529,23.762669,38.041957
147,530,23.761799,38.042075
147,531,23.761688,38.042105
147,532,23.761639,38.042117
147,533,23.761308,38.042235
147,534,23.76187,38.041576
147,535,23.761888,38.041607
147,536,23.761609,38.042037
147,537,23.760787,38.042548
147,538,23.759018,38.044967
147,539,23.758448,38.045657
147,540,23.757917,38.046157
147,541,23.756098,38.047428
147,542,23.753208,38.048526
147,543,23.751009,38.049426
147,544,23.750038,38.049308
147,545,23.749507,38.049907
147,546,23.748248,38.049346
147,547,23.747287,38.048495
147,548,23.745907,38.048915
147,549,23.743946,38.049804
147,550,23.743036,38.049964
147,551,23.745176,38.052993
147,552,23.746977,38.057624
147,553,23.750107,38.062545
147,554,23.755126,38.066616
147,555,23.762108,38.069446
147,556,23.769357,38.072357
147,557,23.775957,38.075016
147,558,23.781547,38.078925
147,559,23.785358,38.083816
147,560,23.789099,38.088745
147,561,23.79085,38.091044
147,562,23.79171,38.092154
147,563,23.79544,38.096206
147,564,23.802811,38.099246
147,565,23.810372,38.102206
147,566,23.815191,38.104037
147,567,23.815731,38.105487
147,568,23.819821,38.108565
147,569,23.823511,38.113074
147,570,23.826952,38.115406
147,571,23.829993,38.118637
147,572,23.831482,38.119277
147,573,23.834742,38.122588
147,574,23.837061,38.126357
147,575,23.839161,38.130755
147,576,23.840672,38.131687
147,577,23.840962,38.131255
147,578,23.841011,38.131217
147,579,23.841042,38.131206
147,580,23.840962,38.130756
147,581,23.840921,38.130835
147,582,23.841021,38.131274
147,583,23.841011,38.131194
147,584,23.8411,38.131064
147,585,23.841131,38.131027
147,586,23.841091,38.131015
147,587,23.841082,38.131076
147,588,23.840672,38.131656
147,589,23.839681,38.131725
147,590,23.838461,38.129275
147,591,23.83613,38.124465
147,592,23.832399,38.120227
147,593,23.829979,38.118587
147,594,23.82836,38.116779
147,595,23.82567,38.1142
147,596,23.82386,38.113631
147,597,23.823129,38.111583
147,598,23.81999,38.108543
147,599,23.815691,38.104693
147,600,23.809542,38.102123
147,601,23.803591,38.099772
147,602,23.797851,38.097553
147,603,23.793082,38.094303
147,604,23.790971,38.092021
147,605,23.788341,38.091411
147,606,23.785122,38.090843
147,607,23.780783,38.091674
147,608,23.777773,38.091014
147,609,23.775683,38.091765
147,610,23.773052,38.092697
147,611,23.769463,38.092227
147,612,23.767634,38.092109
147,613,23.769203,38.093429
147,614,23.771303,38.09547
147,615,23.769973,38.09626
147,616,23.766304,38.097388
147,617,23.763353,38.098289
147,618,23.760544,38.099109
147,619,23.757314,38.100101
147,620,23.756285,38.100509
147,621,23.757324,38.102138
147,622,23.759165,38.104766
147,623,23.760685,38.107657
147,624,23.760854,38.110549
147,625,23.761415,38.112098
147,626,23.763065,38.112369
147,627,23.763885,38.111629
147,628,23.765005,38.111899
147,629,23.765285,38.112941
147,630,23.765365,38.112953
147,631,23.765366,38.113013
147,632,23.765335,38.112933
147,633,23.765075,38.111942
147,634,23.763926,38.11177
147,635,23.762825,38.112472
147,636,23.761135,38.112194
147,637,23.760894,38.109912
147,638,23.760136,38.106082
147,639,23.758035,38.103083
147,640,23.756185,38.100345
147,641,23.759306,38.099586
147,642,23.763015,38.098476
147,643,23.765807,38.097587
147,644,23.770226,38.096237
147,645,23.770975,38.094657
147,646,23.769014,38.092417
147,647,23.769734,38.092338
147,648,23.773883,38.092777
147,649,23.777614,38.091044
147,650,23.782705,38.091403
147,651,23.787386,38.091495
147,652,23.790386,38.092013
147,653,23.792456,38.093715
147,654,23.795157,38.096446
147,655,23.800407,38.098667
147,656,23.805607,38.100715
147,657,23.807907,38.101665
147,658,23.812396,38.103545
147,659,23.814438,38.105434
147,660,23.817007,38.106074
147,661,23.820997,38.109812
147,662,23.823967,38.114162
147,663,23.827877,38.116473
147,664,23.830687,38.118812
147,665,23.832986,38.1211
147,666,23.836478,38.125491
147,667,23.838928,38.130469
147,668,23.840578,38.131907
147,669,23.840868,38.131347
147,670,23.840927,38.131206
147,671,23.841037,38.131114
147,672,23.841148,38.130904
147,673,23.841069,38.130866
147,674,23.841028,38.130927
147,675,23.841077,38.130958
147,676,23.841088,38.130977
147,677,23.841117,38.130916
147,678,23.841117,38.130916
147,679,23.840957,38.131144
147,680,23.840797,38.131385
147,681,23.840767,38.131424
147,682,23.839888,38.131813
147,683,23.839157,38.130584
147,684,23.837396,38.126964
147,685,23.835146,38.122924
147,686,23.831797,38.119503
147,687,23.829247,38.116962
147,688,23.829286,38.11634
147,689,23.829147,38.11492
147,690,23.827627,38.11325
147,691,23.826317,38.111369
147,692,23.826037,38.110271
147,693,23.826046,38.108439
147,694,23.826076,38.106201
147,695,23.826006,38.10403
147,696,23.825815,38.10184
147,697,23.825535,38.100089
147,698,23.825535,38.099978
147,699,23.825325,38.099547
147,700,23.824545,38.098136
147,701,23.824234,38.096797
147,702,23.823104,38.094047
147,703,23.821775,38.091987
147,704,23.820925,38.091178
147,705,23.820145,38.090438
147,706,23.819214,38.089469
147,707,23.817604,38.088218
147,708,23.817333,38.087787
147,709,23.816513,38.086035
147,710,23.816504,38.084808
147,711,23.814885,38.082027
147,712,23.813734,38.078746
147,713,23.812164,38.076286
147,714,23.812105,38.075965
147,715,23.812315,38.074794
147,716,23.812055,38.072853
147,717,23.811075,38.070163
147,718,23.810675,38.067382
147,719,23.809534,38.06478
147,720,23.809454,38.06441
147,721,23.809013,38.0615
147,722,23.808714,38.057929
147,723,23.811955,38.055988
147,724,23.810724,38.052798
147,725,23.808734,38.049979
147,726,23.807555,38.046951
147,727,23.805253,38.044471
147,728,23.802704,38.041209
147,729,23.800494,38.038372
147,730,23.799762,38.037749
147,731,23.797423,38.035838
147,732,23.794492,38.032688
147,733,23.791603,38.029437
147,734,23.789534,38.026218
147,735,23.789395,38.023497
147,736,23.789375,38.022819
147,737,23.789155,38.02148
147,738,23.789016,38.02109
147,739,23.788517,38.020061
147,740,23.788477,38.01995
147,741,23.788308,38.019542
147,742,23.787588,38.01855
147,743,23.787388,38.01831
147,744,23.786679,38.017509
147,745,23.786659,38.017509
147,746,23.786549,38.017398
147,747,23.785919,38.016696
147,748,23.785919,38.016696
147,749,23.785228,38.015956
147,750,23.785228,38.015937
147,751,23.784639,38.015289
147,752,23.78425,38.01482
147,753,23.783781,38.014278
147,754,23.78334,38.013797
147,755,23.782841,38.013156
147,756,23.7824,38.012614
147,757,23.78178,38.011993
147,758,23.781749,38.011993
147,759,23.781,38.011184
147,760,23.780689,38.010852
147,761,23.78043,38.010531
147,762,23.779579,38.009593
147,763,23.778849,38.008784
147,764,23.778327,38.008217
147,765,23.778097,38.007957
147,766,23.777138,38.006926
147,767,23.777039,38.006778
147,768,23.776468,38.006026
147,769,23.776179,38.005675
147,770,23.776098,38.005645
147,771,23.775618,38.005077
147,772,23.774748,38.003837
147,773,23.773549,38.002376
147,774,23.772608,38.001315
147,775,23.769527,37.998534
147,776,23.769287,37.997184
147,777,23.769056,37.996962
147,778,23.768375,37.995871
147,779,23.767956,37.99525
147,780,23.767897,37.995059
147,781,23.767887,37.995021
147,782,23.767447,37.99419
147,783,23.767326,37.994098
147,784,23.766608,37.992618
147,785,23.766307,37.991809
147,786,23.766218,37.991531
147,787,23.765817,37.990829
147,788,23.765337,37.990077
147,789,23.764998,37.989589
147,790,23.764838,37.989448
147,791,23.764708,37.989417
147,792,23.764548,37.989276
147,793,23.763967,37.989295
147,794,23.763499,37.989043
147,795,23.763818,37.989532
147,796,23.764109,37.989131
147,797,23.764247,37.989212
147,798,23.765127,37.990253
147,799,23.765377,37.990611
147,800,23.766037,37.99158
147,801,23.766217,37.992011
147,802,23.766426,37.992492
147,803,23.767536,37.994731
147,804,23.768856,37.99752
147,805,23.772695,38.001369
147,806,23.773406,38.002219
147,807,23.774485,38.003459
147,808,23.775305,38.004589
147,809,23.775605,38.004989
147,810,23.776443,38.006057
147,811,23.776714,38.006389
147,812,23.777735,38.007548
147,813,23.777965,38.007789
147,814,23.779165,38.008918
147,815,23.779686,38.009486
147,816,23.779976,38.009795
147,817,23.782236,38.012287
147,818,23.784916,38.015277
147,819,23.788006,38.018749
147,820,23.789526,38.023887
147,821,23.790655,38.028098
147,822,23.793474,38.031287
147,823,23.795025,38.032107
147,824,23.791465,38.033729
147,825,23.786547,38.03458
147,826,23.781387,38.03625
147,827,23.778837,38.0391
147,828,23.777187,38.0409
147,829,23.779837,38.043182
147,830,23.782587,38.04658
147,831,23.783077,38.049579
147,832,23.782778,38.05231
147,833,23.778597,38.053672
147,834,23.771776,38.057224
147,835,23.764205,38.059894
147,836,23.758267,38.060214
147,837,23.750877,38.062683
147,838,23.754186,38.066142
147,839,23.759707,38.068442
147,840,23.765716,38.070842
147,841,23.772195,38.073463
147,842,23.778816,38.076541
147,843,23.783797,38.081759
147,844,23.787746,38.086909
147,845,23.791046,38.09122
147,846,23.791675,38.09204
147,847,23.794165,38.095118
147,848,23.799524,38.097919
147,849,23.805574,38.10025
147,850,23.811564,38.102611
147,851,23.815393,38.103271
147,852,23.815704,38.10263
147,853,23.812885,38.101192
147,854,23.810545,38.101253
147,855,23.809456,38.100604
147,856,23.808416,38.099433
147,857,23.806706,38.099803
147,858,23.806326,38.099444
147,859,23.806266,38.099456
147,860,23.805376,38.099666
147,861,23.805206,38.099654
147,862,23.805197,38.099654
147,863,23.805196,38.099933
147,864,23.806967,38.100673
147,865,23.807007,38.100673
147,866,23.807007,38.100684
147,867,23.807578,38.100863
147,868,23.808656,38.098273
147,869,23.809936,38.096812
147,870,23.810908,38.097034
147,871,23.810987,38.097164
147,872,23.810997,38.097373
