148,1,23.810573,38.09753
148,2,23.810885,38.098899
148,3,23.813296,38.101501
148,4,23.816585,38.10287
148,5,23.818257,38.106281
148,6,23.821256,38.10916
148,7,23.824907,38.112639
148,8,23.828827,38.116549
148,9,23.832737,38.120509
148,10,23.836497,38.125129
148,11,23.838806,38.130008
148,12,23.840607,38.131678
148,13,23.840957,38.131098
148,14,23.841037,38.131008
148,15,23.841189,38.130779
148,16,23.841099,38.130927
148,17,23.840868,38.131335
148,18,23.839869,38.131736
148,19,23.838879,38.129897
148,20,23.837239,38.126499
148,21,23.835018,38.122699
148,22,23.831407,38.119041
148,23,23.829217,38.116938
148,24,23.829437,38.116638
148,25,23.829098,38.115378
148,26,23.828127,38.113948
148,27,23.826587,38.111846
148,28,23.825998,38.110286
148,29,23.826007,38.108657
148,30,23.825918,38.106456
148,31,23.825989,38.104446
148,32,23.82573,38.102126
148,33,23.825408,38.100585
148,34,23.82539,38.099815
148,35,23.824961,38.099326
148,36,23.82428,38.097545
148,37,23.823349,38.094706
148,38,23.821628,38.091945
148,39,23.820999,38.091415
148,40,23.820428,38.091033
148,41,23.819618,38.090213
148,42,23.818448,38.089221
148,43,23.817759,38.08855
148,44,23.817149,38.08773
148,45,23.816528,38.085239
148,46,23.815408,38.082859
148,47,23.81502,38.082347
148,48,23.814769,38.081717
148,49,23.814699,38.081497
148,50,23.814579,38.081066
148,51,23.814529,38.080893
148,52,23.814289,38.080005
148,53,23.81404,38.079395
148,54,23.813099,38.078006
148,55,23.812208,38.076435
148,56,23.812178,38.075232
148,57,23.812457,38.073852
148,58,23.811148,38.071601
148,59,23.811028,38.070232
148,60,23.810607,38.067523
148,61,23.809818,38.066394
148,62,23.809439,38.065013
148,63,23.808948,38.061592
148,64,23.808519,38.05836
148,65,23.808539,38.0582
148,66,23.811199,38.056541
148,67,23.81127,38.05424
148,68,23.81023,38.052039
148,69,23.808371,38.049598
148,70,23.8081,38.049098
148,71,23.8079,38.048408
148,72,23.80769,38.047576
148,73,23.80767,38.047546
148,74,23.807381,38.046756
148,75,23.806221,38.045356
148,76,23.80447,38.043345
148,77,23.8038,38.042884
148,78,23.80353,38.041484
148,79,23.805621,38.040915
148,80,23.807569,38.040026
148,81,23.807939,38.039836
148,82,23.80848,38.039745
148,83,23.808959,38.041416
148,84,23.809151,38.043117
148,85,23.809381,38.044807
148,86,23.811012,38.044368
148,87,23.813911,38.043197
148,88,23.816031,38.041916
148,89,23.815771,38.041416
148,90,23.815601,38.041477
148,91,23.815321,38.041545
148,92,23.815281,38.041545
148,93,23.815181,38.041583
148,94,23.815232,38.041584
148,95,23.81574,38.041392
148,96,23.81587,38.041473
148,97,23.816101,38.041744
148,98,23.816101,38.041935
148,99,23.813851,38.043285
148,100,23.810409,38.044566
148,101,23.808779,38.045127
148,102,23.808399,38.045268
148,103,23.807989,38.045428
148,104,23.80799,38.045398
148,105,23.807338,38.045638
148,106,23.807329,38.045638
148,107,23.8072,38.04589
148,108,23.80768,38.04681
148,109,23.80841,38.049278
148,110,23.810279,38.051906
148,111,23.81073,38.052986
148,112,23.81167,38.056235
148,113,23.80869,38.059394
148,114,23.809351,38.063765
148,115,23.80998,38.066436
148,116,23.810699,38.067366
148,117,23.811079,38.069968
148,118,23.811088,38.070338
148,119,23.811999,38.072699
148,120,23.81235,38.074038
148,121,23.812069,38.075476
148,122,23.812059,38.075717
148,123,23.81337,38.078098
148,124,23.81444,38.080589
148,125,23.81549,38.082797
148,126,23.81633,38.085997
148,127,23.81784,38.088527
148,128,23.81855,38.089107
148,129,23.819219,38.089626
148,130,23.8204,38.090797
148,131,23.8219,38.092308
148,132,23.823789,38.095587
148,133,23.82478,38.098659
148,134,23.8251,38.09922
148,135,23.825429,38.10041
148,136,23.8258,38.102519
148,137,23.826071,38.105338
148,138,23.825932,38.108237
148,139,23.825771,38.110668
148,140,23.827591,38.113296
148,141,23.828981,38.115455
148,142,23.829241,38.116714
148,143,23.83037,38.117904
148,144,23.83427,38.121932
148,145,23.837209,38.126502
148,146,23.83914,38.130553
148,147,23.840731,38.131374
148,148,23.84099,38.131122
148,149,23.84116,38.13087
148,150,23.84112,38.130938
148,151,23.840719,38.131469
148,152,23.839788,38.131869
148,153,23.839009,38.130481
148,154,23.836927,38.126059
148,155,23.834007,38.121821
148,156,23.830837,38.11869
148,157,23.829317,38.11769
148,158,23.827038,38.115352
148,159,23.824648,38.113891
148,160,23.823768,38.11246
148,161,23.82165,38.110099
148,162,23.817859,38.106459
148,163,23.81271,38.103278
148,164,23.80636,38.100787
148,165,23.80018,38.098388
148,166,23.79453,38.095779
148,167,23.79175,38.092547
148,168,23.791439,38.092147
148,169,23.789839,38.090056
148,170,23.786869,38.086188
148,171,23.783819,38.08221
148,172,23.780799,38.078898
148,173,23.779449,38.077479
148,174,23.78039,38.077449
148,175,23.78183,38.078967
148,176,23.7838,38.081595
148,177,23.785419,38.083724
148,178,23.786,38.084483
148,179,23.786179,38.084484
148,180,23.786099,38.084415
148,181,23.786708,38.084605
148,182,23.786609,38.084556
148,183,23.787409,38.084835
148,184,23.787118,38.084796
148,185,23.7864,38.084536
148,186,23.786221,38.084499
148,187,23.786221,38.084499
148,188,23.786041,38.084468
148,189,23.786001,38.084506
148,190,23.78643,38.085048
148,191,23.7877,38.086707
148,192,23.788721,38.088038
148,193,23.789961,38.08979
148,194,23.79084,38.09101
148,195,23.79282,38.093569
148,196,23.797069,38.09698
148,197,23.802419,38.099051
148,198,23.807789,38.101192
148,199,23.813459,38.10324
148,200,23.815069,38.10385
148,201,23.814799,38.104762
148,202,23.817339,38.106231
148,203,23.821299,38.109992
148,204,23.823879,38.114013
148,205,23.827229,38.115634
148,206,23.830087,38.118694
148,207,23.831269,38.118915
148,208,23.833958,38.121726
148,209,23.836817,38.125835
148,210,23.838235,38.128833
148,211,23.839755,38.131843
148,212,23.840817,38.131313
148,213,23.840847,38.131324
148,214,23.840877,38.131293
148,215,23.841077,38.130943
148,216,23.841028,38.130962
148,217,23.841037,38.131042
148,218,23.840578,38.131381
148,219,23.840569,38.13143
148,220,23.840469,38.131461
148,221,23.840929,38.131202
148,222,23.84104,38.131011
148,223,23.841,38.130992
148,224,23.840929,38.131244
148,225,23.840929,38.131244
148,226,23.840728,38.131523
148,227,23.840019,38.131873
148,228,23.839198,38.130844
148,229,23.837398,38.127124
148,230,23.834898,38.122764
148,231,23.831878,38.119724
148,232,23.829908,38.118712
148,233,23.828469,38.117042
148,234,23.825908,38.11447
148,235,23.824269,38.114021
148,236,23.823608,38.112152
148,237,23.820849,38.109431
148,238,23.817028,38.105761
148,239,23.811897,38.103041
148,240,23.806557,38.100952
148,241,23.801327,38.09888
148,242,23.796216,38.09687
148,243,23.792607,38.0937
148,244,23.791567,38.092338
148,245,23.790507,38.090976
148,246,23.787866,38.087555
148,247,23.784647,38.083342
148,248,23.781286,38.079051
148,249,23.776987,38.075782
148,250,23.772136,38.073734
148,251,23.766987,38.071662
148,252,23.761547,38.069484
148,253,23.756468,38.067424
148,254,23.751318,38.064902
148,255,23.749918,38.061561
148,256,23.753358,38.060482
148,257,23.756309,38.060001
148,258,23.762319,38.059802
148,259,23.76656,38.058982
148,260,23.770599,38.05733
148,261,23.774559,38.055549
148,262,23.77888,38.053019
148,263,23.782549,38.050349
148,264,23.782759,38.048289
148,265,23.782709,38.047908
148,266,23.781488,38.045158
148,267,23.778559,38.042289
148,268,23.777739,38.041629
148,269,23.777599,38.04153
148,270,23.77718,38.041209
148,271,23.77717,38.041209
148,272,23.7766,38.04074
148,273,23.776591,38.04074
148,274,23.77581,38.03992
148,275,23.77409,38.037871
148,276,23.77239,38.03596
148,277,23.77152,38.034969
148,278,23.771531,38.03493
148,279,23.7705,38.035182
148,280,23.767,38.035381
148,281,23.763849,38.036689
148,282,23.761509,38.038238
148,283,23.761169,38.038428
148,284,23.76112,38.038448
148,285,23.76096,38.038539
148,286,23.76099,38.038528
148,287,23.76004,38.039729
148,288,23.76145,38.040298
148,289,23.76029,38.042049
148,290,23.760401,38.042888
148,291,23.75988,38.043567
148,292,23.759741,38.043808
148,293,23.75918,38.044719
148,294,23.759069,38.04489
148,295,23.75877,38.04534
148,296,23.75848,38.045672
148,297,23.757999,38.046233
148,298,23.755739,38.047775
148,299,23.752668,38.048904
148,300,23.750078,38.049434
148,301,23.749529,38.049842
148,302,23.749429,38.050071
148,303,23.747999,38.049232
148,304,23.74712,38.048453
148,305,23.74559,38.049132
148,306,23.745349,38.049281
148,307,23.744119,38.049792
148,308,23.743389,38.049941
148,309,23.742979,38.049651
148,310,23.743568,38.050571
148,311,23.745539,38.054191
148,312,23.747769,38.059031
148,313,23.751058,38.064063
148,314,23.755829,38.066932
148,315,23.76026,38.068763
148,316,23.766859,38.071414
148,317,23.774409,38.074436
148,318,23.781038,38.078456
148,319,23.785108,38.083648
148,320,23.788928,38.088618
148,321,23.790998,38.091327
148,322,23.791018,38.091338
148,323,23.792648,38.093459
148,324,23.797588,38.097259
148,325,23.805038,38.100139
148,326,23.812069,38.102847
148,327,23.81514,38.103988
148,328,23.81501,38.10432
148,329,23.81604,38.10548
148,330,23.819981,38.10876
148,331,23.823409,38.113189
148,332,23.82679,38.115298
148,333,23.830299,38.118808
148,334,23.831708,38.119609
148,335,23.835329,38.123229
148,336,23.837118,38.126509
148,337,23.838687,38.129779
148,338,23.839808,38.1319
148,339,23.840708,38.131439
148,340,23.841008,38.131038
148,341,23.840877,38.130828
148,342,23.840998,38.130816
148,343,23.841168,38.130805
148,344,23.841127,38.130854
148,345,23.841146,38.130854
148,346,23.841137,38.130893
148,347,23.841137,38.131023
148,348,23.840647,38.131743
148,349,23.839746,38.131782
148,350,23.838696,38.129703
148,351,23.836925,38.125922
148,352,23.834055,38.121841
148,353,23.831085,38.1188
148,354,23.829355,38.1179
148,355,23.827296,38.115722
148,356,23.824766,38.114051
148,357,23.823626,38.113322
148,358,23.822836,38.111312
148,359,23.819636,38.108211
148,360,23.815575,38.104633
148,361,23.810114,38.102351
148,362,23.804254,38.100039
148,363,23.798173,38.097708
148,364,23.793613,38.094947
148,365,23.792174,38.093109
148,366,23.791973,38.092837
148,367,23.790434,38.090846
148,368,23.787585,38.087158
148,369,23.784405,38.082988
148,370,23.781074,38.079257
148,371,23.779455,38.077487
148,372,23.780665,38.077789
148,373,23.782745,38.080279
148,374,23.784746,38.0829
148,375,23.785927,38.08435
148,376,23.785966,38.084468
148,377,23.786266,38.084438
148,378,23.786666,38.084556
148,379,23.786957,38.084716
148,380,23.787496,38.085105
148,381,23.787386,38.084884
148,382,23.786837,38.084712
148,383,23.786086,38.08441
148,384,23.785967,38.08443
148,385,23.786137,38.084621
148,386,23.787256,38.086089
148,387,23.787786,38.086818
148,388,23.789116,38.088588
148,389,23.790047,38.089919
148,390,23.791157,38.09143
148,391,23.793377,38.094299
148,392,23.797836,38.097297
148,393,23.804096,38.099716
148,394,23.810775,38.102366
148,395,23.815055,38.103877
148,396,23.814895,38.104568
148,397,23.816986,38.106006
148,398,23.820915,38.109675
148,399,23.823855,38.114047
148,400,23.827814,38.116317
148,401,23.830864,38.118815
148,402,23.832073,38.119975
148,403,23.835583,38.123554
148,404,23.837993,38.128353
148,405,23.840143,38.131984
148,406,23.840853,38.131404
148,407,23.840963,38.131206
148,408,23.840963,38.131194
148,409,23.841062,38.131034
148,410,23.841062,38.131034
148,411,23.840693,38.131576
148,412,23.840002,38.131926
148,413,23.839503,38.131518
148,414,23.838012,38.128478
148,415,23.835864,38.124099
148,416,23.832543,38.120467
148,417,23.830702,38.118789
148,418,23.828762,38.117369
148,419,23.826233,38.114871
148,420,23.824423,38.11407
148,421,23.823693,38.112579
148,422,23.821302,38.10995
148,423,23.817452,38.106219
148,424,23.811691,38.102988
148,425,23.805472,38.100539
148,426,23.79935,38.098178
148,427,23.794441,38.09576
148,428,23.791842,38.092708
148,429,23.791432,38.092166
148,430,23.78951,38.089698
148,431,23.78623,38.08546
148,432,23.78279,38.081008
148,433,23.77998,38.078147
148,434,23.779909,38.077216
148,435,23.781408,38.078617
148,436,23.782827,38.080417
148,437,23.784117,38.082149
148,438,23.785637,38.084109
148,439,23.785966,38.084541
148,440,23.786117,38.084502
148,441,23.786018,38.084434
148,442,23.786728,38.084655
148,443,23.786719,38.084617
148,444,23.786968,38.084735
148,445,23.787558,38.085136
148,446,23.787589,38.085075
148,447,23.787129,38.084785
148,448,23.786448,38.084514
148,449,23.786197,38.084686
148,450,23.787307,38.086104
148,451,23.788168,38.087253
148,452,23.789857,38.089534
148,453,23.790348,38.090335
148,454,23.791628,38.092044
148,455,23.794408,38.095405
148,456,23.799539,38.097984
148,457,23.805279,38.100215
148,458,23.81123,38.102546
148,459,23.815131,38.103915
148,460,23.815229,38.105567
148,461,23.81871,38.107528
148,462,23.822259,38.110976
148,463,23.82436,38.114135
148,464,23.82757,38.116023
148,465,23.830379,38.118843
148,466,23.83111,38.118953
148,467,23.833839,38.121764
148,468,23.836738,38.125816
148,469,23.838728,38.129977
148,470,23.840578,38.131847
148,471,23.841068,38.130996
148,472,23.841099,38.130958
148,473,23.841018,38.130939
148,474,23.841028,38.130919
148,475,23.840918,38.130889
148,476,23.841038,38.1309
148,477,23.840948,38.130782
148,478,23.840958,38.130782
148,479,23.840948,38.130821
148,480,23.840948,38.130851
148,481,23.841037,38.131153
148,482,23.840578,38.131873
148,483,23.839669,38.131812
148,484,23.838338,38.129161
148,485,23.836328,38.124991
148,486,23.833469,38.121402
148,487,23.830161,38.118003
148,488,23.827009,38.114902
148,489,23.82371,38.111621
148,490,23.820169,38.108291
148,491,23.817299,38.10477
148,492,23.816248,38.102729
148,493,23.816248,38.102729
148,494,23.814657,38.102218
148,495,23.812737,38.10115
148,496,23.810356,38.098079
148,497,23.811026,38.097549
148,498,23.810955,38.097247
148,499,23.810755,38.097389
