149,1,23.810791,38.096977
149,2,23.810291,38.096847
149,3,23.810211,38.097358
149,4,23.811741,38.099917
149,5,23.814661,38.102069
149,6,23.815161,38.102241
149,7,23.815191,38.103839
149,8,23.81499,38.104289
149,9,23.814301,38.104171
149,10,23.809579,38.102161
149,11,23.803311,38.09964
149,12,23.796739,38.097049
149,13,23.79225,38.093181
149,14,23.79101,38.091559
149,15,23.7878,38.087398
149,16,23.783699,38.082068
149,17,23.779139,38.077178
149,18,23.772579,38.073947
149,19,23.765549,38.071109
149,20,23.760418,38.069068
149,21,23.759838,38.069107
149,22,23.759879,38.067516
149,23,23.759838,38.066257
149,24,23.758278,38.063956
149,25,23.756909,38.061625
149,26,23.756789,38.061427
149,27,23.756739,38.061438
149,28,23.756659,38.0614
149,29,23.756717,38.061332
149,30,23.756776,38.061332
149,31,23.756906,38.061362
149,32,23.756787,38.061362
149,33,23.756577,38.061332
149,34,23.756595,38.061294
149,35,23.756565,38.060794
149,36,23.756796,38.061202
149,37,23.757807,38.063182
149,38,23.759068,38.064822
149,39,23.759838,38.066303
149,40,23.761047,38.06885
149,41,23.766397,38.071071
149,42,23.773218,38.073832
149,43,23.779688,38.077232
149,44,23.783919,38.082053
149,45,23.786737,38.085742
149,46,23.789627,38.089523
149,47,23.790228,38.0903
149,48,23.791948,38.092559
149,49,23.795468,38.096179
149,50,23.802057,38.098888
149,51,23.809187,38.101719
149,52,23.814947,38.10382
149,53,23.814467,38.10533
149,54,23.818376,38.107261
149,55,23.822927,38.111701
149,56,23.825817,38.114421
149,57,23.829677,38.11845
149,58,23.831738,38.119758
149,59,23.835478,38.123576
149,60,23.837938,38.128447
149,61,23.840257,38.131908
149,62,23.841077,38.130958
149,63,23.841068,38.130989
149,64,23.840738,38.13153
149,65,23.840128,38.131881
149,66,23.839527,38.131492
149,67,23.837887,38.128131
149,68,23.835507,38.123443
149,69,23.831706,38.119472
149,70,23.829626,38.118342
149,71,23.827816,38.116351
149,72,23.825416,38.114131
149,73,23.824406,38.11388
149,74,23.823715,38.112388
149,75,23.821686,38.110209
149,76,23.818556,38.107169
149,77,23.813436,38.103629
149,78,23.806378,38.100818
149,79,23.799217,38.098037
149,80,23.793327,38.094546
149,81,23.789876,38.090068
149,82,23.785896,38.084888
149,83,23.782017,38.079806
149,84,23.777126,38.075736
149,85,23.770926,38.073188
149,86,23.764505,38.070617
149,87,23.760075,38.068877
149,88,23.759005,38.069076
149,89,23.759945,38.068427
149,90,23.759905,38.067477
149,91,23.759855,38.066898
149,92,23.759685,38.065646
149,93,23.758455,38.064025
149,94,23.757894,38.063216
149,95,23.756815,38.061015
149,96,23.756125,38.059234
149,97,23.754984,38.057624
149,98,23.753504,38.055583
149,99,23.752143,38.053352
149,100,23.751444,38.052131
149,101,23.752023,38.051421
149,102,23.751654,38.050571
149,103,23.751314,38.049911
149,104,23.751554,38.049319
149,105,23.753985,38.0484
149,106,23.755366,38.047809
149,107,23.757456,38.046581
149,108,23.757976,38.046012
149,109,23.759186,38.044471
149,110,23.760816,38.042472
149,111,23.762315,38.042022
149,112,23.762997,38.041873
149,113,23.762507,38.041293
149,114,23.763107,38.041625
149,115,23.763098,38.041786
149,116,23.762568,38.041866
149,117,23.759678,38.043926
149,118,23.759298,38.044493
149,119,23.758909,38.045054
149,120,23.7589,38.045074
149,121,23.758409,38.045684
149,122,23.758369,38.045715
149,123,23.75791,38.046256
149,124,23.75737,38.046726
149,125,23.7566,38.047305
149,126,23.75531,38.047946
149,127,23.753901,38.048297
149,128,23.75079,38.049418
149,129,23.75074,38.04964
149,130,23.75139,38.050239
149,131,23.75078,38.051441
149,132,23.75097,38.051712
149,133,23.75242,38.05366
149,134,23.754141,38.056343
149,135,23.755551,38.058334
149,136,23.756701,38.060802
149,137,23.75794,38.063244
149,138,23.758011,38.063384
149,139,23.758982,38.064613
149,140,23.760061,38.067134
149,141,23.762531,38.069404
149,142,23.768341,38.071853
149,143,23.77486,38.074493
149,144,23.781201,38.078582
149,145,23.785521,38.084102
149,146,23.789431,38.089221
149,147,23.79051,38.090633
149,148,23.791229,38.091571
149,149,23.7941,38.095172
149,150,23.799311,38.097873
149,151,23.80603,38.100474
149,152,23.813311,38.103175
149,153,23.814621,38.105006
149,154,23.817251,38.106155
149,155,23.8208,38.109516
149,156,23.823691,38.113895
149,157,23.827949,38.116417
149,158,23.8307,38.118648
149,159,23.832741,38.120647
149,160,23.836311,38.124976
149,161,23.838812,38.130195
149,162,23.8406,38.131526
149,163,23.840952,38.131076
149,164,23.840952,38.131057
149,165,23.841081,38.130908
149,166,23.841041,38.130878
149,167,23.840902,38.130908
149,168,23.840933,38.130927
149,169,23.840942,38.131149
149,170,23.840733,38.131469
149,171,23.839783,38.131888
149,172,23.839023,38.130527
149,173,23.837134,38.126586
149,174,23.834743,38.122585
149,175,23.831234,38.118965
149,176,23.829143,38.116874
149,177,23.829104,38.116183
149,178,23.829094,38.115012
149,179,23.829013,38.114833
149,180,23.829014,38.114814
149,181,23.828294,38.114142
149,182,23.826724,38.112212
149,183,23.826034,38.110373
149,184,23.826045,38.108405
149,185,23.826044,38.106136
149,186,23.825884,38.103885
149,187,23.825714,38.101943
149,188,23.825433,38.100142
149,189,23.825023,38.099414
149,190,23.824833,38.099093
149,191,23.824262,38.097575
149,192,23.823621,38.095325
149,193,23.822543,38.093383
149,194,23.822271,38.092982
149,195,23.821821,38.09228
149,196,23.821741,38.092162
149,197,23.821602,38.091911
149,198,23.821552,38.091819
149,199,23.821413,38.091621
149,200,23.821213,38.091449
149,201,23.820753,38.091178
149,202,23.820183,38.090747
149,203,23.819943,38.090526
149,204,23.819301,38.089847
149,205,23.818481,38.089305
149,206,23.817682,38.088455
149,207,23.817902,38.088073
149,208,23.818802,38.086322
149,209,23.818931,38.083392
149,210,23.819712,38.080394
149,211,23.820362,38.078323
149,212,23.820442,38.078063
149,213,23.821022,38.075793
149,214,23.821041,38.075492
149,215,23.820791,38.07313
149,216,23.820792,38.069682
149,217,23.820971,38.068164
149,218,23.82094,38.067195
149,219,23.820881,38.066787
149,220,23.821951,38.066757
149,221,23.824211,38.066638
149,222,23.826502,38.066409
149,223,23.826721,38.064441
149,224,23.830721,38.063152
149,225,23.834891,38.061061
149,226,23.835901,38.060783
149,227,23.836191,38.060542
149,228,23.836022,38.059944
149,229,23.835962,38.059734
149,230,23.835882,38.058703
149,231,23.837233,38.058795
149,232,23.838191,38.057655
149,233,23.838602,38.054905
149,234,23.838913,38.052356
149,235,23.838703,38.051948
149,236,23.838533,38.051658
149,237,23.839434,38.050536
149,238,23.839573,38.049487
149,239,23.839672,38.048457
149,240,23.838572,38.046027
149,241,23.83649,38.044536
149,242,23.83576,38.045016
149,243,23.83477,38.045318
149,244,23.834711,38.045318
149,245,23.834692,38.045356
149,246,23.834461,38.045238
149,247,23.834011,38.044929
149,248,23.833762,38.044738
149,249,23.833271,38.044429
149,250,23.83332,38.044441
149,251,23.834382,38.045249
149,252,23.835722,38.04504
149,253,23.836431,38.04454
149,254,23.838072,38.045639
