150,1,23.855497,38.009467
150,2,23.856187,38.009448
150,3,23.856888,38.00941
150,4,23.857958,38.008949
150,5,23.857668,38.008327
150,6,23.857618,38.008246
150,7,23.857388,38.007945
150,8,23.857088,38.006934
150,9,23.855497,38.007354
150,10,23.855238,38.007102
150,11,23.855848,38.005992
150,12,23.856437,38.005142
150,13,23.856108,38.003402
150,14,23.858587,38.002101
150,15,23.862088,37.99995
150,16,23.865766,37.998359
150,17,23.869297,37.99633
150,18,23.870096,37.996009
150,19,23.870815,37.9958
150,20,23.873405,37.993758
150,21,23.876986,37.990898
150,22,23.880106,37.988986
150,23,23.880586,37.989337
150,24,23.881268,37.990127
150,25,23.881277,37.990008
150,26,23.881416,37.990119
150,27,23.881256,37.99002
150,28,23.880605,37.98933
150,29,23.880276,37.989009
150,30,23.880316,37.98889
150,31,23.882666,37.987792
150,32,23.886635,37.985794
150,33,23.890934,37.983184
150,34,23.895144,37.980365
150,35,23.899165,37.977775
150,36,23.903124,37.975024
150,37,23.905464,37.971344
150,38,23.905843,37.968211
150,39,23.908354,37.968093
150,40,23.913004,37.968062
150,41,23.917604,37.966934
150,42,23.921674,37.965942
150,43,23.922895,37.9663
150,44,23.925646,37.968261
150,45,23.928316,37.970961
150,46,23.931665,37.973693
150,47,23.934055,37.977141
150,48,23.934866,37.981323
150,49,23.935035,37.985324
150,50,23.937305,37.988925
150,51,23.939775,37.992107
150,52,23.940606,37.995795
150,53,23.941915,37.999877
150,54,23.941505,38.001987
150,55,23.941555,38.002147
150,56,23.944155,38.002978
150,57,23.945524,38.002807
150,58,23.946484,38.001746
150,59,23.947644,38.001045
150,60,23.947813,38.000953
150,61,23.948663,38.000663
150,62,23.949124,38.000491
150,63,23.949114,37.999343
150,64,23.949003,37.998535
150,65,23.949003,37.998454
150,66,23.949043,37.998416
150,67,23.948904,37.998008
150,68,23.949034,37.998088
150,69,23.949053,37.998526
150,70,23.949204,37.998466
150,71,23.949052,37.998405
150,72,23.948993,37.998034
150,73,23.948993,37.998073
150,74,23.949163,37.998873
150,75,23.949182,38.000095
150,76,23.948211,38.000766
150,77,23.946121,38.002055
150,78,23.945231,38.003184
150,79,23.94438,38.003115
150,80,23.94154,38.002246
150,81,23.941521,38.002246
150,82,23.941641,38.001766
150,83,23.941592,37.999015
150,84,23.940441,37.995383
150,85,23.939202,37.991054
150,86,23.936262,37.987785
150,87,23.934662,37.983863
150,88,23.934721,37.979682
150,89,23.933491,37.975574
150,90,23.930161,37.972625
150,91,23.927329,37.970077
150,92,23.92466,37.967609
150,93,23.92254,37.96619
150,94,23.92234,37.966072
150,95,23.922309,37.966041
150,96,23.920589,37.966361
150,97,23.916809,37.967323
150,98,23.91189,37.968314
150,99,23.90751,37.968246
150,100,23.905731,37.969726
150,101,23.905142,37.972174
150,102,23.902602,37.975585
150,103,23.900162,37.977164
150,104,23.896742,37.979335
150,105,23.893621,37.981365
150,106,23.88993,37.983886
150,107,23.885672,37.986354
150,108,23.881332,37.988376
150,109,23.880752,37.989436
150,110,23.881283,37.989967
150,111,23.881252,37.989997
150,112,23.881252,37.990108
150,113,23.881233,37.990008
150,114,23.881122,37.990089
150,115,23.880922,37.989997
150,116,23.880312,37.989326
150,117,23.880052,37.989135
150,118,23.878902,37.989757
150,119,23.876482,37.991328
150,120,23.875051,37.992767
150,121,23.876221,37.994765
150,122,23.8757,37.996806
150,123,23.87406,37.995227
150,124,23.871189,37.996356
150,125,23.870369,37.996006
150,126,23.868438,37.996894
150,127,23.865439,37.998534
150,128,23.861888,38.000015
150,129,23.858349,38.002216
150,130,23.857868,38.003985
150,131,23.858059,38.005595
150,132,23.858108,38.005775
150,133,23.858108,38.005836
150,134,23.858188,38.006175
150,135,23.858188,38.006187
150,136,23.858247,38.006358
150,137,23.858278,38.006568
150,138,23.858288,38.00658
150,139,23.858417,38.00698
150,140,23.858436,38.007011
150,141,23.858455,38.007091
150,142,23.858545,38.007381
150,143,23.858545,38.007392
150,144,23.858456,38.007563
150,145,23.857346,38.007865
150,146,23.856805,38.008087
150,147,23.856136,38.008327
150,148,23.856766,38.009136
150,149,23.857136,38.009544
150,150,23.856245,38.010265
150,151,23.854425,38.012233
150,152,23.852735,38.016002
150,153,23.851036,38.019771
150,154,23.849445,38.020603
150,155,23.848536,38.020602
150,156,23.847885,38.020782
150,157,23.847105,38.02114
150,158,23.847595,38.021789
150,159,23.847875,38.02219
150,160,23.848215,38.02275
150,161,23.848295,38.02291
150,162,23.848615,38.023552
150,163,23.848976,38.024291
150,164,23.849167,38.024631
150,165,23.849226,38.024711
150,166,23.849646,38.02534
150,167,23.849996,38.025852
150,168,23.850086,38.025962
150,169,23.851256,38.027121
150,170,23.852465,38.0288
150,171,23.852684,38.029281
150,172,23.851744,38.029731
150,173,23.851494,38.029922
150,174,23.851544,38.030093
150,175,23.851914,38.030871
150,176,23.852503,38.030883
150,177,23.854532,38.029945
150,178,23.854023,38.029224
150,179,23.857563,38.028033
150,180,23.859102,38.027763
150,181,23.859312,38.026344
150,182,23.859491,38.024456
150,183,23.859492,38.024054
150,184,23.85975,38.022864
150,185,23.860272,38.020027
150,186,23.860191,38.016185
150,187,23.860081,38.012454
150,188,23.85873,38.011943
150,189,23.85874,38.011943
150,190,23.858669,38.011943
150,191,23.857618,38.011295
150,192,23.857369,38.009433
150,193,23.857418,38.009414
150,194,23.857668,38.009296
150,195,23.857888,38.009178
150,196,23.857957,38.009108
150,197,23.858149,38.008899
150,198,23.858179,38.008849
150,199,23.857899,38.008529
150,200,23.857849,38.008468
150,201,23.857439,38.008037
150,202,23.857408,38.008006
150,203,23.857479,38.007754
150,204,23.856739,38.006976
150,205,23.855179,38.006965
150,206,23.855759,38.005706
150,207,23.856307,38.004577
150,208,23.856727,38.003017
150,209,23.860379,38.000846
150,210,23.864258,37.999114
150,211,23.867807,37.997226
150,212,23.869827,37.996054
150,213,23.872948,37.994525
150,214,23.876457,37.991244
150,215,23.880047,37.988987
150,216,23.880377,37.989078
150,217,23.881227,37.989936
150,218,23.881628,37.990318
150,219,23.881948,37.990508
150,220,23.881878,37.990547
150,221,23.882128,37.990707
150,222,23.882108,37.991057
150,223,23.881668,37.992679
150,224,23.880897,37.995429
150,225,23.880179,37.998199
150,226,23.880489,38.000697
150,227,23.880689,38.002246
150,228,23.88076,38.002407
150,229,23.882101,38.002425
150,230,23.884201,38.001945
150,231,23.884882,38.001754
150,232,23.884602,38.002903
150,233,23.884571,38.003284
150,234,23.884481,38.003665
150,235,23.884642,38.004226
150,236,23.885931,38.005416
150,237,23.886761,38.007006
150,238,23.88809,38.008487
150,239,23.889909,38.009399
150,240,23.891751,38.010391
150,241,23.893699,38.010772
150,242,23.89463,38.011341
150,243,23.895811,38.011519
150,244,23.897121,38.011718
150,245,23.899542,38.011737
150,246,23.901762,38.012439
150,247,23.901632,38.013499
150,248,23.901923,38.01517
150,249,23.901953,38.015739
150,250,23.901642,38.015677
150,251,23.901361,38.015677
150,252,23.900812,38.016047
150,253,23.901072,38.015788
150,254,23.901621,38.015739
150,255,23.902,38.015068
150,256,23.90174,38.013439
150,257,23.901421,38.012347
150,258,23.898602,38.011886
150,259,23.895221,38.011607
150,260,23.894682,38.011268
150,261,23.894041,38.010886
150,262,23.89154,38.010345
150,263,23.888861,38.008956
150,264,23.88664,38.007037
150,265,23.885471,38.005107
150,266,23.884371,38.004169
150,267,23.884509,38.003707
150,268,23.88408,38.003589
150,269,23.883652,38.003589
150,270,23.882942,38.003737
150,271,23.882792,38.003749
150,272,23.882091,38.00378
150,273,23.88141,38.00378
150,274,23.881031,38.00378
150,275,23.88092,38.003779
150,276,23.88079,38.002391
150,277,23.880251,37.99953
150,278,23.880661,37.99657
150,279,23.88178,37.99242
150,280,23.881999,37.990669
150,281,23.881981,37.990631
150,282,23.88191,37.990501
150,283,23.881911,37.990539
150,284,23.881799,37.990421
150,285,23.88134,37.9901
150,286,23.88132,37.9901
150,287,23.88117,37.98994
150,288,23.88056,37.989311
150,289,23.87995,37.989161
150,290,23.87834,37.990123
150,291,23.875639,37.991931
150,292,23.875219,37.99295
150,293,23.8762,37.995021
150,294,23.875799,37.996852
150,295,23.874458,37.995521
150,296,23.871689,37.996379
150,297,23.870387,37.996078
150,298,23.870169,37.996028
150,299,23.867908,37.997229
150,300,23.865349,37.99866
150,301,23.865989,37.999721
150,302,23.866539,38.00106
150,303,23.867269,38.002841
150,304,23.86801,38.00476
150,305,23.868611,38.00566
150,306,23.870941,38.005271
150,307,23.87145,38.005202
150,308,23.87145,38.005202
150,309,23.87182,38.005401
150,310,23.872111,38.007289
150,311,23.870861,38.009627
150,312,23.871311,38.012546
150,313,23.871771,38.015384
150,314,23.87206,38.017074
150,315,23.871061,38.017764
150,316,23.868701,38.018016
150,317,23.867722,38.017314
150,318,23.866472,38.016456
150,319,23.865803,38.017135
150,320,23.865103,38.017757
150,321,23.864223,38.018428
150,322,23.863003,38.019199
150,323,23.861763,38.019809
150,324,23.860393,38.02024
150,325,23.859863,38.02037
150,326,23.859123,38.020561
150,327,23.857705,38.020732
150,328,23.856375,38.020984
150,329,23.855255,38.021163
150,330,23.854075,38.021335
150,331,23.853084,38.021464
150,332,23.852455,38.021545
150,333,23.851736,38.021656
150,334,23.851017,38.021755
150,335,23.850317,38.021865
150,336,23.849546,38.021994
150,337,23.848865,38.022056
150,338,23.848175,38.022056
150,339,23.847725,38.022136
150,340,23.847244,38.022216
150,341,23.847124,38.022227
150,342,23.847793,38.022135
150,343,23.848064,38.022086
150,344,23.847966,38.021995
150,345,23.847774,38.021884
150,346,23.847605,38.021896
150,347,23.847075,38.021896
150,348,23.846714,38.021907
150,349,23.846614,38.021968
150,350,23.847644,38.021899
150,351,23.847755,38.02193
150,352,23.848365,38.022029
150,353,23.849475,38.02196
150,354,23.850225,38.021869
150,355,23.851255,38.02172
150,356,23.852255,38.021579
150,357,23.851684,38.021579
150,358,23.850965,38.021591
150,359,23.850324,38.021312
150,360,23.850605,38.02061
150,361,23.851935,38.01765
150,362,23.853534,38.014121
150,363,23.855274,38.010951
150,364,23.855894,38.01052
150,365,23.857134,38.0096
150,366,23.857874,38.00904
150,367,23.857754,38.008361
150,368,23.857504,38.007991
150,369,23.857484,38.007991
150,370,23.857235,38.007159
150,371,23.855545,38.007331
150,372,23.855286,38.006209
150,373,23.856145,38.005321
150,374,23.856145,38.00357
150,375,23.858076,38.00238
150,376,23.861755,38.000121
150,377,23.865065,37.998752
150,378,23.867054,37.997684
150,379,23.870755,37.995864
150,380,23.873973,37.992996
150,381,23.877964,37.990295
150,382,23.880403,37.989154
150,383,23.881033,37.989722
150,384,23.881064,37.989784
150,385,23.881354,37.990054
150,386,23.881343,37.990066
150,387,23.881384,37.990054
150,388,23.881205,37.989895
150,389,23.881224,37.989955
150,390,23.881224,37.989967
150,391,23.881323,37.989887
150,392,23.881104,37.989608
150,393,23.880554,37.989139
150,394,23.880304,37.98894
150,395,23.879863,37.989181
150,396,23.877933,37.990401
150,397,23.875313,37.99219
150,398,23.875624,37.9934
150,399,23.876124,37.995761
150,400,23.875352,37.996482
150,401,23.873272,37.995521
150,402,23.870502,37.996143
150,403,23.870302,37.996051
150,404,23.868563,37.996921
150,405,23.865383,37.998652
150,406,23.861723,38.000194
150,407,23.858232,38.002364
150,408,23.857912,38.004134
150,409,23.858381,38.006683
150,410,23.858421,38.006782
150,411,23.858501,38.007071
150,412,23.85852,38.007141
150,413,23.858511,38.00716
150,414,23.858872,38.007381
150,415,23.86033,38.007209
150,416,23.86055,38.007388
150,417,23.860781,38.00859
150,418,23.86107,38.010322
150,419,23.861,38.012122
150,420,23.86032,38.013431
150,421,23.860279,38.01596
150,422,23.860498,38.019062
150,423,23.860439,38.020053
150,424,23.86027,38.020965
150,425,23.86005,38.022025
150,426,23.85973,38.023154
150,427,23.8594,38.023925
150,428,23.856079,38.024646
150,429,23.852459,38.025535
150,430,23.851019,38.025996
150,431,23.849669,38.026447
150,432,23.846589,38.027766
150,433,23.844389,38.028975
150,434,23.843519,38.027637
150,435,23.842409,38.027496
150,436,23.839649,38.028674
150,437,23.838389,38.029223
150,438,23.837988,38.029403
150,439,23.837818,38.029483
150,440,23.837808,38.029483
150,441,23.837078,38.029464
150,442,23.836538,38.028685
150,443,23.835709,38.027618
150,444,23.835178,38.027068
150,445,23.834518,38.026409
150,446,23.833958,38.025847
150,447,23.833257,38.024917
150,448,23.832869,38.024916
150,449,23.832758,38.024917
150,450,23.832527,38.024917
150,451,23.832518,38.024856
150,452,23.832358,38.024696
150,453,23.832598,38.024806
150,454,23.833048,38.024768
150,455,23.833927,38.025859
150,456,23.834828,38.026741
150,457,23.835188,38.027072
150,458,23.835968,38.027923
150,459,23.836328,38.028423
150,460,23.837408,38.028041
150,461,23.839918,38.027011
150,462,23.842178,38.025962
150,463,23.843178,38.026351
150,464,23.846169,38.025333
150,465,23.848879,38.024925
150,466,23.84908,38.024875
150,467,23.84908,38.024875
150,468,23.848768,38.024097
150,469,23.847168,38.021396
150,470,23.848029,38.020717
150,471,23.849959,38.020686
150,472,23.851309,38.018977
150,473,23.852939,38.015369
150,474,23.85458,38.01179
150,475,23.85709,38.00975
150,476,23.85816,38.008838
150,477,23.857669,38.008289
150,478,23.85767,38.008258
150,479,23.85741,38.007957
150,480,23.857391,38.007976
150,481,23.857302,38.007415
150,482,23.855991,38.007186
150,483,23.855122,38.006816
150,484,23.855751,38.005725
150,485,23.856312,38.004733
150,486,23.856521,38.003143
150,487,23.858961,38.001861
150,488,23.862572,37.999751
150,489,23.866041,37.998191
150,490,23.869821,37.996082
150,491,23.873402,37.993762
150,492,23.877222,37.990752
150,493,23.880103,37.988994
150,494,23.880743,37.989474
150,495,23.881463,37.990253
150,496,23.881881,37.990573
150,497,23.881881,37.990573
150,498,23.88132,37.990134
150,499,23.881281,37.990123
150,500,23.881231,37.990214
150,501,23.881192,37.990177
150,502,23.880642,37.989535
150,503,23.880041,37.989185
150,504,23.878831,37.989856
150,505,23.876513,37.991347
150,506,23.874992,37.992678
150,507,23.876183,37.99448
150,508,23.875911,37.996779
150,509,23.874761,37.99588
150,510,23.873051,37.995681
150,511,23.870491,37.99617
150,512,23.870251,37.99607
150,513,23.868,37.997241
150,514,23.864731,37.998973
150,515,23.861201,38.000403
150,516,23.857951,38.002532
150,517,23.857891,38.00458
150,518,23.85823,38.006389
150,519,23.85823,38.006408
150,520,23.858261,38.006556
150,521,23.858391,38.006958
150,522,23.858391,38.006958
150,523,23.858461,38.007216
150,524,23.858532,38.007495
150,525,23.858532,38.007507
150,526,23.859242,38.007544
150,527,23.860371,38.007434
150,528,23.860571,38.007552
150,529,23.860802,38.00886
150,530,23.861101,38.010612
150,531,23.860911,38.012344
150,532,23.860309,38.013454
150,533,23.86031,38.015704
150,534,23.860469,38.018615
150,535,23.860451,38.019855
150,536,23.860201,38.021346
150,537,23.859871,38.022716
150,538,23.859661,38.023684
150,539,23.859661,38.024905
150,540,23.859291,38.027495
150,541,23.859162,38.030357
150,542,23.857512,38.031547
150,543,23.857181,38.031665
150,544,23.856361,38.031967
150,545,23.856962,38.033034
150,546,23.857122,38.033664
150,547,23.855852,38.034732
150,548,23.853382,38.036613
150,549,23.850653,38.039562
150,550,23.847523,38.04201
150,551,23.844584,38.043651
150,552,23.844543,38.043662
150,553,23.843934,38.044014
150,554,23.842713,38.044635
150,555,23.839983,38.046306
150,556,23.839603,38.046596
150,557,23.839594,38.046596
150,558,23.839023,38.046417
150,559,23.836535,38.044555
150,560,23.833925,38.042614
150,561,23.832545,38.041633
150,562,23.830624,38.040244
150,563,23.830234,38.040416
150,564,23.829734,38.042167
150,565,23.829165,38.044028
150,566,23.827564,38.043277
150,567,23.824734,38.041877
150,568,23.822643,38.040816
150,569,23.821154,38.040378
150,570,23.819424,38.040408
150,571,23.819423,38.038787
150,572,23.819443,38.038245
150,573,23.819443,38.038234
150,574,23.819523,38.037982
150,575,23.819612,38.037971
150,576,23.819462,38.0387
150,577,23.819461,38.040378
150,578,23.821172,38.040298
150,579,23.822322,38.040576
150,580,23.822912,38.040935
150,581,23.825071,38.042003
150,582,23.827852,38.043392
150,583,23.829083,38.043879
150,584,23.829493,38.04256
150,585,23.829872,38.04127
150,586,23.830042,38.040702
150,587,23.830061,38.040664
150,588,23.83089,38.040535
150,589,23.832711,38.041743
150,590,23.835001,38.043415
150,591,23.83753,38.045222
150,592,23.83913,38.046371
150,593,23.839981,38.046111
150,594,23.843031,38.044341
150,595,23.846571,38.042312
150,596,23.85004,38.039943
150,597,23.852991,38.036811
150,598,23.856451,38.034183
150,599,23.856451,38.032241
150,600,23.855032,38.030421
150,601,23.851711,38.0279
150,602,23.85053,38.0265
150,603,23.85046,38.026451
150,604,23.850071,38.026091
150,605,23.849491,38.02518
150,606,23.848942,38.024241
150,607,23.848011,38.022472
150,608,23.847062,38.021171
150,609,23.84815,38.020771
150,610,23.850269,38.020771
150,611,23.851669,38.01839
150,612,23.85339,38.01456
150,613,23.8552,38.011058
150,614,23.857189,38.00967
150,615,23.85816,38.008948
150,616,23.858209,38.008918
150,617,23.858219,38.008758
150,618,23.85821,38.008758
150,619,23.857929,38.00835
150,620,23.85792,38.008338
150,621,23.857769,38.008147
150,622,23.857619,38.008007
150,623,23.857588,38.008007
150,624,23.857607,38.007705
150,625,23.856887,38.006927
150,626,23.855288,38.007026
150,627,23.855868,38.005886
150,628,23.856416,38.004764
150,629,23.856727,38.003112
150,630,23.860348,38.000991
150,631,23.863907,37.999351
150,632,23.867207,37.99765
150,633,23.871626,37.995627
150,634,23.874916,37.992389
150,635,23.878737,37.989868
150,636,23.880586,37.989356
150,637,23.881227,37.990059
150,638,23.881237,37.990059
150,639,23.881366,37.990039
150,640,23.881256,37.990119
150,641,23.881216,37.98997
150,642,23.880757,37.989539
150,643,23.880327,37.989139
150,644,23.880488,37.988967
150,645,23.880917,37.989059
150,646,23.881037,37.989528
150,647,23.881456,37.989959
150,648,23.881156,37.989497
150,649,23.880917,37.988987
150,650,23.880367,37.988948
150,651,23.881187,37.98994
150,652,23.881308,37.990032
150,653,23.881308,37.990013
150,654,23.881317,37.989921
150,655,23.880657,37.989311
150,656,23.880097,37.989139
150,657,23.878727,37.989917
150,658,23.876368,37.991478
150,659,23.875107,37.992706
150,660,23.876296,37.994605
150,661,23.875976,37.996795
150,662,23.874888,37.995936
150,663,23.873059,37.995757
150,664,23.870477,37.996089
150,665,23.870458,37.9961
150,666,23.870268,37.99607
150,667,23.868168,37.997168
150,668,23.865377,37.99866
150,669,23.865828,37.999431
150,670,23.866509,38.000949
150,671,23.866789,38.001598
150,672,23.867339,38.003047
150,673,23.867848,38.004397
150,674,23.868047,38.004859
150,675,23.868318,38.005401
150,676,23.868549,38.005721
150,677,23.870378,38.005401
150,678,23.871877,38.005752
150,679,23.871887,38.007663
150,680,23.870826,38.009532
150,681,23.871216,38.011981
150,682,23.871706,38.014972
150,683,23.871996,38.016841
150,684,23.871327,38.017791
150,685,23.868797,38.018062
150,686,23.867857,38.017661
150,687,23.867027,38.01641
150,688,23.866148,38.016848
150,689,23.865907,38.017119
150,690,23.865888,38.017138
150,691,23.865629,38.017349
150,692,23.865129,38.01781
150,693,23.864291,38.01847
150,694,23.862989,38.01929
150,695,23.862348,38.01958
150,696,23.862379,38.01955
150,697,23.862348,38.01955
150,698,23.861128,38.020111
150,699,23.860777,38.02019
150,700,23.860803,38.020221
150,701,23.860994,38.02008
150,702,23.861035,38.020141
150,703,23.860865,38.020209
150,704,23.860356,38.020198
150,705,23.860056,38.020038
150,706,23.858906,38.020377
150,707,23.857375,38.020678
150,708,23.855415,38.02098
150,709,23.853615,38.02122
150,710,23.852474,38.021338
150,711,23.851485,38.02156
150,712,23.851324,38.02156
150,713,23.851423,38.021621
150,714,23.851143,38.021713
150,715,23.850812,38.021602
150,716,23.850434,38.021331
150,717,23.850414,38.021362
150,718,23.850575,38.02072
150,719,23.851374,38.019019
150,720,23.852413,38.016761
150,721,23.853604,38.014152
150,722,23.854673,38.011833
150,723,23.855623,38.010524
150,724,23.855324,38.009433
150,725,23.855383,38.009543
