151,1,23.855598,38.009494
151,2,23.856438,38.009456
151,3,23.856928,38.009456
151,4,23.857968,38.008975
151,5,23.857717,38.008426
151,6,23.857427,38.008075
151,7,23.857427,38.008044
151,8,23.857337,38.007453
151,9,23.856138,38.007194
151,10,23.855218,38.007014
151,11,23.855839,38.005946
151,12,23.856449,38.005107
151,13,23.85616,38.003356
151,14,23.859089,38.001815
151,15,23.86266,37.999755
151,16,23.866299,37.998084
151,17,23.870017,37.996043
151,18,23.872667,37.994895
151,19,23.875597,37.991844
151,20,23.879647,37.989242
151,21,23.880997,37.989722
151,22,23.881237,37.990223
151,23,23.881777,37.990482
151,24,23.881357,37.99018
151,25,23.881357,37.990088
151,26,23.880996,37.989737
151,27,23.880667,37.989436
151,28,23.880278,37.989085
151,29,23.879958,37.989196
151,30,23.878437,37.990085
151,31,23.875816,37.991824
151,32,23.875246,37.992973
151,33,23.876195,37.995093
151,34,23.875647,37.996765
151,35,23.874028,37.995254
151,36,23.871237,37.996364
151,37,23.870447,37.996032
151,38,23.870228,37.996021
151,39,23.868087,37.997142
151,40,23.864967,37.998802
151,41,23.861547,38.00019
151,42,23.858207,38.002311
151,43,23.857988,38.002552
151,44,23.857908,38.00431
151,45,23.858438,38.007041
151,46,23.858549,38.007399
151,47,23.858559,38.007411
151,48,23.858688,38.00748
151,49,23.860078,38.00729
151,50,23.8604,38.007251
151,51,23.860779,38.008373
151,52,23.861149,38.010532
151,53,23.860568,38.01253
151,54,23.860379,38.013522
151,55,23.860338,38.015742
151,56,23.860477,38.018142
151,57,23.860477,38.019793
151,58,23.860227,38.021274
151,59,23.859738,38.023376
151,60,23.859678,38.025936
151,61,23.859277,38.028216
151,62,23.859167,38.030338
151,63,23.857647,38.031459
151,64,23.856727,38.031761
151,65,23.856727,38.031771
151,66,23.856598,38.032222
151,67,23.857138,38.033382
151,68,23.857097,38.03374
151,69,23.855488,38.034942
151,70,23.852919,38.037082
151,71,23.850479,38.039683
151,72,23.847479,38.042003
151,73,23.843849,38.044074
151,74,23.840839,38.045672
151,75,23.84062,38.045844
151,76,23.840231,38.046134
151,77,23.839691,38.046542
151,78,23.839682,38.046542
151,79,23.839502,38.046813
151,80,23.839872,38.048523
151,81,23.839783,38.049693
151,82,23.839783,38.049811
151,83,23.839684,38.05067
151,84,23.839653,38.050731
151,85,23.839622,38.050921
151,86,23.839413,38.051254
151,87,23.839293,38.051353
151,88,23.838472,38.051513
151,89,23.836332,38.051174
151,90,23.835583,38.051211
151,91,23.835443,38.050162
151,92,23.835554,38.050593
151,93,23.835613,38.050914
151,94,23.835653,38.051085
151,95,23.836483,38.051135
151,96,23.838293,38.051486
151,97,23.838423,38.051497
151,98,23.839582,38.049827
151,99,23.839613,38.047367
151,100,23.839422,38.047095
151,101,23.839932,38.046245
151,102,23.842762,38.044585
151,103,23.846552,38.042407
151,104,23.850242,38.039768
151,105,23.853403,38.036456
151,106,23.856613,38.034088
151,107,23.856444,38.032298
151,108,23.858312,38.031288
151,109,23.859142,38.029265
151,110,23.858251,38.027983
151,111,23.854771,38.028945
151,112,23.85353,38.027514
151,113,23.85247,38.025665
151,114,23.853229,38.025313
151,115,23.855539,38.024272
151,116,23.855349,38.02175
151,117,23.854979,38.020549
151,118,23.854417,38.018638
151,119,23.854498,38.015677
151,120,23.856828,38.013236
151,121,23.857489,38.011558
151,122,23.857239,38.009517
151,123,23.857649,38.008448
151,124,23.857649,38.008319
151,125,23.857639,38.008258
151,126,23.857309,38.007449
151,127,23.855869,38.007239
151,128,23.855199,38.006198
151,129,23.85614,38.005297
151,130,23.856109,38.003547
151,131,23.85808,38.002357
151,132,23.86172,38.000117
151,133,23.86542,37.998546
151,134,23.8692,37.996394
151,135,23.87318,37.994224
151,136,23.87676,37.991084
151,137,23.880251,37.989036
151,138,23.88116,37.989917
151,139,23.881281,37.990078
151,140,23.881331,37.990047
151,141,23.88146,37.990218
151,142,23.88188,37.990558
151,143,23.881898,37.990558
151,144,23.88176,37.990386
151,145,23.881489,37.990016
151,146,23.88143,37.990016
151,147,23.88071,37.989337
151,148,23.88038,37.988998
151,149,23.880261,37.988979
151,150,23.87936,37.989447
151,151,23.877261,37.990779
151,152,23.874981,37.9925
151,153,23.876171,37.99422
151,154,23.875931,37.99676
151,155,23.874722,37.995692
151,156,23.873032,37.995654
151,157,23.870132,37.996036
151,158,23.867603,37.997386
151,159,23.863873,37.999286
151,160,23.859983,38.001197
151,161,23.857954,38.002948
151,162,23.858013,38.005458
151,163,23.858534,38.007198
151,164,23.858553,38.007278
151,165,23.857813,38.007636
151,166,23.855312,38.008487
151,167,23.851652,38.009265
151,168,23.847502,38.009975
151,169,23.843842,38.010524
151,170,23.840182,38.010974
151,171,23.836521,38.012615
151,172,23.833571,38.013305
151,173,23.832661,38.013496
151,174,23.828821,38.013965
151,175,23.82472,38.013847
151,176,23.821801,38.013698
151,177,23.81867,38.013129
151,178,23.816471,38.012519
151,179,23.815621,38.01224
151,180,23.812441,38.011512
151,181,23.808401,38.010322
151,182,23.807992,38.010151
151,183,23.807081,38.009731
151,184,23.806511,38.009479
151,185,23.80529,38.008918
151,186,23.804109,38.008418
151,187,23.8037,38.008258
151,188,23.803629,38.008227
151,189,23.802938,38.007976
151,190,23.800969,38.007236
151,191,23.800198,38.007117
151,192,23.798687,38.006709
151,193,23.798536,38.006671
151,194,23.796547,38.005981
151,195,23.796377,38.005943
151,196,23.795878,38.005771
151,197,23.795387,38.005492
151,198,23.793648,38.004222
151,199,23.792997,38.003741
151,200,23.792467,38.003302
151,201,23.791777,38.002673
151,202,23.790818,38.002265
151,203,23.789497,38.001834
151,204,23.787967,38.001303
151,205,23.786318,38.000453
151,206,23.785598,38.000064
151,207,23.785479,38.000026
151,208,23.784168,37.999045
151,209,23.783598,37.998607
151,210,23.781359,37.996898
151,211,23.778879,37.99538
151,212,23.778109,37.994979
151,213,23.777779,37.9948
151,214,23.777548,37.994659
151,215,23.776678,37.99401
151,216,23.776658,37.993979
151,217,23.775978,37.993438
151,218,23.775947,37.993399
151,219,23.775947,37.993389
151,220,23.776138,37.992698
151,221,23.777028,37.991046
151,222,23.77911,37.988376
151,223,23.78167,37.985496
151,224,23.7817,37.983405
151,225,23.780809,37.982387
151,226,23.781768,37.981845
151,227,23.781578,37.980934
151,228,23.780147,37.980052
151,229,23.779497,37.979122
151,230,23.778797,37.978012
151,231,23.779907,37.977172
151,232,23.780098,37.977103
151,233,23.779787,37.976913
151,234,23.779926,37.977061
151,235,23.779926,37.977061
151,236,23.779216,37.977691
151,237,23.779507,37.97911
151,238,23.779917,37.97985
151,239,23.781446,37.980651
151,240,23.781876,37.981632
151,241,23.780845,37.98249
151,242,23.782165,37.983501
151,243,23.782486,37.983699
151,244,23.782486,37.98371
151,245,23.782496,37.984641
151,246,23.779986,37.987662
151,247,23.778746,37.989124
151,248,23.778616,37.989253
151,249,23.778276,37.989692
151,250,23.777996,37.990043
151,251,23.777645,37.990493
151,252,23.777204,37.991271
151,253,23.777094,37.991592
151,254,23.776544,37.992583
151,255,23.777374,37.993946
151,256,23.778314,37.994785
151,257,23.780255,37.995974
151,258,23.781423,37.996726
151,259,23.781504,37.996795
151,260,23.781814,37.997024
151,261,23.783495,37.998313
151,262,23.785475,37.999873
151,263,23.787485,38.001033
151,264,23.791164,38.002261
151,265,23.793604,38.00402
151,266,23.794033,38.00436
151,267,23.796432,38.005851
151,268,23.800462,38.00703
151,269,23.804733,38.008521
151,270,23.806543,38.00936
151,271,23.808754,38.010401
151,272,23.810894,38.011103
151,273,23.810925,38.011134
151,274,23.813534,38.011702
151,275,23.814585,38.011955
151,276,23.814675,38.012015
151,277,23.815174,38.012176
151,278,23.815313,38.012206
151,279,23.815544,38.012267
151,280,23.816544,38.012489
151,281,23.817474,38.012717
151,282,23.818544,38.012977
151,283,23.818564,38.013038
151,284,23.820222,38.013488
151,285,23.824102,38.013709
151,286,23.828402,38.013839
151,287,23.832402,38.013389
151,288,23.836432,38.012477
151,289,23.837371,38.012069
151,290,23.837501,38.012
151,291,23.837813,38.01184
151,292,23.837892,38.01181
151,293,23.838253,38.011619
151,294,23.838723,38.011397
151,295,23.839311,38.011127
151,296,23.839582,38.011047
151,297,23.840263,38.010875
151,298,23.841013,38.010783
151,299,23.843183,38.010562
151,300,23.843813,38.010494
151,301,23.846042,38.010185
151,302,23.849463,38.009574
151,303,23.852422,38.009063
151,304,23.853181,38.008945
151,305,23.853842,38.008815
151,306,23.854931,38.008495
151,307,23.85519,38.007316
151,308,23.8558,38.006026
151,309,23.856381,38.004997
151,310,23.85622,38.003238
151,311,23.85787,38.002379
151,312,23.86091,38.000419
151,313,23.86483,37.998779
151,314,23.868481,37.996779
151,315,23.87002,37.995959
151,316,23.87058,37.995811
151,317,23.873331,37.99385
151,318,23.876782,37.990989
151,319,23.880112,37.988929
151,320,23.880901,37.98957
151,321,23.881301,37.989978
151,322,23.881342,37.990107
151,323,23.881342,37.990008
151,324,23.880763,37.98947
151,325,23.880123,37.989032
151,326,23.879023,37.989643
151,327,23.876703,37.991153
151,328,23.875004,37.992622
151,329,23.876194,37.99438
151,330,23.875883,37.996779
151,331,23.874652,37.995669
151,332,23.873123,37.995632
151,333,23.870434,37.996062
151,334,23.870274,37.996013
151,335,23.868254,37.997043
151,336,23.865374,37.998572
151,337,23.861494,38.000202
151,338,23.858105,38.002353
151,339,23.857965,38.002673
151,340,23.857895,38.004642
151,341,23.858385,38.006794
151,342,23.858475,38.007083
151,343,23.858494,38.007255
151,344,23.858475,38.007255
151,345,23.858725,38.007476
151,346,23.860224,38.007266
151,347,23.860513,38.007304
151,348,23.860754,38.008506
151,349,23.861105,38.010608
151,350,23.860534,38.012519
151,351,23.860355,38.013698
151,352,23.860236,38.016189
151,353,23.860445,38.019241
151,354,23.860405,38.020041
151,355,23.860115,38.021614
151,356,23.859634,38.023925
151,357,23.859313,38.026687
151,358,23.859175,38.029827
151,359,23.858335,38.031238
151,360,23.856525,38.031829
151,361,23.856816,38.032588
151,362,23.856815,38.034008
151,363,23.854456,38.035788
151,364,23.851966,38.038028
151,365,23.849636,38.040538
151,366,23.846386,38.04253
151,367,23.843046,38.044459
151,368,23.841365,38.045371
151,369,23.840355,38.046031
151,370,23.840315,38.046069
151,371,23.839574,38.04663
151,372,23.840505,38.04732
151,373,23.841766,38.04816
151,374,23.842796,38.048819
151,375,23.843925,38.049571
151,376,23.844925,38.050429
151,377,23.845816,38.051349
151,378,23.846916,38.052119
151,379,23.848285,38.052581
151,380,23.850235,38.052371
151,381,23.852205,38.052779
151,382,23.854114,38.053111
151,383,23.854293,38.053073
151,384,23.854593,38.053272
151,385,23.855254,38.0545
151,386,23.857232,38.055622
151,387,23.857873,38.057182
151,388,23.858383,38.058803
151,389,23.857683,38.059654
151,390,23.856832,38.060443
151,391,23.856213,38.061855
151,392,23.857474,38.063414
151,393,23.858223,38.063785
151,394,23.858982,38.063834
151,395,23.858972,38.063804
151,396,23.858081,38.062194
151,397,23.858152,38.062244
151,398,23.858503,38.062786
151,399,23.858914,38.063434
151,400,23.859404,38.064025
151,401,23.858593,38.064094
151,402,23.856552,38.062724
151,403,23.856942,38.060443
151,404,23.857912,38.059032
151,405,23.857572,38.057361
151,406,23.856883,38.05561
151,407,23.854932,38.053939
151,408,23.854754,38.0536
151,409,23.853363,38.053428
151,410,23.849064,38.0527
151,411,23.845444,38.050941
151,412,23.841743,38.048179
151,413,23.839662,38.046557
151,414,23.842151,38.044887
151,415,23.843202,38.044326
151,416,23.844793,38.043395
151,417,23.847294,38.041995
151,418,23.849083,38.040905
151,419,23.852272,38.037623
151,420,23.855461,38.034835
151,421,23.856842,38.033836
151,422,23.856792,38.032805
151,423,23.856332,38.032047
151,424,23.856364,38.031886
151,425,23.858833,38.031047
151,426,23.859184,38.028186
151,427,23.859604,38.024695
151,428,23.859563,38.024128
151,429,23.859594,38.023918
151,430,23.860134,38.021369
151,431,23.860295,38.017501
151,432,23.860276,38.01372
151,433,23.859665,38.011752
151,434,23.857685,38.011642
151,435,23.857225,38.009681
151,436,23.857225,38.00954
151,437,23.858166,38.008948
151,438,23.858035,38.008689
151,439,23.858036,38.008651
151,440,23.857937,38.008491
151,441,23.857786,38.008262
151,442,23.857786,38.008224
151,443,23.857506,38.007934
151,444,23.857447,38.007923
151,445,23.857416,38.007491
151,446,23.856146,38.007201
151,447,23.855116,38.006492
151,448,23.855785,38.005382
151,449,23.856325,38.004291
151,450,23.856276,38.00331
151,451,23.859386,38.001632
151,452,23.863057,37.999591
151,453,23.866426,37.997993
151,454,23.870407,37.995922
151,455,23.873728,37.993262
151,456,23.875467,37.991912
151,457,23.878237,37.990092
151,458,23.880367,37.989074
151,459,23.881197,37.989944
151,460,23.881317,37.989993
151,461,23.880738,37.989192
151,462,23.880237,37.988971
151,463,23.879007,37.989692
151,464,23.876608,37.991263
151,465,23.875137,37.992313
151,466,23.875288,37.992911
151,467,23.876268,37.995002
151,468,23.875969,37.996761
151,469,23.874689,37.995651
151,470,23.873049,37.995651
151,471,23.870529,37.996119
151,472,23.870409,37.996051
151,473,23.868449,37.99697
151,474,23.864938,37.998858
151,475,23.862229,37.999999
151,476,23.861969,38.000911
151,477,23.861379,38.002959
151,478,23.861759,38.003749
151,479,23.862219,38.00487
151,480,23.861928,38.005939
151,481,23.86192,38.0069
151,482,23.862379,38.00687
151,483,23.86537,38.006247
151,484,23.867309,38.005896
151,485,23.870119,38.005386
151,486,23.871569,38.005157
151,487,23.872108,38.006827
151,488,23.870779,38.009128
151,489,23.87126,38.012267
151,490,23.871768,38.015377
151,491,23.87208,38.017158
151,492,23.869921,38.017818
151,493,23.867771,38.017429
151,494,23.866541,38.016338
151,495,23.86549,38.017318
151,496,23.86474,38.018127
151,497,23.863729,38.018828
151,498,23.86275,38.01945
151,499,23.862098,38.01974
151,500,23.861778,38.02122
151,501,23.861248,38.022079
151,502,23.860098,38.02227
151,503,23.859958,38.02259
151,504,23.859739,38.024021
151,505,23.859458,38.02645
151,506,23.859308,38.027732
151,507,23.858059,38.027953
151,508,23.854879,38.028884
151,509,23.85388,38.029426
151,510,23.85264,38.028907
151,511,23.852609,38.029018
151,512,23.8529,38.029399
151,513,23.85326,38.029941
151,514,23.85359,38.030452
151,515,23.85404,38.031143
151,516,23.85471,38.032203
151,517,23.855021,38.032264
151,518,23.8551,38.032936
151,519,23.85503,38.032806
151,520,23.85483,38.032386
151,521,23.854811,38.032367
151,522,23.853892,38.030978
151,523,23.854101,38.030288
151,524,23.853712,38.029468
151,525,23.851223,38.027247
151,526,23.850202,38.026279
151,527,23.848812,38.024077
151,528,23.847123,38.021369
151,529,23.848052,38.020801
151,530,23.850143,38.02077
151,531,23.851473,38.018779
151,532,23.853153,38.01504
151,533,23.854914,38.011352
151,534,23.857153,38.009754
151,535,23.858183,38.008914
151,536,23.857412,38.008143
151,537,23.857393,38.008075
151,538,23.857393,38.008044
151,539,23.857233,38.007273
151,540,23.855614,38.007343
151,541,23.855012,38.006374
151,542,23.855812,38.005355
151,543,23.856253,38.004074
151,544,23.857342,38.002773
151,545,23.860641,38.000732
151,546,23.864252,37.99916
151,547,23.867761,37.997299
151,548,23.871771,37.995491
151,549,23.875021,37.992229
151,550,23.878752,37.989779
151,551,23.880602,37.989311
151,552,23.881302,37.990062
151,553,23.881342,37.990001
151,554,23.881342,37.990039
151,555,23.881261,37.990039
151,556,23.880941,37.989669
151,557,23.880591,37.989349
151,558,23.880279,37.98907
151,559,23.87936,37.989539
151,560,23.87723,37.99089
151,561,23.875099,37.992369
151,562,23.875209,37.992889
151,563,23.876261,37.994938
151,564,23.875842,37.996837
151,565,23.874432,37.995448
151,566,23.871742,37.996386
151,567,23.870493,37.996146
151,568,23.870443,37.996108
151,569,23.868704,37.99678
151,570,23.865734,37.998409
151,571,23.862443,37.99982
151,572,23.859483,38.001571
151,573,23.857934,38.003089
151,574,23.858094,38.005679
151,575,23.858414,38.00685
151,576,23.858484,38.007091
151,577,23.858494,38.00724
151,578,23.858474,38.00727
151,579,23.858124,38.007659
151,580,23.856083,38.00833
151,581,23.856743,38.009131
151,582,23.856753,38.009921
151,583,23.855862,38.010489
151,584,23.854332,38.012432
151,585,23.852962,38.015483
151,586,23.851473,38.018795
151,587,23.850322,38.021094
151,588,23.850493,38.021335
151,589,23.850933,38.021526
151,590,23.851392,38.021525
151,591,23.851963,38.021445
151,592,23.852333,38.021427
151,593,23.851972,38.021624
151,594,23.851193,38.021735
151,595,23.850453,38.021896
151,596,23.849783,38.021957
151,597,23.849243,38.022098
151,598,23.849243,38.022098
151,599,23.849224,38.022098
151,600,23.848574,38.022086
151,601,23.847843,38.022125
151,602,23.847094,38.022216
151,603,23.846314,38.022376
151,604,23.845474,38.022487
151,605,23.844704,38.022597
151,606,23.844004,38.022708
151,607,23.843263,38.022758
151,608,23.842823,38.022769
151,609,23.842703,38.02275
151,610,23.842743,38.022651
151,611,23.842684,38.022792
151,612,23.842354,38.022812
151,613,23.842193,38.022861
151,614,23.842424,38.0228
151,615,23.842674,38.022681
151,616,23.842754,38.022681
151,617,23.842714,38.022693
151,618,23.843075,38.022704
151,619,23.843254,38.022705
151,620,23.843565,38.022693
151,621,23.844245,38.022644
151,622,23.845057,38.022483
151,623,23.846068,38.022372
151,624,23.847008,38.022201
151,625,23.847967,38.022083
151,626,23.849018,38.022044
151,627,23.849798,38.021903
151,628,23.850609,38.021843
151,629,23.851559,38.021663
151,630,23.852318,38.021442
151,631,23.851417,38.021552
151,632,23.850588,38.02146
151,633,23.850418,38.02093
151,634,23.851239,38.019252
151,635,23.852238,38.017013
151,636,23.853459,38.014293
151,637,23.854668,38.011691
151,638,23.855519,38.010181
151,639,23.855319,38.009349
151,640,23.855417,38.009608
