152,1,23.85538,38.009726
152,2,23.855581,38.010615
152,3,23.856392,38.010177
152,4,23.857131,38.009689
152,5,23.858143,38.008929
152,6,23.857461,38.008109
152,7,23.857413,38.00801
152,8,23.857123,38.007098
152,9,23.855802,38.007289
152,10,23.855022,38.0064
152,11,23.855732,38.005409
152,12,23.856312,38.004527
152,13,23.856633,38.003157
152,14,23.858692,38.002067
152,15,23.860444,38.000876
152,16,23.862864,37.999675
152,17,23.866313,37.998077
152,18,23.870045,37.996048
152,19,23.873434,37.993747
152,20,23.874864,37.992347
152,21,23.877964,37.990299
152,22,23.880375,37.989128
152,23,23.881106,37.989867
152,24,23.881385,37.990138
152,25,23.881456,37.990126
152,26,23.881627,37.990245
152,27,23.881915,37.990516
152,28,23.881897,37.990566
152,29,23.881697,37.990356
152,30,23.881336,37.990104
152,31,23.881376,37.990134
152,32,23.881977,37.990554
152,33,23.882177,37.990874
152,34,23.881897,37.991904
152,35,23.881316,37.993976
152,36,23.880618,37.996535
152,37,23.880167,37.999366
152,38,23.880608,38.001727
152,39,23.880667,38.002159
152,40,23.880697,38.002208
152,41,23.881407,38.002338
152,42,23.883066,38.002326
152,43,23.884086,38.001926
152,44,23.884817,38.001666
152,45,23.884617,38.002597
152,46,23.884487,38.003376
152,47,23.885236,38.003536
152,48,23.887078,38.003837
152,49,23.888918,38.004127
152,50,23.890718,38.004428
152,51,23.894749,38.003917
152,52,23.899238,38.003127
152,53,23.903618,38.002628
152,54,23.908268,38.002548
152,55,23.912108,38.001499
152,56,23.915317,37.999389
152,57,23.918268,37.998618
152,58,23.918259,37.99863
152,59,23.918119,37.998481
152,60,23.91983,37.99821
152,61,23.923411,37.997569
152,62,23.92383,37.997531
152,63,23.92371,37.997531
152,64,23.92304,37.997672
152,65,23.919171,37.998424
152,66,23.914051,37.999732
152,67,23.910912,38.002464
152,68,23.9057,38.002593
152,69,23.900422,38.003074
152,70,23.89623,38.003752
152,71,23.891771,38.004554
152,72,23.88837,38.004154
152,73,23.88586,38.003772
152,74,23.885499,38.003661
152,75,23.884979,38.003562
152,76,23.884329,38.003451
152,77,23.884128,38.003452
152,78,23.883579,38.00347
152,79,23.882569,38.003661
152,80,23.882229,38.003711
152,81,23.881539,38.003749
152,82,23.880937,38.0032
152,83,23.880826,38.001949
152,84,23.880527,38.00043
152,85,23.880618,37.997241
152,86,23.881607,37.993441
152,87,23.882237,37.991001
152,88,23.882086,37.99068
152,89,23.881596,37.990299
152,90,23.881515,37.990218
152,91,23.881376,37.990188
152,92,23.881346,37.989887
152,93,23.881226,37.990016
152,94,23.880926,37.989646
152,95,23.880256,37.988986
152,96,23.879446,37.989375
152,97,23.877426,37.990657
152,98,23.874866,37.992336
152,99,23.873756,37.991046
152,100,23.872196,37.989776
152,101,23.869837,37.990627
152,102,23.868496,37.990059
152,103,23.866325,37.988448
152,104,23.865076,37.9864
152,105,23.863787,37.985358
152,106,23.862538,37.984008
152,107,23.861297,37.983046
152,108,23.859358,37.982486
152,109,23.856829,37.982067
152,110,23.856558,37.982586
152,111,23.856379,37.983325
152,112,23.85595,37.984245
152,113,23.854318,37.984546
152,114,23.851889,37.984188
152,115,23.851559,37.984138
152,116,23.851528,37.984149
152,117,23.851429,37.984149
152,118,23.85162,37.982761
152,119,23.852141,37.980739
152,120,23.85124,37.980639
152,121,23.850139,37.980571
152,122,23.849168,37.980491
152,123,23.848488,37.98038
152,124,23.848099,37.980189
152,125,23.847888,37.979961
152,126,23.847889,37.97964
152,127,23.849428,37.979652
152,128,23.851469,37.979682
152,129,23.852319,37.979712
152,130,23.85235,37.979712
152,131,23.8524,37.979854
152,132,23.85196,37.981372
152,133,23.851728,37.982192
152,134,23.851589,37.982673
152,135,23.851219,37.984012
152,136,23.851219,37.984062
152,137,23.853109,37.984432
152,138,23.855138,37.984561
152,139,23.85611,37.983302
152,140,23.85685,37.982181
152,141,23.85962,37.98262
152,142,23.861829,37.983558
152,143,23.8624,37.984866
152,144,23.86471,37.986037
152,145,23.86603,37.988109
152,146,23.86808,37.98994
152,147,23.870331,37.990211
152,148,23.872819,37.989959
152,149,23.87459,37.99216
152,150,23.87463,37.992199
152,151,23.87524,37.99208
152,152,23.878001,37.990261
152,153,23.880301,37.989059
152,154,23.881131,37.989898
152,155,23.881291,37.990096
152,156,23.88143,37.990188
152,157,23.881131,37.989837
152,158,23.88052,37.989257
152,159,23.880249,37.989028
152,160,23.88012,37.989059
152,161,23.87891,37.989749
152,162,23.876539,37.99129
152,163,23.874948,37.992492
152,164,23.875839,37.993774
152,165,23.87596,37.996395
152,166,23.87505,37.996142
152,167,23.873069,37.995662
152,168,23.87044,37.996062
152,169,23.87027,37.996024
152,170,23.868308,37.997016
152,171,23.864938,37.998824
152,172,23.861019,38.000495
152,173,23.858179,38.002327
152,174,23.858018,38.002826
152,175,23.857988,38.005096
152,176,23.858417,38.006755
152,177,23.858417,38.006767
152,178,23.858537,38.007228
152,179,23.858528,38.00724
152,180,23.858537,38.0073
152,181,23.858187,38.007602
152,182,23.856938,38.00801
152,183,23.856237,38.00854
152,184,23.857128,38.009479
152,185,23.855839,38.010497
152,186,23.855799,38.011188
152,187,23.855869,38.011569
152,188,23.855869,38.011538
152,189,23.855919,38.01173
152,190,23.857019,38.011848
152,191,23.85763,38.011756
152,192,23.857519,38.011306
152,193,23.857289,38.011386
152,194,23.857538,38.011325
152,195,23.857358,38.010635
152,196,23.857358,38.010635
152,197,23.857378,38.010334
152,198,23.857338,38.009475
152,199,23.858068,38.008735
152,200,23.857408,38.008014
152,201,23.857408,38.007995
152,202,23.857149,38.007056
152,203,23.855518,38.007334
152,204,23.855219,38.006214
152,205,23.855938,38.005324
152,206,23.856219,38.003993
152,207,23.857297,38.002784
152,208,23.860739,38.000633
152,209,23.864328,37.999122
152,210,23.867769,37.997283
152,211,23.870039,37.996032
152,212,23.870579,37.995871
152,213,23.873208,37.994193
152,214,23.874449,37.992614
152,215,23.876619,37.991164
152,216,23.8801,37.989006
152,217,23.88051,37.989246
152,218,23.88125,37.990047
152,219,23.881232,37.990047
152,220,23.88166,37.990417
152,221,23.882089,37.990725
152,222,23.88216,37.990794
152,223,23.88184,37.991965
152,224,23.881159,37.994445
152,225,23.880289,37.997603
152,226,23.880468,38.000705
152,227,23.880708,38.003104
152,228,23.880728,38.003196
152,229,23.880758,38.003386
152,230,23.880768,38.003406
152,231,23.880768,38.003497
152,232,23.880287,38.003638
152,233,23.879137,38.003749
152,234,23.878378,38.003749
152,235,23.877928,38.003768
152,236,23.876799,38.00386
152,237,23.875688,38.004131
152,238,23.875478,38.004249
152,239,23.875999,38.004157
152,240,23.875759,38.004188
152,241,23.875408,38.004279
152,242,23.875518,38.004242
152,243,23.876379,38.00397
152,244,23.87851,38.003872
152,245,23.880748,38.003833
152,246,23.88065,38.002624
152,247,23.88026,37.999923
152,248,23.880751,37.996044
152,249,23.88175,37.992393
152,250,23.881929,37.990623
152,251,23.881529,37.990222
152,252,23.881498,37.990222
152,253,23.881498,37.990131
152,254,23.881338,37.98997
152,255,23.881338,37.98994
152,256,23.880978,37.989471
152,257,23.880358,37.988952
152,258,23.880349,37.988971
152,259,23.879658,37.989379
152,260,23.877728,37.99058
152,261,23.875217,37.99232
152,262,23.875658,37.993479
152,263,23.876127,37.995891
152,264,23.875476,37.996619
152,265,23.873766,37.995269
152,266,23.870855,37.996287
152,267,23.870415,37.996059
152,268,23.870415,37.996059
152,269,23.870184,37.996028
152,270,23.867985,37.997199
152,271,23.864584,37.999007
152,272,23.860794,38.000648
152,273,23.858173,38.002337
152,274,23.857914,38.003818
152,275,23.857994,38.005008
152,276,23.858013,38.005206
152,277,23.858033,38.005397
152,278,23.858063,38.005546
152,279,23.858173,38.005965
152,280,23.858173,38.006004
152,281,23.858223,38.006183
152,282,23.858303,38.006473
152,283,23.858313,38.00651
152,284,23.858464,38.00698
152,285,23.858482,38.006999
152,286,23.858532,38.007198
152,287,23.858562,38.007339
152,288,23.858572,38.00735
152,289,23.858961,38.007331
152,290,23.86038,38.007152
152,291,23.8604,38.007183
152,292,23.860639,38.007484
152,293,23.86091,38.008804
152,294,23.86121,38.010563
152,295,23.861249,38.011501
152,296,23.861249,38.011501
152,297,23.86145,38.011401
152,298,23.860611,38.011512
152,299,23.86034,38.010783
152,300,23.85976,38.010322
152,301,23.85852,38.009002
152,302,23.85763,38.008091
152,303,23.85747,38.007869
152,304,23.85718,38.007018
152,305,23.855869,38.007247
152,306,23.855151,38.006728
152,307,23.85577,38.005539
152,308,23.8563,38.00444
152,309,23.856889,38.002978
152,310,23.86003,38.00114
152,311,23.862139,37.999919
152,312,23.865059,37.998729
152,313,23.868299,37.996978
152,314,23.870199,37.995967
152,315,23.873079,37.994395
152,316,23.87434,37.992687
152,317,23.875949,37.991607
152,318,23.87944,37.989356
152,319,23.88085,37.989554
152,320,23.88147,37.990184
152,321,23.881469,37.990222
152,322,23.881781,37.990523
152,323,23.881911,37.990634
152,324,23.88192,37.990634
152,325,23.88201,37.990665
152,326,23.88188,37.990634
152,327,23.881509,37.990333
152,328,23.88134,37.990161
152,329,23.881331,37.990161
152,330,23.881291,37.990112
152,331,23.8808,37.989623
152,332,23.880411,37.989242
152,333,23.880272,37.989082
152,334,23.879491,37.989471
152,335,23.877252,37.990882
152,336,23.874983,37.992652
152,337,23.876244,37.9947
152,338,23.875633,37.996803
152,339,23.873663,37.995292
152,340,23.870733,37.99623
152,341,23.870463,37.996089
152,342,23.868362,37.996989
152,343,23.864733,37.99895
152,344,23.860881,38.000579
152,345,23.858192,38.002337
152,346,23.857893,38.004409
152,347,23.858333,38.00666
152,348,23.858343,38.00669
152,349,23.858503,38.007232
152,350,23.858503,38.007243
152,351,23.858562,38.007464
152,352,23.857162,38.008006
152,353,23.856302,38.008655
152,354,23.857202,38.009723
152,355,23.855491,38.010803
152,356,23.853811,38.013652
152,357,23.852171,38.017283
152,358,23.850681,38.020553
152,359,23.84921,38.020591
152,360,23.847641,38.0209
152,361,23.847031,38.021098
152,362,23.846839,38.021128
152,363,23.844829,38.021327
152,364,23.842529,38.021445
152,365,23.839609,38.021754
152,366,23.837898,38.021254
152,367,23.836998,38.020744
152,368,23.837309,38.020343
152,369,23.836998,38.020042
152,370,23.836668,38.020072
152,371,23.837069,38.020023
152,372,23.837038,38.020652
152,373,23.837969,38.021163
152,374,23.840158,38.021704
152,375,23.842579,38.021445
152,376,23.844019,38.021408
152,377,23.84537,38.021209
152,378,23.846868,38.021049
152,379,23.847998,38.020748
152,380,23.849968,38.020686
152,381,23.851328,38.018996
152,382,23.852768,38.015815
152,383,23.854328,38.012367
152,384,23.856538,38.010116
152,385,23.857889,38.009055
152,386,23.85779,38.008334
152,387,23.857731,38.008243
152,388,23.857641,38.008063
152,389,23.85749,38.007934
152,390,23.857459,38.007933
152,391,23.857559,38.007713
152,392,23.856918,38.006873
152,393,23.855358,38.007361
152,394,23.855457,38.006172
152,395,23.856227,38.005321
152,396,23.856209,38.003662
152,397,23.857699,38.00262
152,398,23.859,38.001929
152,399,23.862459,37.999881
152,400,23.866168,37.998222
152,401,23.869888,37.996162
152,402,23.870709,37.995921
152,403,23.873329,37.99409
152,404,23.874569,37.992591
152,405,23.875109,37.99221
152,406,23.875109,37.99221
152,407,23.876509,37.991328
152,408,23.879817,37.98925
152,409,23.881078,37.989871
152,410,23.881078,37.990462
152,411,23.881249,37.990753
152,412,23.881249,37.990753
152,413,23.881289,37.990763
152,414,23.881868,37.990935
152,415,23.882019,37.990795
152,416,23.882019,37.990806
152,417,23.881939,37.990696
152,418,23.881948,37.990684
152,419,23.881878,37.990585
152,420,23.881928,37.990676
152,421,23.881748,37.990344
152,422,23.881449,37.990153
152,423,23.881439,37.990104
152,424,23.881319,37.989894
152,425,23.880578,37.989142
152,426,23.880329,37.988982
152,427,23.879309,37.989543
152,428,23.877178,37.990905
152,429,23.875109,37.992343
152,430,23.874979,37.992454
152,431,23.87547,37.993205
152,432,23.876219,37.995166
152,433,23.875899,37.996818
152,434,23.875139,37.996238
152,435,23.87336,37.995448
152,436,23.870618,37.996169
152,437,23.870468,37.996089
152,438,23.868769,37.996718
152,439,23.865898,37.99831
152,440,23.865708,37.999099
152,441,23.866238,38.000148
152,442,23.866487,38.000819
152,443,23.867027,38.002128
152,444,23.867577,38.003619
152,445,23.867927,38.004539
152,446,23.868448,38.00563
152,447,23.868688,38.00566
152,448,23.87094,38.005279
152,449,23.87176,38.005279
152,450,23.872089,38.00701
152,451,23.870748,38.008712
152,452,23.871088,38.011261
152,453,23.871538,38.013942
152,454,23.871869,38.016082
152,455,23.872168,38.017642
152,456,23.869507,38.017921
152,457,23.867848,38.017619
152,458,23.866889,38.01633
152,459,23.866268,38.01665
152,460,23.865667,38.01723
152,461,23.864948,38.01789
152,462,23.864118,38.018512
152,463,23.863219,38.019031
152,464,23.862158,38.019622
152,465,23.861248,38.020041
152,466,23.860647,38.020282
152,467,23.860718,38.020293
152,468,23.860299,38.020293
152,469,23.859128,38.020313
152,470,23.860279,38.020282
152,471,23.861069,38.020152
152,472,23.862249,38.019611
152,473,23.86335,38.018988
152,474,23.86417,38.018477
152,475,23.864811,38.017997
152,476,23.865371,38.017478
152,477,23.865921,38.01699
152,478,23.866411,38.016502
152,479,23.866562,38.016261
152,480,23.865991,38.016063
152,481,23.865881,38.015872
152,482,23.866362,38.015193
152,483,23.866941,38.014201
152,484,23.86704,38.013801
152,485,23.866991,38.01393
152,486,23.86701,38.014041
152,487,23.867069,38.013443
152,488,23.866029,38.015773
152,489,23.86599,38.016094
152,490,23.866409,38.016223
152,491,23.866589,38.016475
152,492,23.866277,38.016734
152,493,23.866028,38.017013
152,494,23.865737,38.017291
152,495,23.865349,38.017642
152,496,23.864998,38.017982
152,497,23.864588,38.018302
152,498,23.864107,38.018622
152,499,23.863567,38.018912
152,500,23.862917,38.019245
152,501,23.862708,38.019385
152,502,23.862737,38.019325
152,503,23.862457,38.019424
152,504,23.862207,38.019584
152,505,23.862158,38.019534
152,506,23.862158,38.019515
152,507,23.861107,38.019996
152,508,23.861246,38.019958
152,509,23.861927,38.019637
152,510,23.862377,38.019367
152,511,23.862397,38.019367
152,512,23.862945,38.019115
152,513,23.863886,38.018596
152,514,23.864656,38.018085
152,515,23.865057,38.017985
152,516,23.864456,38.018367
152,517,23.863116,38.019268
152,518,23.861756,38.020247
152,519,23.861935,38.021838
152,520,23.861355,38.022037
152,521,23.860424,38.022197
152,522,23.860114,38.022289
152,523,23.860073,38.022289
152,524,23.860213,38.02103
152,525,23.860383,38.018058
152,526,23.860382,38.01477
152,527,23.860012,38.011958
152,528,23.858232,38.011959
152,529,23.856003,38.01173
152,530,23.855732,38.010768
152,531,23.855501,38.009726
152,532,23.85539,38.009369
152,533,23.85544,38.009658
