153,1,23.856068,38.009475
153,2,23.856767,38.009475
153,3,23.856878,38.009463
153,4,23.857628,38.009162
153,5,23.857949,38.008754
153,6,23.857628,38.008434
153,7,23.857647,38.008342
153,8,23.857597,38.008144
153,9,23.857487,38.007934
153,10,23.857487,38.007896
153,11,23.857607,38.007636
153,12,23.857037,38.006866
153,13,23.855485,38.007377
153,14,23.855175,38.006206
153,15,23.855865,38.005294
153,16,23.856285,38.004093
153,17,23.856695,38.003093
153,18,23.859905,38.001273
153,19,23.863346,37.999492
153,20,23.866636,37.997893
153,21,23.870056,37.996005
153,22,23.870065,37.995986
153,23,23.872305,37.995135
153,24,23.874555,37.992496
153,25,23.875666,37.991745
153,26,23.879095,37.989513
153,27,23.880766,37.989383
153,28,23.881386,37.990013
153,29,23.881697,37.990402
153,30,23.881597,37.990291
153,31,23.881668,37.99052
153,32,23.881348,37.99015
153,33,23.881209,37.99018
153,34,23.881239,37.99002
153,35,23.881199,37.990031
153,36,23.880838,37.989593
153,37,23.880659,37.989432
153,38,23.88065,37.989432
153,39,23.88043,37.989223
153,40,23.87993,37.989112
153,41,23.87862,37.989864
153,42,23.875949,37.991634
153,43,23.87525,37.993022
153,44,23.87607,37.995334
153,45,23.87534,37.996585
153,46,23.87348,37.995296
153,47,23.870689,37.996017
153,48,23.869369,37.996215
153,49,23.866359,37.997935
153,50,23.862539,37.999668
153,51,23.859219,38.001647
153,52,23.857939,38.002818
153,53,23.858028,38.005527
153,54,23.858509,38.007167
153,55,23.858539,38.007346
153,56,23.857808,38.007686
153,57,23.85583,38.008357
153,58,23.853939,38.008906
153,59,23.852419,38.009166
153,60,23.848509,38.009868
153,61,23.844679,38.010448
153,62,23.84055,38.010909
153,63,23.836349,38.012667
153,64,23.833661,38.013278
153,65,23.83186,38.013679
153,66,23.828119,38.014029
153,67,23.826999,38.014019
153,68,23.826319,38.013988
153,69,23.825779,38.013949
153,70,23.825138,38.013919
153,71,23.823998,38.013858
153,72,23.823288,38.013846
153,73,23.822107,38.013785
153,74,23.822076,38.013774
153,75,23.821137,38.013694
153,76,23.818696,38.013183
153,77,23.816347,38.012615
153,78,23.814028,38.012065
153,79,23.813618,38.011966
153,80,23.812668,38.011756
153,81,23.809227,38.010856
153,82,23.807847,38.010265
153,83,23.807546,38.010116
153,84,23.806667,38.009708
153,85,23.806207,38.009517
153,86,23.806097,38.009448
153,87,23.805597,38.009219
153,88,23.805316,38.009048
153,89,23.805197,38.008968
153,90,23.804648,38.008635
153,91,23.804838,38.008605
153,92,23.80519,38.008746
153,93,23.805929,38.009116
153,94,23.80703,38.009677
153,95,23.80908,38.010638
153,96,23.81102,38.011187
153,97,23.81102,38.011187
153,98,23.8113,38.011256
153,99,23.814421,38.011985
153,100,23.817332,38.012756
153,101,23.819431,38.013355
153,102,23.823591,38.013743
153,103,23.828451,38.013893
153,104,23.830042,38.013862
153,105,23.830982,38.013721
153,106,23.832152,38.013469
153,107,23.83447,38.012939
153,108,23.83782,38.011817
153,109,23.8416,38.010757
153,110,23.8458,38.010268
153,111,23.850861,38.009387
153,112,23.85403,38.008819
153,113,23.854801,38.007751
153,114,23.85497,38.00629
153,115,23.855811,38.005279
153,116,23.85617,38.003787
153,117,23.857552,38.002597
153,118,23.860891,38.000495
153,119,23.864762,37.998866
153,120,23.867092,37.997615
153,121,23.871372,37.995635
153,122,23.874523,37.992557
153,123,23.877653,37.990466
153,124,23.880333,37.989036
153,125,23.881183,37.989867
153,126,23.881403,37.989986
153,127,23.881413,37.989997
153,128,23.881582,37.990337
153,129,23.881893,37.990558
153,130,23.881934,37.990539
153,131,23.881884,37.990397
153,132,23.881495,37.990146
153,133,23.881384,37.990054
153,134,23.881343,37.990085
153,135,23.881214,37.989974
153,136,23.880504,37.989265
153,137,23.880285,37.989093
153,138,23.879394,37.989532
153,139,23.877224,37.990912
153,140,23.875075,37.992405
153,141,23.875105,37.992736
153,142,23.876274,37.994545
153,143,23.875904,37.996833
153,144,23.874474,37.995513
153,145,23.873093,37.995661
153,146,23.870533,37.996131
153,147,23.869552,37.996279
153,148,23.866533,37.998012
153,149,23.862944,37.999682
153,150,23.859253,38.001762
153,151,23.857933,38.003452
153,152,23.858192,38.00611
153,153,23.858452,38.00695
153,154,23.858452,38.00698
153,155,23.858522,38.007259
153,156,23.858513,38.007259
153,157,23.858532,38.007399
153,158,23.859741,38.007339
153,159,23.860341,38.007258
153,160,23.860623,38.007407
153,161,23.860862,38.008838
153,162,23.861174,38.010959
153,163,23.860304,38.012691
153,164,23.860394,38.013942
153,165,23.860264,38.016422
153,166,23.860314,38.017124
153,167,23.860483,38.019065
153,168,23.860464,38.019793
153,169,23.860344,38.020572
153,170,23.860294,38.02085
153,171,23.860235,38.021141
153,172,23.859964,38.022369
153,173,23.859734,38.0232
153,174,23.859644,38.023769
153,175,23.859574,38.023967
153,176,23.857054,38.024398
153,177,23.853612,38.02523
153,178,23.850492,38.026241
153,179,23.850492,38.026241
153,180,23.850332,38.026278
153,181,23.848411,38.026908
153,182,23.845321,38.028548
153,183,23.844262,38.02898
153,184,23.843231,38.027209
153,185,23.841702,38.027801
153,186,23.838581,38.029162
153,187,23.83752,38.029643
153,188,23.837501,38.029643
153,189,23.836861,38.029144
153,190,23.83653,38.028705
153,191,23.835361,38.027243
153,192,23.833872,38.025725
153,193,23.832981,38.024966
153,194,23.83258,38.025478
153,195,23.83191,38.025879
153,196,23.831271,38.026217
153,197,23.83037,38.02676
153,198,23.828979,38.02766
153,199,23.82882,38.027751
153,200,23.822988,38.032832
153,201,23.822668,38.033111
153,202,23.822658,38.033122
153,203,23.822649,38.033183
153,204,23.822569,38.033252
153,205,23.822599,38.033161
153,206,23.822729,38.033042
153,207,23.82329,38.032592
153,208,23.823361,38.032531
153,209,23.829081,38.02758
153,210,23.829081,38.02766
153,211,23.82933,38.027549
153,212,23.82991,38.027141
153,213,23.830731,38.026599
153,214,23.831541,38.026111
153,215,23.832001,38.02584
153,216,23.83254,38.02544
153,217,23.833031,38.024848
153,218,23.83369,38.025417
153,219,23.833869,38.025737
153,220,23.834999,38.026909
153,221,23.836279,38.028339
153,222,23.836948,38.028308
153,223,23.839029,38.027477
153,224,23.841529,38.026316
153,225,23.842529,38.026187
153,226,23.843839,38.026076
153,227,23.84724,38.025276
153,228,23.849109,38.024917
153,229,23.849119,38.024917
153,230,23.849119,38.024726
153,231,23.84787,38.022334
153,232,23.84712,38.021064
153,233,23.848921,38.020576
153,234,23.85079,38.020275
153,235,23.852261,38.017035
153,236,23.853981,38.013217
153,237,23.856191,38.010379
153,238,23.85756,38.009269
153,239,23.858172,38.008918
153,240,23.857651,38.008308
153,241,23.857432,38.008048
153,242,23.857373,38.008018
153,243,23.857532,38.007907
153,244,23.856872,38.007057
153,245,23.855262,38.007197
153,246,23.855873,38.006026
153,247,23.856403,38.004997
153,248,23.856234,38.003344
153,249,23.858623,38.002094
153,250,23.861944,38.000045
153,251,23.865275,37.998633
153,252,23.868694,37.996722
153,253,23.872524,37.995002
153,254,23.874683,37.992462
153,255,23.877794,37.990382
153,256,23.880154,37.988971
153,257,23.880594,37.98928
153,258,23.881374,37.990131
153,259,23.881355,37.990092
153,260,23.881396,37.990081
153,261,23.881275,37.989989
153,262,23.881235,37.99005
153,263,23.881225,37.98997
153,264,23.880926,37.9897
153,265,23.880787,37.989551
153,266,23.880427,37.989211
153,267,23.880115,37.989093
153,268,23.878925,37.989753
153,269,23.876544,37.991313
153,270,23.875074,37.992782
153,271,23.876234,37.9947
153,272,23.875834,37.996871
153,273,23.874223,37.99538
153,274,23.871374,37.996459
153,275,23.869224,37.996459
153,276,23.866004,37.998279
153,277,23.862425,37.99985
153,278,23.862055,38.000541
153,279,23.861546,38.002372
153,280,23.861636,38.003531
153,281,23.862215,38.005012
153,282,23.861904,38.006061
153,283,23.862144,38.006949
153,284,23.864886,38.0064
153,285,23.868987,38.00566
153,286,23.869646,38.005542
153,287,23.870306,38.005424
153,288,23.870315,38.005424
153,289,23.871246,38.005275
153,290,23.871246,38.005275
153,291,23.871496,38.005244
153,292,23.871496,38.005244
153,293,23.871896,38.005996
153,294,23.871468,38.007995
153,295,23.870946,38.010585
153,296,23.871428,38.013515
153,297,23.871868,38.016216
153,298,23.872139,38.017646
153,299,23.869349,38.017967
153,300,23.867658,38.017215
153,301,23.866518,38.016406
153,302,23.865728,38.017208
153,303,23.864828,38.017978
153,304,23.863597,38.018809
153,305,23.861979,38.019698
153,306,23.860529,38.020289
153,307,23.8599,38.020339
153,308,23.859101,38.020568
153,309,23.857641,38.020846
153,310,23.856281,38.021075
153,311,23.85497,38.021274
153,312,23.853831,38.021403
153,313,23.852951,38.021514
153,314,23.852402,38.021594
153,315,23.852362,38.021594
153,316,23.85221,38.021514
153,317,23.851211,38.021655
153,318,23.851112,38.021667
153,319,23.850842,38.021678
153,320,23.85053,38.021407
153,321,23.85037,38.020969
153,322,23.850941,38.01992
153,323,23.852301,38.01688
153,324,23.85388,38.013328
153,325,23.855459,38.010806
153,326,23.85715,38.009684
153,327,23.85817,38.008784
153,328,23.857519,38.008174
153,329,23.85738,38.007964
153,330,23.85713,38.007095
153,331,23.855459,38.007415
153,332,23.855298,38.006236
153,333,23.85623,38.005336
153,334,23.856119,38.003505
153,335,23.857929,38.002463
153,336,23.861159,38.000392
153,337,23.864838,37.998882
153,338,23.868067,37.997149
153,339,23.871638,37.995559
153,340,23.874467,37.99261
153,341,23.877647,37.990481
153,342,23.880166,37.988982
153,343,23.880586,37.989314
153,344,23.880827,37.989494
153,345,23.880926,37.989604
153,346,23.881247,37.989955
153,347,23.881317,37.990104
153,348,23.881366,37.990013
153,349,23.881296,37.989982
153,350,23.881247,37.990013
153,351,23.881188,37.989753
153,352,23.880617,37.989185
153,353,23.880157,37.988994
153,354,23.878897,37.989723
153,355,23.876485,37.991302
153,356,23.875095,37.992652
153,357,23.876276,37.994563
153,358,23.875887,37.996784
153,359,23.874545,37.995532
153,360,23.873106,37.995593
153,361,23.870525,37.996105
153,362,23.870525,37.996105
153,363,23.869656,37.996185
153,364,23.866815,37.997775
153,365,23.863196,37.999515
153,366,23.859786,38.001323
153,367,23.857956,38.003024
153,368,23.858076,38.005603
153,369,23.858386,38.006831
153,370,23.858397,38.006862
153,371,23.858576,38.007392
153,372,23.858576,38.007404
153,373,23.858535,38.007545
153,374,23.857335,38.007846
153,375,23.856146,38.008456
153,376,23.856827,38.009265
153,377,23.856787,38.009944
153,378,23.855167,38.011024
153,379,23.853837,38.013465
153,380,23.852727,38.015963
153,381,23.851508,38.018645
153,382,23.850337,38.020984
153,383,23.850448,38.021335
153,384,23.850818,38.021483
153,385,23.851519,38.021483
153,386,23.852309,38.021423
153,387,23.852309,38.021423
153,388,23.852117,38.021571
153,389,23.851677,38.02164
153,390,23.851258,38.021689
153,391,23.850828,38.021758
153,392,23.850517,38.021888
153,393,23.851178,38.021877
153,394,23.850587,38.021877
153,395,23.850738,38.021797
153,396,23.85138,38.021698
153,397,23.852119,38.021606
153,398,23.852179,38.021464
153,399,23.851618,38.021533
153,400,23.851069,38.021625
153,401,23.850619,38.021655
153,402,23.850658,38.021655
153,403,23.850508,38.021705
153,404,23.850868,38.021666
153,405,23.850547,38.021438
153,406,23.850128,38.021239
153,407,23.850168,38.02122
153,408,23.850168,38.021209
153,409,23.850388,38.020938
153,410,23.850856,38.02008
153,411,23.851655,38.018279
153,412,23.852726,38.015888
153,413,23.853935,38.013179
153,414,23.855465,38.010818
153,415,23.855295,38.009559
153,416,23.855285,38.00944
153,417,23.855415,38.009632
