155,1,23.832629,38.025207
155,2,23.833098,38.024806
155,3,23.833868,38.025706
155,4,23.835478,38.027377
155,5,23.836307,38.028469
155,6,23.838426,38.027637
155,7,23.841427,38.026256
155,8,23.842506,38.026256
155,9,23.843635,38.026077
155,10,23.847086,38.025245
155,11,23.847826,38.025146
155,12,23.848397,38.025065
155,13,23.848386,38.025065
155,14,23.848788,38.024974
155,15,23.848947,38.024935
155,16,23.848956,38.024925
155,17,23.849068,38.024894
155,18,23.849068,38.024894
155,19,23.848648,38.023723
155,20,23.847258,38.021464
155,21,23.847918,38.020804
155,22,23.850227,38.020713
155,23,23.851646,38.018375
155,24,23.853336,38.014606
155,25,23.854637,38.011775
155,26,23.855447,38.009944
155,27,23.855328,38.009353
155,28,23.855328,38.009364
155,29,23.855378,38.009456
155,30,23.856317,38.009475
155,31,23.856928,38.009475
155,32,23.858057,38.008895
155,33,23.857757,38.008354
155,34,23.857478,38.007964
155,35,23.857467,38.007933
155,36,23.857258,38.007102
155,37,23.855627,38.0073
155,38,23.855567,38.006152
155,39,23.856388,38.005282
155,40,23.856188,38.003444
155,41,23.858448,38.002174
155,42,23.862128,37.999923
155,43,23.865078,37.998721
155,44,23.867877,37.997222
155,45,23.871449,37.995632
155,46,23.873919,37.993022
155,47,23.877499,37.990592
155,48,23.880067,37.989032
155,49,23.880688,37.989543
155,50,23.881168,37.990074
155,51,23.881178,37.990074
155,52,23.881338,37.990073
155,53,23.881278,37.990062
155,54,23.880959,37.989761
155,55,23.880959,37.989761
155,56,23.880847,37.989619
155,57,23.880268,37.989059
155,58,23.881627,37.988281
155,59,23.885557,37.986472
155,60,23.889878,37.983981
155,61,23.893938,37.9812
155,62,23.898148,37.97848
155,63,23.902398,37.975712
155,64,23.904938,37.972423
155,65,23.905578,37.969902
155,66,23.905698,37.968742
155,67,23.905829,37.968341
155,68,23.907728,37.968193
155,69,23.912008,37.968223
155,70,23.914419,37.967762
155,71,23.917839,37.966929
155,72,23.921779,37.965979
155,73,23.922679,37.966231
155,74,23.925489,37.968162
155,75,23.9282,37.970882
155,76,23.929301,37.971962
155,77,23.931021,37.973109
155,78,23.93357,37.975577
155,79,23.934751,37.979606
155,80,23.934681,37.983676
155,81,23.936152,37.987487
155,82,23.938871,37.990387
155,83,23.940212,37.993946
155,84,23.941002,37.997154
155,85,23.942072,38.000712
155,86,23.941471,38.001964
155,87,23.941462,38.001964
155,88,23.941411,38.002055
155,89,23.943482,38.002745
155,90,23.94526,38.003314
155,91,23.945301,38.003345
155,92,23.94667,38.003753
155,93,23.95165,38.005302
155,94,23.95619,38.006721
155,95,23.959579,38.007869
155,96,23.957939,38.008647
155,97,23.955769,38.011039
155,98,23.95213,38.012668
155,99,23.95071,38.015838
155,100,23.95055,38.018837
155,101,23.95023,38.021728
155,102,23.95088,38.024218
155,103,23.95149,38.026519
155,104,23.95114,38.02798
155,105,23.94973,38.028758
155,106,23.948579,38.029838
155,107,23.94814,38.031177
155,108,23.947908,38.032547
155,109,23.947128,38.033736
155,110,23.946138,38.034748
155,111,23.945759,38.035998
155,112,23.945228,38.037257
155,113,23.945038,38.038578
155,114,23.944168,38.038997
155,115,23.942108,38.039077
155,116,23.940958,38.039145
155,117,23.939629,38.038486
155,118,23.937939,38.038146
155,119,23.937099,38.038337
155,120,23.936088,38.038349
155,121,23.935169,38.038619
155,122,23.93426,38.038879
155,123,23.93317,38.038699
155,124,23.932119,38.038398
155,125,23.932159,38.038017
155,126,23.932419,38.037635
155,127,23.932539,38.037154
155,128,23.931679,38.037215
155,129,23.931118,38.037074
155,130,23.930708,38.036983
155,131,23.930147,38.036712
155,132,23.929757,38.036281
155,133,23.929378,38.03588
155,134,23.929039,38.035472
155,135,23.928619,38.035072
155,136,23.928308,38.034633
155,137,23.928179,38.034065
155,138,23.928028,38.033786
155,139,23.927368,38.033675
155,140,23.926797,38.033565
155,141,23.926148,38.033446
155,142,23.925537,38.033348
155,143,23.925096,38.033465
155,144,23.925276,38.033805
155,145,23.925016,38.033496
155,146,23.925476,38.033237
155,147,23.926246,38.033355
155,148,23.926927,38.033496
155,149,23.927668,38.033626
155,150,23.928137,38.034076
155,151,23.928557,38.034915
155,152,23.929347,38.035785
155,153,23.930027,38.036544
155,154,23.931048,38.036983
155,155,23.932358,38.037093
155,156,23.932308,38.037723
155,157,23.932198,38.038413
155,158,23.934618,38.038684
155,159,23.937529,38.038062
155,160,23.940118,38.03871
155,161,23.942318,38.038963
155,162,23.944908,38.038703
155,163,23.945577,38.035434
155,164,23.947927,38.032134
155,165,23.949797,38.028583
155,166,23.951367,38.025722
155,167,23.950206,38.02164
155,168,23.950617,38.0172
155,169,23.951887,38.012881
155,170,23.956056,38.010791
155,171,23.958817,38.008162
155,172,23.958626,38.007213
155,173,23.953996,38.005713
155,174,23.948717,38.004443
155,175,23.943617,38.002864
155,176,23.938457,38.001346
155,177,23.934079,37.999324
155,178,23.929018,37.997973
155,179,23.923108,37.997642
155,180,23.917368,37.998882
155,181,23.912486,38.000941
155,182,23.908067,38.002582
155,183,23.902538,38.002833
155,184,23.900657,38.003055
155,185,23.900328,38.003085
155,186,23.899067,38.003246
155,187,23.896857,38.003627
155,188,23.891987,38.004527
155,189,23.887957,38.004096
155,190,23.886366,38.003837
155,191,23.885434,38.003658
155,192,23.884886,38.003589
155,193,23.884806,38.003589
155,194,23.884306,38.003497
155,195,23.883285,38.003577
155,196,23.882934,38.003688
155,197,23.882136,38.003756
155,198,23.881636,38.003757
155,199,23.880985,38.003757
155,200,23.880835,38.003157
155,201,23.880643,38.001079
155,202,23.880255,37.99813
155,203,23.880584,37.996761
155,204,23.881355,37.99388
155,205,23.881726,37.99245
155,206,23.881916,37.990588
155,207,23.881247,37.99002
155,208,23.881357,37.99002
155,209,23.882027,37.990551
155,210,23.881876,37.990539
155,211,23.881297,37.990131
155,212,23.881256,37.990062
155,213,23.880876,37.989631
155,214,23.880167,37.989032
155,215,23.878976,37.989703
155,216,23.876526,37.991294
155,217,23.875107,37.992793
155,218,23.876207,37.994983
155,219,23.875578,37.996753
155,220,23.873728,37.995242
155,221,23.870807,37.996311
155,222,23.869458,37.996322
155,223,23.866466,37.998
155,224,23.862776,37.999709
155,225,23.862046,38.000487
155,226,23.861525,38.002418
155,227,23.861535,38.003379
155,228,23.862104,38.004687
155,229,23.861895,38.005797
155,230,23.861895,38.006927
155,231,23.861895,38.006938
155,232,23.862535,38.006858
155,233,23.865816,38.006179
155,234,23.869775,38.005458
155,235,23.872036,38.005057
155,236,23.873057,38.004867
155,237,23.873536,38.004756
155,238,23.873898,38.004664
155,239,23.874557,38.004756
155,240,23.875757,38.005507
155,241,23.876756,38.005668
155,242,23.876988,38.006137
155,243,23.877348,38.006626
155,244,23.877728,38.007136
155,245,23.878088,38.007408
155,246,23.878399,38.00766
155,247,23.878238,38.007518
155,248,23.877878,38.007278
155,249,23.877699,38.007087
155,250,23.877699,38.007087
155,251,23.877649,38.006946
155,252,23.87706,38.006106
155,253,23.876551,38.005725
155,254,23.87511,38.005023
155,255,23.87447,38.004535
155,256,23.87491,38.004295
155,257,23.87528,38.004195
155,258,23.876921,38.003795
155,259,23.87738,38.003795
155,260,23.87842,38.003814
155,261,23.87891,38.003814
155,262,23.87986,38.003825
155,263,23.880679,38.003375
155,264,23.88055,38.001045
155,265,23.88031,37.997493
155,266,23.880739,37.995902
155,267,23.881698,37.992423
155,268,23.881948,37.990653
155,269,23.881498,37.990272
155,270,23.881328,37.990081
155,271,23.881388,37.9901
155,272,23.881348,37.990242
155,273,23.881117,37.990382
155,274,23.881135,37.990474
155,275,23.881226,37.990093
155,276,23.880535,37.989391
155,277,23.880255,37.989112
155,278,23.879706,37.989352
155,279,23.878055,37.990352
155,280,23.875466,37.992103
155,281,23.875515,37.993404
155,282,23.876045,37.995975
155,283,23.875126,37.996265
155,284,23.873547,37.995365
155,285,23.870497,37.996154
155,286,23.870398,37.996105
155,287,23.870398,37.996105
155,288,23.869056,37.996574
155,289,23.865717,37.998443
155,290,23.861847,38.000114
155,291,23.858347,38.002292
155,292,23.857887,38.004233
155,293,23.858417,38.007003
155,294,23.858458,38.007163
155,295,23.859358,38.007384
155,296,23.860388,38.007274
155,297,23.860597,38.007655
155,298,23.860857,38.009173
155,299,23.861106,38.011195
155,300,23.860546,38.012496
155,301,23.860166,38.012717
155,302,23.860166,38.013069
155,303,23.859426,38.013499
155,304,23.857776,38.013839
155,305,23.858026,38.015357
155,306,23.858086,38.016406
155,307,23.856466,38.016814
155,308,23.854146,38.017424
155,309,23.854566,38.018936
155,310,23.855016,38.020484
155,311,23.855397,38.021774
155,312,23.855647,38.023864
155,313,23.855426,38.024722
155,314,23.854428,38.024921
155,315,23.854177,38.02502
155,316,23.853277,38.025371
155,317,23.853127,38.025432
155,318,23.852066,38.025752
155,319,23.852056,38.025752
155,320,23.851507,38.025882
155,321,23.851396,38.02592
155,322,23.851378,38.025932
155,323,23.850868,38.026103
155,324,23.850859,38.026103
155,325,23.850738,38.026141
155,326,23.848998,38.026702
155,327,23.845669,38.028354
155,328,23.844099,38.028674
155,329,23.843049,38.027213
155,330,23.840587,38.028282
155,331,23.838018,38.029403
155,332,23.837558,38.029602
155,333,23.837549,38.029612
155,334,23.837249,38.029704
155,335,23.83653,38.028693
155,336,23.835911,38.027873
155,337,23.83444,38.026362
155,338,23.833749,38.025504
155,339,23.832991,38.024875
155,340,23.83296,38.024875
155,341,23.832889,38.024925
155,342,23.832529,38.025443
155,343,23.832248,38.025695
155,344,23.831788,38.025935
155,345,23.831109,38.026287
155,346,23.830229,38.026847
155,347,23.829039,38.027648
155,348,23.828919,38.02774
155,349,23.823168,38.032718
155,350,23.822888,38.032977
155,351,23.822897,38.032977
155,352,23.822906,38.032966
155,353,23.822777,38.033046
155,354,23.822586,38.033275
155,355,23.823067,38.032867
155,356,23.823486,38.032497
155,357,23.830446,38.026576
155,358,23.830636,38.026458
155,359,23.830636,38.026458
155,360,23.831136,38.026187
155,361,23.832226,38.025627
155,362,23.832836,38.024897
155,363,23.833397,38.024959
155,364,23.834367,38.026309
155,365,23.835628,38.027538
155,366,23.836499,38.028529
155,367,23.838428,38.02769
155,368,23.841118,38.026481
155,369,23.842438,38.026072
155,370,23.843788,38.026072
155,371,23.847189,38.025264
155,372,23.848718,38.025005
155,373,23.848728,38.025005
155,374,23.848947,38.024474
155,375,23.847498,38.021873
155,376,23.847069,38.021033
155,377,23.848888,38.020545
155,378,23.850739,38.020355
155,379,23.852189,38.017134
155,380,23.853899,38.013294
155,381,23.856189,38.010333
155,382,23.85731,38.009353
155,383,23.85795,38.008624
155,384,23.857731,38.008365
155,385,23.857731,38.008354
155,386,23.857632,38.008224
155,387,23.857502,38.008063
155,388,23.857502,38.008063
155,389,23.857391,38.007923
155,390,23.857062,38.006873
155,391,23.855282,38.007232
155,392,23.855862,38.005973
155,393,23.856382,38.004882
155,394,23.856441,38.003211
155,395,23.8595,38.001532
155,396,23.863091,37.999572
155,397,23.86668,37.997863
155,398,23.86996,37.996055
155,399,23.871971,37.995384
155,400,23.874901,37.992312
155,401,23.878801,37.989753
155,402,23.880802,37.989532
155,403,23.881302,37.990062
155,404,23.881302,37.990062
155,405,23.881373,37.990222
155,406,23.881391,37.990123
155,407,23.881302,37.990242
155,408,23.881573,37.990401
155,409,23.881844,37.990482
155,410,23.881883,37.9906
155,411,23.881443,37.990218
155,412,23.881283,37.990107
155,413,23.881252,37.990169
155,414,23.880722,37.9896
155,415,23.880151,37.98912
155,416,23.879082,37.989699
155,417,23.876782,37.99118
155,418,23.874981,37.992671
155,419,23.87618,37.994453
155,420,23.875921,37.996833
155,421,23.874761,37.995864
155,422,23.873051,37.995704
155,423,23.86952,37.996406
155,424,23.86635,37.998164
155,425,23.86253,37.999873
155,426,23.858839,38.002033
155,427,23.857898,38.003741
155,428,23.857918,38.004661
155,429,23.857948,38.004932
155,430,23.857948,38.004951
155,431,23.857967,38.00521
155,432,23.857997,38.005409
155,433,23.858017,38.005519
155,434,23.858116,38.005889
155,435,23.858116,38.005927
155,436,23.858147,38.006038
155,437,23.858218,38.006358
155,438,23.858218,38.00637
155,439,23.858297,38.00669
155,440,23.858316,38.006729
155,441,23.858477,38.007259
155,442,23.858508,38.007259
155,443,23.858557,38.00748
155,444,23.857456,38.007888
155,445,23.856195,38.008537
155,446,23.857065,38.009467
155,447,23.856645,38.010059
155,448,23.854975,38.011309
155,449,23.853495,38.014388
155,450,23.851934,38.017829
155,451,23.850464,38.020889
155,452,23.850494,38.02135
155,453,23.850914,38.02151
155,454,23.851163,38.021579
155,455,23.851395,38.021549
155,456,23.852055,38.021457
155,457,23.852354,38.021575
155,458,23.851935,38.021644
155,459,23.851124,38.021754
155,460,23.850383,38.021884
155,461,23.849474,38.022002
155,462,23.848755,38.022064
155,463,23.848355,38.022212
155,464,23.847704,38.022152
155,465,23.846985,38.022251
155,466,23.846235,38.022391
155,467,23.845344,38.022491
155,468,23.844444,38.022651
155,469,23.843565,38.022731
155,470,23.843485,38.022521
155,471,23.843855,38.022441
155,472,23.845656,38.022243
155,473,23.846176,38.022323
155,474,23.846176,38.022323
155,475,23.846176,38.022292
155,476,23.846176,38.022353
155,477,23.846176,38.022323
155,478,23.846176,38.022285
155,479,23.846177,38.022124
155,480,23.845985,38.022064
155,481,23.845985,38.022044
155,482,23.845615,38.022106
155,483,23.844604,38.022247
155,484,23.843534,38.022395
155,485,23.843794,38.022617
155,486,23.844774,38.022487
155,487,23.845415,38.022406
155,488,23.846085,38.022327
155,489,23.846735,38.022216
155,490,23.847425,38.022098
155,491,23.847657,38.022067
155,492,23.848547,38.021968
155,493,23.849767,38.02185
155,494,23.850897,38.02169
155,495,23.851656,38.021579
155,496,23.852245,38.021389
155,497,23.851885,38.021438
155,498,23.851015,38.021548
155,499,23.850355,38.021159
155,500,23.850985,38.019797
155,501,23.852504,38.016407
155,502,23.854215,38.012626
155,503,23.856266,38.010257
155,504,23.857185,38.009646
155,505,23.858086,38.008708
155,506,23.857525,38.008029
155,507,23.857565,38.007659
155,508,23.856355,38.007049
155,509,23.855146,38.006587
155,510,23.855766,38.005397
155,511,23.856287,38.004047
155,512,23.857547,38.002628
155,513,23.861387,38.000248
155,514,23.865298,37.998607
155,515,23.869108,37.996448
155,516,23.870068,37.996017
155,517,23.872257,37.995208
155,518,23.875387,37.991988
155,519,23.879387,37.989387
155,520,23.880506,37.989246
155,521,23.881277,37.990016
155,522,23.881397,37.989978
155,523,23.881357,37.989989
155,524,23.881148,37.98984
155,525,23.880487,37.989162
155,526,23.880296,37.989013
155,527,23.879927,37.989173
155,528,23.878046,37.990314
155,529,23.875157,37.992275
155,530,23.875927,37.993873
155,531,23.875967,37.996634
155,532,23.874947,37.996013
155,533,23.873026,37.995681
155,534,23.869455,37.99633
155,535,23.866425,37.998031
155,536,23.862555,37.999789
155,537,23.858586,38.002128
155,538,23.857895,38.004287
155,539,23.857954,38.004958
155,540,23.857994,38.00534
155,541,23.857994,38.00534
155,542,23.858074,38.005802
155,543,23.858074,38.005802
155,544,23.858144,38.006061
155,545,23.858163,38.006179
155,546,23.858183,38.00624
155,547,23.858303,38.006648
155,548,23.858322,38.00671
155,549,23.858363,38.00682
155,550,23.858461,38.007251
155,551,23.858461,38.00727
155,552,23.858461,38.007609
155,553,23.856272,38.00825
155,554,23.856642,38.009021
155,555,23.857002,38.00983
155,556,23.855183,38.01105
155,557,23.853393,38.014571
155,558,23.851565,38.01852
155,559,23.849995,38.02077
155,560,23.848215,38.020732
155,561,23.847275,38.021003
155,562,23.847025,38.021175
155,563,23.848113,38.022666
155,564,23.849135,38.024627
155,565,23.849655,38.025508
155,566,23.848896,38.025878
155,567,23.849096,38.026656
155,568,23.846546,38.027816
155,569,23.844226,38.028995
155,570,23.843187,38.027224
155,571,23.842267,38.027526
155,572,23.842338,38.027514
