156,1,23.840536,38.131404
156,2,23.840576,38.131374
156,3,23.840726,38.131324
156,4,23.840797,38.131274
156,5,23.840857,38.131243
156,6,23.840916,38.131152
156,7,23.840975,38.131061
156,8,23.840994,38.13111
156,9,23.840985,38.131141
156,10,23.841034,38.13103
156,11,23.841123,38.130919
156,12,23.841043,38.130859
156,13,23.840904,38.130828
156,14,23.840984,38.130859
156,15,23.840894,38.131279
156,16,23.840275,38.13174
156,17,23.839315,38.130858
156,18,23.837685,38.127517
156,19,23.835764,38.123706
156,20,23.832363,38.120135
156,21,23.830692,38.118724
156,22,23.828623,38.117114
156,23,23.825872,38.114376
156,24,23.823502,38.112796
156,25,23.820812,38.109535
156,26,23.816903,38.105933
156,27,23.814522,38.105472
156,28,23.814771,38.104453
156,29,23.814352,38.104213
156,30,23.810362,38.102481
156,31,23.804752,38.100242
156,32,23.798764,38.097903
156,33,23.793693,38.095023
156,34,23.791344,38.092082
156,35,23.790724,38.091922
156,36,23.789804,38.090331
156,37,23.788025,38.087951
156,38,23.787966,38.08707
156,39,23.787466,38.086269
156,40,23.786486,38.08504
156,41,23.785905,38.084338
156,42,23.785976,38.084377
156,43,23.786485,38.084506
156,44,23.786776,38.084568
156,45,23.787525,38.084975
156,46,23.787404,38.084864
156,47,23.786955,38.084846
156,48,23.786375,38.084537
156,49,23.786125,38.084629
156,50,23.786825,38.085448
156,51,23.787914,38.086967
156,52,23.789413,38.088958
156,53,23.790353,38.090358
156,54,23.792163,38.092697
156,55,23.795074,38.095885
156,56,23.800215,38.098167
156,57,23.805885,38.100386
156,58,23.811596,38.102618
156,59,23.815046,38.10411
156,60,23.816076,38.10543
156,61,23.819937,38.108691
156,62,23.823468,38.11272
156,63,23.826407,38.11494
156,64,23.829835,38.118499
156,65,23.831606,38.119499
156,66,23.834937,38.122848
156,67,23.837647,38.127826
156,68,23.839756,38.131927
156,69,23.840576,38.131625
156,70,23.840887,38.131255
156,71,23.840888,38.131194
156,72,23.841078,38.130924
156,73,23.841047,38.130962
156,74,23.841037,38.131153
156,75,23.840979,38.131244
156,76,23.840779,38.131453
156,77,23.840268,38.132014
156,78,23.84025,38.133162
156,79,23.84152,38.135752
156,80,23.843001,38.138122
156,81,23.8453,38.139003
156,82,23.84531,38.139453
156,83,23.84437,38.140754
156,84,23.84565,38.142604
156,85,23.846159,38.143226
156,86,23.846288,38.142955
156,87,23.846619,38.142757
156,88,23.846838,38.142486
156,89,23.846419,38.142806
156,90,23.846299,38.142955
156,91,23.845518,38.142104
156,92,23.845419,38.139575
156,93,23.845419,38.139537
156,94,23.845419,38.139537
156,95,23.844768,38.138267
156,96,23.841448,38.135268
156,97,23.840147,38.131858
156,98,23.840788,38.131427
156,99,23.841028,38.131206
156,100,23.841028,38.131187
156,101,23.841148,38.130909
156,102,23.841148,38.130927
156,103,23.840908,38.131298
156,104,23.840578,38.131847
156,105,23.839488,38.131316
156,106,23.837959,38.128227
156,107,23.83573,38.123687
156,108,23.83201,38.119765
156,109,23.829951,38.118556
156,110,23.828261,38.116687
156,111,23.82551,38.114116
156,112,23.823451,38.112247
156,113,23.82003,38.108798
156,114,23.816259,38.105559
156,115,23.814539,38.10511
156,116,23.813438,38.103801
156,117,23.807798,38.10144
156,118,23.800928,38.09872
156,119,23.794248,38.095588
156,120,23.790629,38.091086
156,121,23.786838,38.086185
156,122,23.782749,38.080855
156,123,23.777791,38.076205
156,124,23.77165,38.073524
156,125,23.765301,38.070964
156,126,23.760129,38.068893
156,127,23.7596,38.069114
156,128,23.75992,38.067115
156,129,23.75939,38.065215
156,130,23.75867,38.064334
156,131,23.758581,38.064254
156,132,23.758331,38.063934
156,133,23.75798,38.063464
156,134,23.757351,38.062656
156,135,23.756531,38.060455
156,136,23.756151,38.059375
156,137,23.754861,38.057593
156,138,23.753141,38.055213
156,139,23.751523,38.052573
156,140,23.752012,38.051803
156,141,23.751452,38.050521
156,142,23.75101,38.04967
156,143,23.75173,38.049289
156,144,23.754431,38.048358
156,145,23.755812,38.047709
156,146,23.757363,38.046741
156,147,23.757822,38.046302
156,148,23.758223,38.04584
156,149,23.759512,38.043979
156,150,23.759551,38.042777
156,151,23.760261,38.041709
156,152,23.761261,38.040508
156,153,23.76173,38.040718
156,154,23.761351,38.040267
156,155,23.760851,38.040938
156,156,23.7609,38.04222
156,157,23.75967,38.043651
156,158,23.758261,38.045661
156,159,23.757111,38.046711
156,160,23.754671,38.048149
156,161,23.752081,38.04895
156,162,23.750731,38.049808
156,163,23.751671,38.050548
156,164,23.750631,38.051486
156,165,23.75135,38.052245
156,166,23.75246,38.054054
156,167,23.75395,38.056312
156,168,23.755239,38.058101
156,169,23.755989,38.05912
156,170,23.75659,38.06079
156,171,23.756809,38.06137
156,172,23.756849,38.061481
156,173,23.756899,38.061599
156,174,23.756988,38.06187
156,175,23.757029,38.061981
156,176,23.757128,38.062301
156,177,23.757248,38.06259
156,178,23.757287,38.062629
156,179,23.757538,38.062961
156,180,23.757597,38.063029
156,181,23.757918,38.063418
156,182,23.758636,38.064308
156,183,23.759607,38.065825
156,184,23.759878,38.066874
156,185,23.761978,38.069187
156,186,23.768007,38.071685
156,187,23.774936,38.074546
156,188,23.781597,38.079166
156,189,23.786017,38.084865
156,190,23.789985,38.089965
156,191,23.790695,38.090866
156,192,23.792215,38.092894
156,193,23.796665,38.096843
156,194,23.804186,38.099773
156,195,23.811315,38.102523
156,196,23.815346,38.103244
156,197,23.815537,38.102924
156,198,23.815997,38.101985
156,199,23.816006,38.101985
156,200,23.816105,38.101974
156,201,23.816796,38.103534
156,202,23.819206,38.107273
156,203,23.822367,38.110282
156,204,23.825666,38.113403
156,205,23.827636,38.115401
156,206,23.830496,38.11811
156,207,23.834236,38.12197
156,208,23.837036,38.126239
156,209,23.839007,38.130427
156,210,23.840227,38.131865
156,211,23.840677,38.131514
156,212,23.840797,38.131316
156,213,23.840837,38.131297
156,214,23.840877,38.131187
156,215,23.840948,38.131069
156,216,23.840979,38.13108
156,217,23.841098,38.130889
156,218,23.841068,38.130927
156,219,23.841108,38.131088
156,220,23.841037,38.131126
156,221,23.840958,38.130855
156,222,23.840958,38.130866
156,223,23.841097,38.130984
156,224,23.840937,38.131225
156,225,23.840677,38.131595
156,226,23.839706,38.131847
156,227,23.838707,38.129886
156,228,23.837117,38.126506
156,229,23.834677,38.122547
156,230,23.831436,38.119216
156,231,23.829185,38.117015
156,232,23.829186,38.116374
156,233,23.828905,38.114715
156,234,23.827036,38.112655
156,235,23.826016,38.110503
156,236,23.826024,38.108702
156,237,23.825966,38.106464
156,238,23.826065,38.104522
156,239,23.825806,38.102321
156,240,23.825455,38.100219
156,241,23.825144,38.099578
156,242,23.824444,38.098167
156,243,23.823994,38.096286
156,244,23.823374,38.094768
156,245,23.822295,38.093047
156,246,23.821954,38.092418
156,247,23.821664,38.091937
156,248,23.821526,38.091716
156,249,23.821196,38.091365
156,250,23.820995,38.091144
156,251,23.820286,38.090545
156,252,23.819866,38.090144
156,253,23.819357,38.089675
156,254,23.819116,38.089446
156,255,23.818966,38.089355
156,256,23.818686,38.089213
156,257,23.818415,38.089041
156,258,23.817885,38.088481
156,259,23.817145,38.087481
156,260,23.816494,38.085811
156,261,23.816105,38.08372
156,262,23.814764,38.081569
156,263,23.813684,38.078678
156,264,23.812174,38.076266
156,265,23.812114,38.075595
156,266,23.812134,38.075396
156,267,23.812273,38.074805
156,268,23.812452,38.073615
156,269,23.811712,38.072555
156,270,23.811231,38.071826
156,271,23.811093,38.069426
156,272,23.810942,38.067855
156,273,23.810371,38.067126
156,274,23.809521,38.065264
156,275,23.80891,38.061317
156,276,23.80904,38.057468
156,277,23.811951,38.055766
156,278,23.811482,38.054656
156,279,23.810211,38.052028
156,280,23.808012,38.048907
156,281,23.807632,38.047389
156,282,23.807102,38.046138
156,283,23.804692,38.043967
156,284,23.80372,38.042956
156,285,23.802749,38.042087
156,286,23.804779,38.041217
156,287,23.807779,38.039866
156,288,23.808248,38.039645
156,289,23.808319,38.039646
156,290,23.80884,38.040466
156,291,23.80896,38.041324
156,292,23.80904,38.041232
156,293,23.809311,38.041214
156,294,23.808991,38.041282
156,295,23.809231,38.04346
156,296,23.808681,38.045111
156,297,23.807411,38.046103
156,298,23.80816,38.048503
156,299,23.810051,38.051204
156,300,23.810532,38.052165
156,301,23.810882,38.052966
156,302,23.812052,38.055587
156,303,23.808832,38.057949
156,304,23.809171,38.061709
156,305,23.809511,38.063941
156,306,23.809702,38.065112
156,307,23.810741,38.067313
156,308,23.810901,38.067554
156,309,23.811102,38.067984
156,310,23.811142,38.068355
156,311,23.811142,38.068546
156,312,23.811152,38.069095
156,313,23.811161,38.069575
156,314,23.811171,38.070136
156,315,23.81122,38.070407
156,316,23.81124,38.071258
156,317,23.811289,38.071559
156,318,23.811319,38.071701
156,319,23.812099,38.072742
156,320,23.812469,38.073592
156,321,23.81214,38.075442
156,322,23.81214,38.075881
156,323,23.81361,38.07843
156,324,23.814739,38.081481
156,325,23.81605,38.083591
156,326,23.81646,38.086341
156,327,23.81654,38.08662
156,328,23.81661,38.08684
156,329,23.81681,38.087092
156,330,23.8172,38.087653
156,331,23.81851,38.089122
156,332,23.81966,38.090053
156,333,23.82077,38.091033
156,334,23.822541,38.093192
156,335,23.824051,38.096282
156,336,23.824381,38.097632
156,337,23.82546,38.099593
156,338,23.825639,38.101284
156,339,23.825859,38.103275
156,340,23.82605,38.105743
156,341,23.82605,38.107993
156,342,23.825969,38.110293
156,343,23.82686,38.112235
156,344,23.82876,38.114437
156,345,23.829059,38.115737
156,346,23.829389,38.117007
156,347,23.832381,38.120029
156,348,23.83613,38.124278
156,349,23.838181,38.128639
156,350,23.83991,38.131869
156,351,23.840802,38.131381
156,352,23.840842,38.131343
156,353,23.840891,38.131313
156,354,23.84103,38.130943
156,355,23.84103,38.130924
156,356,23.84111,38.131034
156,357,23.841151,38.130923
156,358,23.8412,38.130935
156,359,23.841049,38.130904
156,360,23.840978,38.130843
156,361,23.840948,38.130813
156,362,23.840859,38.130881
156,363,23.840859,38.130862
156,364,23.840908,38.1309
156,365,23.840877,38.131339
156,366,23.840717,38.131488
156,367,23.840857,38.131168
156,368,23.840837,38.131267
156,369,23.841008,38.131118
156,370,23.841008,38.131026
156,371,23.841037,38.130989
156,372,23.841065,38.130958
156,373,23.841034,38.130816
156,374,23.841015,38.130816
156,375,23.840916,38.130805
156,376,23.840916,38.130805
156,377,23.840876,38.130824
156,378,23.841166,38.130786
156,379,23.841166,38.130786
156,380,23.841035,38.130905
156,381,23.841075,38.130885
156,382,23.841165,38.130897
156,383,23.840725,38.131637
156,384,23.840284,38.132728
156,385,23.841915,38.136047
156,386,23.844906,38.138225
156,387,23.845526,38.139274
156,388,23.844567,38.140704
156,389,23.846567,38.143314
156,390,23.848907,38.144652
156,391,23.850217,38.143054
156,392,23.849078,38.142383
156,393,23.849268,38.141784
156,394,23.849357,38.141193
156,395,23.849457,38.141143
156,396,23.849106,38.141303
156,397,23.849195,38.141314
156,398,23.849615,38.141246
156,399,23.849214,38.141338
156,400,23.849125,38.141498
156,401,23.849026,38.141387
156,402,23.848976,38.141387
156,403,23.848976,38.141387
156,404,23.849216,38.141616
156,405,23.848787,38.142257
156,406,23.849647,38.142856
156,407,23.849727,38.143825
156,408,23.848208,38.145274
156,409,23.845756,38.142592
156,410,23.845396,38.139762
156,411,23.843805,38.138301
156,412,23.841135,38.134761
156,413,23.840416,38.131961
156,414,23.840947,38.131301
156,415,23.840966,38.130961
156,416,23.840966,38.130961
156,417,23.840866,38.130901
156,418,23.840925,38.130782
156,419,23.840845,38.130874
156,420,23.840845,38.130775
156,421,23.840916,38.130843
156,422,23.840956,38.131122
156,423,23.840925,38.13111
156,424,23.840966,38.130931
