157,1,23.840939,38.131347
157,2,23.840469,38.131679
157,3,23.840399,38.131748
157,4,23.84034,38.131858
157,5,23.83959,38.131606
157,6,23.838301,38.129017
157,7,23.836191,38.124618
157,8,23.832521,38.120368
157,9,23.829241,38.117049
157,10,23.829061,38.115989
157,11,23.828271,38.114077
157,12,23.826311,38.111568
157,13,23.825922,38.110419
157,14,23.825862,38.109698
157,15,23.825903,38.107547
157,16,23.826002,38.105228
157,17,23.825722,38.102557
157,18,23.825362,38.100536
157,19,23.82504,38.099524
157,20,23.82419,38.097465
157,21,23.823179,38.094603
157,22,23.821618,38.092094
157,23,23.82082,38.091304
157,24,23.82003,38.090724
157,25,23.819201,38.089793
157,26,23.817489,38.088283
157,27,23.81847,38.087081
157,28,23.818821,38.083732
157,29,23.819921,38.079803
157,30,23.820371,38.078391
157,31,23.820881,38.076911
157,32,23.821402,38.07624
157,33,23.823412,38.076049
157,34,23.826082,38.075877
157,35,23.826262,38.075839
157,36,23.827621,38.075721
157,37,23.828222,38.074863
157,38,23.828142,38.073482
157,39,23.828071,38.072044
157,40,23.829531,38.071902
157,41,23.831122,38.071761
157,42,23.83282,38.071163
157,43,23.83402,38.070533
157,44,23.835571,38.070262
157,45,23.837662,38.069713
157,46,23.840822,38.068831
157,47,23.841692,38.067813
157,48,23.840892,38.066383
157,49,23.840723,38.065711
157,50,23.839202,38.06562
157,51,23.837772,38.06528
157,52,23.837303,38.065299
157,53,23.837353,38.065299
157,54,23.837233,38.065299
157,55,23.837642,38.065269
157,56,23.838062,38.06515
157,57,23.838423,38.065009
157,58,23.838503,38.064849
157,59,23.838493,38.064967
157,60,23.838053,38.065147
157,61,23.837583,38.065288
157,62,23.837284,38.065299
157,63,23.836923,38.064257
157,64,23.837053,38.064666
157,65,23.837864,38.065097
157,66,23.838993,38.065189
157,67,23.840732,38.06554
157,68,23.841162,38.066768
157,69,23.842092,38.068309
157,70,23.838713,38.069258
157,71,23.835472,38.070189
157,72,23.833572,38.070411
157,73,23.830652,38.070583
157,74,23.826952,38.070861
157,75,23.824352,38.071052
157,76,23.822262,38.071243
157,77,23.820892,38.071582
157,78,23.821132,38.073993
157,79,23.821203,38.075462
157,80,23.820703,38.077342
157,81,23.820414,38.078223
157,82,23.819624,38.080561
157,83,23.818955,38.083152
157,84,23.818775,38.085963
157,85,23.816764,38.086844
157,86,23.817245,38.087516
157,87,23.818325,38.088855
157,88,23.819296,38.089534
157,89,23.820755,38.090915
157,90,23.822676,38.093425
157,91,23.824325,38.097644
157,92,23.825346,38.100104
157,93,23.825645,38.101622
157,94,23.825815,38.103374
157,95,23.826006,38.105525
157,96,23.825925,38.107634
157,97,23.825895,38.109824
157,98,23.826364,38.111263
157,99,23.828005,38.113562
157,100,23.829074,38.115214
157,101,23.829395,38.116645
157,102,23.831036,38.118495
157,103,23.835097,38.122695
157,104,23.837797,38.127887
157,105,23.839808,38.131816
157,106,23.840647,38.131514
157,107,23.840957,38.131183
157,108,23.840939,38.131122
157,109,23.840868,38.131042
157,110,23.840988,38.130801
157,111,23.841028,38.130943
157,112,23.841028,38.131091
157,113,23.840648,38.131633
157,114,23.839779,38.131923
157,115,23.839419,38.131412
157,116,23.837799,38.128131
157,117,23.835859,38.12416
157,118,23.83218,38.120109
157,119,23.82864,38.116538
157,120,23.8261,38.114016
157,121,23.823149,38.111156
157,122,23.81996,38.108116
157,123,23.817219,38.104747
157,124,23.81618,38.102706
157,125,23.815979,38.102645
157,126,23.81597,38.102645
157,127,23.815969,38.102035
157,128,23.81785,38.101203
157,129,23.81883,38.100852
157,130,23.81905,38.1006
157,131,23.81863,38.099422
157,132,23.81805,38.097763
157,133,23.81769,38.096232
157,134,23.818649,38.096011
157,135,23.818809,38.095931
157,136,23.818809,38.095882
157,137,23.818908,38.095961
157,138,23.818909,38.095912
157,139,23.81811,38.096061
157,140,23.81794,38.097053
157,141,23.81862,38.099082
157,142,23.819101,38.100471
157,143,23.819101,38.100482
157,144,23.817661,38.101234
157,145,23.816231,38.102123
157,146,23.817101,38.104171
157,147,23.819771,38.107772
157,148,23.823391,38.111213
157,149,23.82686,38.114604
157,150,23.83062,38.118224
157,151,23.834749,38.122462
157,152,23.837379,38.127051
157,153,23.839369,38.131171
157,154,23.840528,38.13182
157,155,23.840799,38.13137
157,156,23.840859,38.131279
157,157,23.840948,38.131198
157,158,23.841128,38.130938
157,159,23.841077,38.130958
157,160,23.840888,38.131198
157,161,23.840736,38.131408
157,162,23.840107,38.131889
157,163,23.838907,38.130397
157,164,23.836927,38.126178
157,165,23.833437,38.121329
157,166,23.830547,38.11872
157,167,23.827846,38.116439
157,168,23.824596,38.114021
157,169,23.823626,38.11241
157,170,23.820866,38.1095
157,171,23.816145,38.105022
157,172,23.809305,38.102023
157,173,23.801925,38.099082
157,174,23.794685,38.095912
157,175,23.791256,38.091964
157,176,23.788305,38.088073
157,177,23.784395,38.083003
157,178,23.779715,38.077544
157,179,23.772435,38.073833
157,180,23.764925,38.070842
157,181,23.759365,38.068702
157,182,23.759914,38.068813
157,183,23.759844,38.066612
157,184,23.758884,38.064731
157,185,23.757605,38.063102
157,186,23.756634,38.06206
157,187,23.755233,38.060222
157,188,23.754293,38.059383
157,189,23.753624,38.058494
157,190,23.753383,38.058143
157,191,23.753343,38.058235
157,192,23.753442,38.058235
157,193,23.753233,38.057994
157,194,23.753153,38.057914
157,195,23.753282,38.058086
157,196,23.753683,38.058585
157,197,23.754663,38.059836
157,198,23.755224,38.060668
157,199,23.756393,38.061797
157,200,23.757233,38.062629
157,201,23.757793,38.063388
157,202,23.758194,38.06393
157,203,23.759704,38.066131
157,204,23.760034,38.067752
157,205,23.763235,38.069831
157,206,23.769526,38.072433
157,207,23.776766,38.075405
157,208,23.782606,38.080314
157,209,23.786846,38.085834
157,210,23.790116,38.090114
157,211,23.793156,38.094134
157,212,23.799246,38.097835
157,213,23.806227,38.100597
157,214,23.813405,38.103225
157,215,23.814996,38.104175
157,216,23.816437,38.105624
157,217,23.820627,38.109393
157,218,23.823578,38.113852
157,219,23.827417,38.115932
157,220,23.830677,38.118663
157,221,23.832407,38.120303
157,222,23.836077,38.124485
157,223,23.838476,38.129523
157,224,23.840095,38.131942
157,225,23.840776,38.132102
157,226,23.840166,38.131961
157,227,23.840636,38.131553
157,228,23.840765,38.131313
157,229,23.840885,38.131141
157,230,23.840925,38.131171
157,231,23.840965,38.13116
157,232,23.840866,38.13106
157,233,23.840986,38.130809
157,234,23.840987,38.130797
157,235,23.840876,38.130896
157,236,23.840875,38.130988
157,237,23.840725,38.131408
157,238,23.839794,38.131968
157,239,23.840734,38.133888
157,240,23.842375,38.137118
157,241,23.845294,38.138637
157,242,23.845394,38.139167
157,243,23.844685,38.140277
157,244,23.845345,38.141906
157,245,23.847494,38.144454
157,246,23.849165,38.144355
157,247,23.850205,38.143104
157,248,23.850174,38.143104
157,249,23.850165,38.143066
157,250,23.849884,38.142917
157,251,23.849505,38.142719
157,252,23.848874,38.14236
157,253,23.849276,38.14189
157,254,23.849066,38.141471
157,255,23.849026,38.141459
157,256,23.849276,38.141318
157,257,23.849386,38.141139
157,258,23.849106,38.14128
157,259,23.849337,38.141601
157,260,23.848797,38.14215
157,261,23.849767,38.142718
157,262,23.849496,38.143977
157,263,23.848096,38.145068
157,264,23.845796,38.142509
157,265,23.845367,38.139747
157,266,23.845318,38.138687
157,267,23.841988,38.136466
157,268,23.839937,38.132365
157,269,23.839827,38.132125
157,270,23.839807,38.132026
157,271,23.840658,38.131606
157,272,23.840877,38.131316
157,273,23.840868,38.131316
157,274,23.840988,38.131095
157,275,23.841118,38.130904
157,276,23.841099,38.130904
157,277,23.841139,38.131034
157,278,23.840729,38.131625
157,279,23.839868,38.131904
157,280,23.839098,38.130565
157,281,23.837398,38.127044
157,282,23.835489,38.123374
157,283,23.83198,38.119773
157,284,23.83017,38.118465
157,285,23.82822,38.116375
157,286,23.82549,38.114043
157,287,23.823791,38.113422
157,288,23.82298,38.11135
157,289,23.819611,38.10812
157,290,23.814631,38.104037
157,291,23.80739,38.101226
157,292,23.80101,38.098716
157,293,23.794729,38.095947
157,294,23.7918,38.092647
157,295,23.79092,38.092037
157,296,23.7883,38.091426
157,297,23.78489,38.090827
157,298,23.780709,38.091678
157,299,23.777828,38.091029
157,300,23.775407,38.091967
157,301,23.774557,38.092456
157,302,23.774547,38.092456
157,303,23.774307,38.092575
157,304,23.772097,38.092574
157,305,23.769897,38.092284
157,306,23.767788,38.091994
157,307,23.767747,38.092265
157,308,23.769207,38.093436
157,309,23.771167,38.095237
157,310,23.769937,38.096217
157,311,23.766749,38.097217
157,312,23.763709,38.098148
157,313,23.761328,38.098888
157,314,23.758428,38.099799
157,315,23.756118,38.100299
157,316,23.756788,38.101168
157,317,23.758169,38.10327
157,318,23.759958,38.105842
157,319,23.760758,38.108802
157,320,23.760917,38.11188
157,321,23.761657,38.112079
157,322,23.762568,38.112319
157,323,23.763447,38.11204
157,324,23.763887,38.111659
157,325,23.764778,38.111697
157,326,23.765099,38.111999
157,327,23.765169,38.112487
157,328,23.765268,38.112949
157,329,23.765269,38.11317
157,330,23.765269,38.113132
157,331,23.76525,38.113052
157,332,23.765098,38.112891
157,333,23.765339,38.112861
157,334,23.765188,38.112269
157,335,23.764728,38.11169
157,336,23.763609,38.111961
157,337,23.76261,38.112342
157,338,23.761049,38.112182
157,339,23.760869,38.110492
157,340,23.760441,38.106551
157,341,23.75806,38.10316
157,342,23.756131,38.10033
157,343,23.75863,38.099781
157,344,23.761601,38.098849
157,345,23.763901,38.098159
157,346,23.7684,38.096759
157,347,23.770321,38.09822
157,348,23.772761,38.100371
157,349,23.7751,38.100543
157,350,23.776771,38.100883
157,351,23.779192,38.100112
157,352,23.781852,38.101394
157,353,23.786802,38.104545
157,354,23.788553,38.105464
157,355,23.789293,38.105365
157,356,23.791893,38.106593
157,357,23.795162,38.106342
157,358,23.799832,38.106422
157,359,23.803421,38.10689
157,360,23.805502,38.106792
157,361,23.807102,38.106502
157,362,23.808681,38.106182
157,363,23.809742,38.106631
157,364,23.813242,38.106643
157,365,23.816372,38.105575
157,366,23.820541,38.109256
157,367,23.823492,38.113647
157,368,23.827353,38.115806
157,369,23.830713,38.118705
157,370,23.832224,38.119723
157,371,23.835374,38.122954
157,372,23.835634,38.123275
157,373,23.835625,38.123286
157,374,23.835664,38.123397
157,375,23.836885,38.125777
157,376,23.838656,38.129638
157,377,23.840305,38.131927
157,378,23.840796,38.131438
157,379,23.840866,38.131267
157,380,23.840866,38.131217
157,381,23.841146,38.130965
157,382,23.841088,38.130954
157,383,23.840847,38.131354
157,384,23.840277,38.131855
157,385,23.840336,38.132923
157,386,23.841655,38.135581
157,387,23.843425,38.13811
157,388,23.845467,38.139072
157,389,23.844816,38.140242
157,390,23.845337,38.141834
157,391,23.847378,38.144264
157,392,23.849117,38.144443
157,393,23.850157,38.143081
157,394,23.849106,38.14244
157,395,23.849266,38.141871
157,396,23.849127,38.141551
157,397,23.849127,38.141532
157,398,23.849027,38.141414
157,399,23.849027,38.141375
157,400,23.849166,38.141345
157,401,23.849426,38.141154
157,402,23.849266,38.141562
157,403,23.849006,38.142051
157,404,23.849237,38.142471
157,405,23.850317,38.143199
157,406,23.848368,38.145179
157,407,23.846598,38.143447
157,408,23.844877,38.140117
157,409,23.845438,38.139629
157,410,23.844248,38.138217
157,411,23.841308,38.134928
157,412,23.840297,38.131877
157,413,23.840779,38.131427
157,414,23.840889,38.131187
157,415,23.840898,38.131149
157,416,23.841099,38.130897
157,417,23.841099,38.130927
157,418,23.840948,38.131149
157,419,23.840609,38.131759
157,420,23.840238,38.132697
157,421,23.841629,38.135508
157,422,23.84351,38.138088
157,423,23.845439,38.139148
157,424,23.84548,38.139427
157,425,23.844499,38.140708
157,426,23.84594,38.142688
157,427,23.848259,38.145179
157,428,23.849859,38.143569
157,429,23.849529,38.14265
157,430,23.848869,38.142089
157,431,23.84924,38.141757
157,432,23.848879,38.141337
157,433,23.849369,38.141166
157,434,23.849289,38.141258
157,435,23.849239,38.141589
157,436,23.849199,38.141441
157,437,23.849199,38.141441
157,438,23.84928,38.141761
157,439,23.849289,38.141742
157,440,23.848809,38.14215
157,441,23.849588,38.142742
157,442,23.849838,38.143703
157,443,23.848318,38.145312
157,444,23.846708,38.143722
157,445,23.844778,38.14022
157,446,23.843239,38.138179
157,447,23.840318,38.133227
157,448,23.840538,38.131896
157,449,23.840819,38.131427
157,450,23.840908,38.131316
157,451,23.840988,38.131286
157,452,23.841059,38.131008
157,453,23.841179,38.130916
157,454,23.841129,38.130935
157,455,23.84095,38.131213
157,456,23.840839,38.131465
157,457,23.840059,38.131896
157,458,23.839079,38.130526
157,459,23.837259,38.126735
157,460,23.8345,38.122314
157,461,23.831218,38.118965
157,462,23.829248,38.117835
157,463,23.82705,38.115535
157,464,23.824299,38.114116
157,465,23.82243,38.111186
157,466,23.81872,38.107585
157,467,23.81493,38.105605
157,468,23.8147,38.104736
157,469,23.81209,38.103218
157,470,23.806089,38.100787
157,471,23.799089,38.098068
157,472,23.793549,38.094879
157,473,23.791289,38.09198
157,474,23.789068,38.089099
157,475,23.785617,38.084567
157,476,23.782207,38.080146
157,477,23.777438,38.076045
157,478,23.770587,38.073134
157,479,23.766128,38.071354
157,480,23.762428,38.069873
157,481,23.759859,38.068832
157,482,23.758108,38.06813
157,483,23.756298,38.067401
157,484,23.753147,38.066101
157,485,23.750637,38.06396
157,486,23.749456,38.06195
157,487,23.748287,38.060191
157,488,23.746326,38.056952
157,489,23.745846,38.055751
157,490,23.745126,38.053759
157,491,23.744796,38.052951
157,492,23.743477,38.050921
157,493,23.742336,38.049831
157,494,23.739665,38.04737
157,495,23.736236,38.044452
157,496,23.734056,38.040081
157,497,23.732996,38.037539
157,498,23.733006,38.03749
157,499,23.732996,38.037262
157,500,23.733027,38.037261
157,501,23.733286,38.037169
157,502,23.733857,38.037872
157,503,23.734306,38.040203
157,504,23.735416,38.043403
157,505,23.738457,38.045871
157,506,23.740026,38.046481
157,507,23.740917,38.045993
157,508,23.740787,38.045955
157,509,23.740667,38.046115
157,510,23.739616,38.046905
157,511,23.741356,38.048476
157,512,23.742457,38.049278
157,513,23.743117,38.050227
157,514,23.745306,38.053798
157,515,23.747835,38.059249
157,516,23.751776,38.064887
157,517,23.759075,38.068279
157,518,23.766806,38.071399
157,519,23.774545,38.074508
157,520,23.781395,38.078899
157,521,23.786045,38.08488
157,522,23.790075,38.090141
157,523,23.791515,38.092021
157,524,23.795256,38.096111
157,525,23.802305,38.099052
157,526,23.809345,38.101822
157,527,23.815075,38.103912
157,528,23.815084,38.103912
157,529,23.815104,38.104182
157,530,23.816053,38.105502
157,531,23.820213,38.108981
157,532,23.823414,38.113272
157,533,23.826883,38.115424
157,534,23.830273,38.118846
157,535,23.832073,38.120006
157,536,23.835474,38.123496
157,537,23.838134,38.128665
157,538,23.840124,38.131935
157,539,23.840824,38.131416
157,540,23.840923,38.131225
157,541,23.840954,38.131225
157,542,23.841123,38.130954
157,543,23.841142,38.130984
157,544,23.841183,38.131145
157,545,23.841102,38.131225
157,546,23.840773,38.131595
157,547,23.839933,38.132045
157,548,23.840753,38.133746
157,549,23.842233,38.136775
157,550,23.844815,38.138335
157,551,23.845474,38.139328
157,552,23.845474,38.139347
157,553,23.845504,38.139728
157,554,23.844524,38.140769
157,555,23.845724,38.142527
157,556,23.847025,38.143477
157,557,23.846825,38.143417
157,558,23.846904,38.143195
157,559,23.846633,38.143367
157,560,23.844975,38.141498
157,561,23.845404,38.139118
157,562,23.842754,38.137626
157,563,23.840935,38.134155
157,564,23.840405,38.131874
157,565,23.840905,38.131243
157,566,23.840944,38.130862
157,567,23.840895,38.130843
157,568,23.840975,38.130806
157,569,23.840895,38.131115
157,570,23.840885,38.131446
157,571,23.840904,38.131286
157,572,23.840904,38.131274
157,573,23.840954,38.131183
157,574,23.840855,38.131053
