159,1,23.841023,38.131045
159,2,23.841003,38.130996
159,3,23.841043,38.130935
159,4,23.840914,38.131225
159,5,23.840633,38.131713
159,6,23.839634,38.131652
159,7,23.838465,38.129321
159,8,23.836734,38.125529
159,9,23.834095,38.121848
159,10,23.831235,38.118907
159,11,23.829386,38.118018
159,12,23.827186,38.115687
159,13,23.823977,38.114089
159,14,23.822236,38.110988
159,15,23.818447,38.107307
159,16,23.814747,38.105548
159,17,23.814747,38.104617
159,18,23.812456,38.103389
159,19,23.807377,38.101317
159,20,23.801546,38.098987
159,21,23.795546,38.096538
159,22,23.792816,38.093959
159,23,23.791885,38.092758
159,24,23.791225,38.091876
159,25,23.789135,38.089206
159,26,23.785916,38.085074
159,27,23.782665,38.080795
159,28,23.778736,38.076854
159,29,23.773146,38.074172
159,30,23.767216,38.071773
159,31,23.761456,38.069472
159,32,23.758915,38.069103
159,33,23.759754,38.069114
159,34,23.759883,38.067745
159,35,23.759745,38.065856
159,36,23.758705,38.064525
159,37,23.758495,38.064235
159,38,23.758215,38.063834
159,39,23.757705,38.063193
159,40,23.756795,38.061153
159,41,23.756087,38.059272
159,42,23.755435,38.05844
159,43,23.754575,38.057231
159,44,23.752975,38.05503
159,45,23.751455,38.052539
159,46,23.752035,38.051818
159,47,23.751526,38.050597
159,48,23.751346,38.050136
159,49,23.751116,38.049785
159,50,23.752235,38.049186
159,51,23.755155,38.048065
159,52,23.757706,38.046455
159,53,23.757866,38.046195
159,54,23.758736,38.045074
159,55,23.760296,38.042903
159,56,23.762266,38.041991
159,57,23.763015,38.041881
159,58,23.763194,38.041812
159,59,23.762825,38.041553
159,60,23.762766,38.041522
159,61,23.762436,38.041221
159,62,23.762417,38.041152
159,63,23.762627,38.041232
159,64,23.762898,38.041522
159,65,23.763098,38.041671
159,66,23.763117,38.041732
159,67,23.763077,38.041812
159,68,23.760977,38.042362
159,69,23.759265,38.04449
159,70,23.758726,38.045321
159,71,23.758686,38.045383
159,72,23.758106,38.045993
159,73,23.757557,38.046573
159,74,23.755476,38.047793
159,75,23.754036,38.048312
159,76,23.753346,38.048632
159,77,23.751715,38.049243
159,78,23.750894,38.049675
159,79,23.751915,38.050525
159,80,23.750844,38.051525
159,81,23.752164,38.053184
159,82,23.753975,38.056144
159,83,23.756005,38.058944
159,84,23.756674,38.060703
159,85,23.757803,38.063132
159,86,23.759243,38.064922
159,87,23.759962,38.06644
159,88,23.760171,38.067569
159,89,23.762561,38.06951
159,90,23.76818,38.071811
159,91,23.774771,38.074462
159,92,23.78066,38.078083
159,93,23.784762,38.083194
159,94,23.788981,38.088695
159,95,23.791179,38.091533
159,96,23.791189,38.091532
159,97,23.792669,38.093394
159,98,23.796749,38.096873
159,99,23.802829,38.099235
159,100,23.80971,38.101955
159,101,23.815091,38.103915
159,102,23.815371,38.105507
159,103,23.81929,38.108115
159,104,23.823311,38.112056
159,105,23.825781,38.114356
159,106,23.82843,38.116927
159,107,23.83077,38.118839
159,108,23.833101,38.121157
159,109,23.836411,38.125289
159,110,23.838671,38.129879
159,111,23.84041,38.131927
159,112,23.84086,38.131267
159,113,23.841031,38.131038
159,114,23.84104,38.131076
159,115,23.840749,38.131366
159,116,23.840731,38.131496
159,117,23.840481,38.131476
159,118,23.84058,38.131446
159,119,23.84092,38.131114
159,120,23.840969,38.131004
159,121,23.841009,38.130984
159,122,23.841009,38.131076
159,123,23.840679,38.131514
159,124,23.840339,38.131884
159,125,23.839911,38.132235
159,126,23.840789,38.133914
159,127,23.842221,38.136794
159,128,23.84464,38.138205
159,129,23.845411,38.139087
159,130,23.845411,38.139087
159,131,23.845452,38.139297
159,132,23.844572,38.140376
159,133,23.845582,38.142196
159,134,23.847862,38.144798
159,135,23.850783,38.147887
159,136,23.854072,38.151138
159,137,23.855743,38.154018
159,138,23.855803,38.157428
159,139,23.856932,38.160708
159,140,23.856482,38.163707
159,141,23.856561,38.166915
159,142,23.856092,38.169994
159,143,23.855132,38.173664
159,144,23.855093,38.177043
159,145,23.853554,38.180262
159,146,23.852844,38.183532
159,147,23.853714,38.184993
159,148,23.854183,38.186473
159,149,23.854344,38.190292
159,150,23.853224,38.194472
159,151,23.853304,38.19813
159,152,23.855423,38.19955
159,153,23.857273,38.20203
159,154,23.858523,38.203548
159,155,23.862213,38.205497
159,156,23.865513,38.206477
159,157,23.868763,38.207328
159,158,23.870803,38.209159
159,159,23.872993,38.210959
159,160,23.873933,38.212847
159,161,23.874973,38.214199
159,162,23.876392,38.215137
159,163,23.876633,38.215316
159,164,23.876944,38.216147
159,165,23.876444,38.217479
159,166,23.875445,38.21957
159,167,23.875534,38.221019
159,168,23.875574,38.22264
159,169,23.875004,38.223529
159,170,23.875083,38.224449
159,171,23.874803,38.22647
159,172,23.873154,38.228462
159,173,23.871442,38.230922
159,174,23.870043,38.233832
159,175,23.868063,38.236224
159,176,23.868584,38.236995
159,177,23.870403,38.238586
159,178,23.872744,38.239917
159,179,23.875734,38.240718
159,180,23.878775,38.239577
159,181,23.881834,38.238029
159,182,23.883773,38.237838
159,183,23.884433,38.240386
159,184,23.886004,38.242446
159,185,23.887493,38.244487
159,186,23.888693,38.246825
159,187,23.889963,38.248126
159,188,23.891194,38.248748
159,189,23.891123,38.248779
159,190,23.891114,38.248797
159,191,23.890753,38.248538
159,192,23.888523,38.246387
159,193,23.886623,38.243216
159,194,23.884443,38.239807
159,195,23.883552,38.237437
159,196,23.880132,38.238876
159,197,23.876413,38.240764
159,198,23.872263,38.239673
159,199,23.870194,38.238471
159,200,23.867264,38.236762
159,201,23.869685,38.234332
159,202,23.871774,38.230521
159,203,23.874846,38.22634
159,204,23.876147,38.224021
159,205,23.875366,38.22277
159,206,23.875705,38.21942
159,207,23.876865,38.216559
159,208,23.876936,38.216449
159,209,23.877016,38.216358
159,210,23.877106,38.216136
159,211,23.876326,38.215136
159,212,23.876186,38.214996
159,213,23.873806,38.214374
159,214,23.873366,38.211563
159,215,23.870085,38.208911
159,216,23.866155,38.206721
