160,1,23.8411,38.130912
160,2,23.841011,38.13098
160,3,23.840762,38.131412
160,4,23.840762,38.1314
160,5,23.84065,38.131598
160,6,23.83983,38.131999
160,7,23.840361,38.133171
160,8,23.841631,38.135791
160,9,23.843191,38.138092
160,10,23.845341,38.138793
160,11,23.845411,38.139224
160,12,23.845392,38.139422
160,13,23.842771,38.140193
160,14,23.839013,38.140674
160,15,23.837371,38.140845
160,16,23.835941,38.141124
160,17,23.834491,38.140655
160,18,23.832472,38.139434
160,19,23.830192,38.138805
160,20,23.827053,38.138446
160,21,23.826433,38.139117
160,22,23.825983,38.13908
160,23,23.825933,38.139079
160,24,23.827294,38.138431
160,25,23.830543,38.139029
160,26,23.832834,38.13922
160,27,23.835104,38.140762
160,28,23.836764,38.141002
160,29,23.839974,38.140594
160,30,23.843113,38.139945
160,31,23.845253,38.138816
160,32,23.844253,38.138298
160,33,23.841552,38.135707
160,34,23.839973,38.131907
160,35,23.840853,38.131297
160,36,23.841143,38.130916
160,37,23.840973,38.130775
160,38,23.840942,38.130775
160,39,23.841094,38.130904
160,40,23.840932,38.131114
160,41,23.840933,38.131125
160,42,23.841032,38.131076
160,43,23.841162,38.130946
160,44,23.841103,38.130946
160,45,23.841043,38.131064
160,46,23.841025,38.131095
160,47,23.840663,38.131477
160,48,23.839693,38.131866
160,49,23.838493,38.129504
160,50,23.836704,38.125713
160,51,23.833824,38.121711
160,52,23.830094,38.117892
160,53,23.829323,38.116592
160,54,23.829092,38.115081
160,55,23.827393,38.11322
160,56,23.825792,38.110999
160,57,23.825782,38.109279
160,58,23.825872,38.107078
160,59,23.825982,38.104766
160,60,23.825773,38.103286
160,61,23.825532,38.101237
160,62,23.825403,38.099875
160,63,23.824632,38.098807
160,64,23.824602,38.098747
160,65,23.824052,38.096767
160,66,23.822492,38.093456
160,67,23.821672,38.092205
160,68,23.821302,38.091735
160,69,23.820701,38.091353
160,70,23.819811,38.090614
160,71,23.818921,38.089652
160,72,23.81801,38.089084
160,73,23.81745,38.088184
160,74,23.81857,38.086772
160,75,23.81888,38.083484
160,76,23.81991,38.079933
160,77,23.820801,38.077231
160,78,23.820991,38.076663
160,79,23.821102,38.075702
160,80,23.821102,38.075381
160,81,23.820732,38.07233
160,82,23.820992,38.068488
160,83,23.821342,38.066787
160,84,23.823403,38.066707
160,85,23.826233,38.066497
160,86,23.826213,38.064616
160,87,23.829683,38.063655
160,88,23.833843,38.061565
160,89,23.835643,38.060973
160,90,23.836183,38.060634
160,91,23.835933,38.059783
160,92,23.835874,38.059585
160,93,23.836185,38.058844
160,94,23.837776,38.058646
160,95,23.838347,38.056575
160,96,23.839006,38.054107
160,97,23.838756,38.052219
160,98,23.838587,38.05191
160,99,23.839487,38.050681
160,100,23.839637,38.04959
160,101,23.839638,38.04742
160,102,23.839458,38.047148
160,103,23.839298,38.046779
160,104,23.840238,38.046767
160,105,23.841499,38.046829
160,106,23.843149,38.047279
160,107,23.84458,38.046718
160,108,23.84507,38.046626
160,109,23.84491,38.046878
160,110,23.844969,38.046839
160,111,23.844839,38.04676
160,112,23.844939,38.046798
160,113,23.844298,38.04586
160,114,23.842867,38.045539
160,115,23.840877,38.046458
160,116,23.840847,38.046577
160,117,23.840866,38.046576
160,118,23.841606,38.046829
160,119,23.841187,38.046729
160,120,23.839966,38.046958
160,121,23.839836,38.048458
160,122,23.839726,38.049727
160,123,23.839654,38.050666
160,124,23.839654,38.050685
160,125,23.839245,38.051463
160,126,23.839165,38.051501
160,127,23.838724,38.051693
160,128,23.839585,38.052302
160,129,23.841256,38.053371
160,130,23.842235,38.05461
160,131,23.839426,38.056221
160,132,23.838096,38.058372
160,133,23.835797,38.058723
160,134,23.836185,38.060153
160,135,23.835016,38.061004
160,136,23.830456,38.063274
160,137,23.826355,38.065025
160,138,23.825414,38.066413
160,139,23.821354,38.066665
160,140,23.821083,38.067153
160,141,23.820913,38.069983
160,142,23.820993,38.073413
160,143,23.821042,38.073924
160,144,23.821172,38.075274
160,145,23.820612,38.077765
160,146,23.820612,38.077804
160,147,23.820011,38.079612
160,148,23.818941,38.083324
160,149,23.818731,38.086192
160,150,23.817081,38.086802
160,151,23.817001,38.087352
160,152,23.817362,38.087852
160,153,23.817951,38.088653
160,154,23.818451,38.089084
160,155,23.81904,38.089416
160,156,23.81967,38.090106
160,157,23.82044,38.090835
160,158,23.82159,38.091693
160,159,23.82332,38.094523
160,160,23.82427,38.097442
160,161,23.825399,38.099754
160,162,23.82564,38.101642
160,163,23.82584,38.103762
160,164,23.82592,38.106074
160,165,23.825839,38.108763
160,166,23.82594,38.110313
160,167,23.82696,38.112433
160,168,23.82898,38.114653
160,169,23.829238,38.116683
160,170,23.829189,38.116824
160,171,23.8316,38.119205
160,172,23.835529,38.123325
160,173,23.83774,38.127857
160,174,23.83963,38.131725
160,175,23.84024,38.131984
160,176,23.84083,38.132094
160,177,23.840491,38.132132
160,178,23.84018,38.131904
160,179,23.840648,38.131603
160,180,23.840768,38.131453
160,181,23.840808,38.131404
160,182,23.840448,38.131736
160,183,23.840349,38.131537
160,184,23.840349,38.131537
160,185,23.84027,38.131527
160,186,23.84027,38.131537
160,187,23.840488,38.131816
160,188,23.840868,38.131286
160,189,23.841028,38.131114
160,190,23.840969,38.130916
160,191,23.840969,38.130916
160,192,23.840859,38.130855
160,193,23.840859,38.130866
160,194,23.840809,38.130946
160,195,23.840848,38.130886
160,196,23.840979,38.131126
160,197,23.840699,38.131526
160,198,23.840639,38.131526
160,199,23.84072,38.131305
160,200,23.840799,38.131305
160,201,23.841089,38.130965
160,202,23.84112,38.130935
160,203,23.841151,38.130923
160,204,23.840959,38.131163
160,205,23.84074,38.131442
160,206,23.840481,38.131534
160,207,23.840461,38.131522
160,208,23.840802,38.131324
160,209,23.840952,38.131084
160,210,23.840982,38.131084
160,211,23.841082,38.131054
160,212,23.841032,38.131083
160,213,23.841032,38.131083
160,214,23.841032,38.131083
160,215,23.840841,38.131416
160,216,23.840501,38.131934
160,217,23.839712,38.131934
160,218,23.838821,38.130153
160,219,23.837221,38.126793
160,220,23.835081,38.123011
160,221,23.831861,38.119761
160,222,23.829851,38.118743
160,223,23.82817,38.116813
160,224,23.825562,38.114283
160,225,23.823421,38.112525
160,226,23.820232,38.109126
160,227,23.816363,38.105686
160,228,23.814463,38.105525
160,229,23.814364,38.105426
160,230,23.814564,38.104335
160,231,23.810903,38.102775
160,232,23.805653,38.100654
160,233,23.800043,38.098464
160,234,23.794693,38.095996
160,235,23.791822,38.092735
160,236,23.791302,38.092063
160,237,23.791012,38.091674
160,238,23.789183,38.089324
160,239,23.786062,38.085285
160,240,23.782873,38.081084
160,241,23.779123,38.077136
160,242,23.774063,38.074527
160,243,23.768973,38.072486
160,244,23.763413,38.070266
160,245,23.759413,38.068637
160,246,23.760003,38.068976
160,247,23.759922,38.067108
160,248,23.759903,38.066436
160,249,23.759803,38.066085
160,250,23.759504,38.065524
160,251,23.759384,38.065375
160,252,23.758804,38.064666
160,253,23.758733,38.064586
160,254,23.757774,38.063327
160,255,23.756674,38.061069
160,256,23.756134,38.059409
160,257,23.755073,38.057971
160,258,23.753763,38.056163
160,259,23.752144,38.053642
160,260,23.751533,38.052143
160,261,23.751873,38.050921
160,262,23.751382,38.050514
160,263,23.750983,38.049743
160,264,23.751973,38.049262
160,265,23.754383,38.048511
160,266,23.756714,38.047229
160,267,23.757743,38.046428
160,268,23.757774,38.046367
160,269,23.758814,38.045165
160,270,23.760194,38.043124
160,271,23.762365,38.042083
160,272,23.762995,38.041862
160,273,23.762705,38.041651
160,274,23.762393,38.041423
160,275,23.762384,38.041453
160,276,23.762535,38.041454
160,277,23.762575,38.041274
160,278,23.762424,38.041354
160,279,23.762495,38.041385
160,280,23.762455,38.041385
160,281,23.762535,38.041385
160,282,23.762605,38.041434
160,283,23.762966,38.041946
160,284,23.761437,38.042304
160,285,23.760457,38.043025
160,286,23.759786,38.043876
160,287,23.759317,38.044616
160,288,23.759117,38.044894
160,289,23.759006,38.045044
160,290,23.758417,38.045691
160,291,23.758417,38.045703
160,292,23.757207,38.046832
160,293,23.755978,38.047802
160,294,23.753767,38.048671
160,295,23.752127,38.049182
160,296,23.751088,38.050082
160,297,23.751926,38.050861
160,298,23.751007,38.05196
160,299,23.752927,38.054759
160,300,23.754716,38.05733
160,301,23.756348,38.05965
160,302,23.756897,38.061431
160,303,23.757847,38.063373
160,304,23.758936,38.064673
160,305,23.759676,38.065654
160,306,23.760027,38.067172
160,307,23.761697,38.069141
160,308,23.766798,38.071261
160,309,23.772839,38.073722
160,310,23.778648,38.076473
160,311,23.782839,38.080634
160,312,23.786249,38.085075
160,313,23.789619,38.089473
160,314,23.791679,38.092262
160,315,23.794988,38.095992
160,316,23.801258,38.098701
160,317,23.808218,38.101409
160,318,23.814678,38.103728
160,319,23.814568,38.105448
160,320,23.818098,38.107029
160,321,23.822067,38.110878
160,322,23.824368,38.114165
160,323,23.827177,38.115794
160,324,23.829767,38.118556
160,325,23.831296,38.119216
160,326,23.834367,38.122367
160,327,23.837238,38.126957
160,328,23.839308,38.131248
160,329,23.840579,38.131629
160,330,23.840878,38.131007
160,331,23.840908,38.131007
160,332,23.840997,38.131107
160,333,23.841017,38.131057
160,334,23.841008,38.131057
160,335,23.841007,38.130958
160,336,23.840967,38.13092
160,337,23.840936,38.130881
160,338,23.840878,38.13092
160,339,23.840698,38.131389
160,340,23.840788,38.131388
160,341,23.840837,38.131339
160,342,23.840758,38.131038
