162,1,23.840536,38.131866
162,2,23.840416,38.131877
162,3,23.839885,38.132006
162,4,23.840657,38.133525
162,5,23.842236,38.136714
162,6,23.845306,38.138545
162,7,23.845445,38.139155
162,8,23.845476,38.139675
162,9,23.844786,38.141192
162,10,23.846926,38.143733
162,11,23.849405,38.146343
162,12,23.849445,38.146403
162,13,23.849874,38.146872
162,14,23.852135,38.149283
162,15,23.854925,38.152114
162,16,23.855856,38.156055
162,17,23.856806,38.160395
162,18,23.854965,38.161166
162,19,23.855834,38.162146
162,20,23.856115,38.166938
162,21,23.854975,38.1721
162,22,23.853424,38.176261
162,23,23.852005,38.180571
162,24,23.850535,38.184921
162,25,23.848533,38.188689
162,26,23.847933,38.189837
162,27,23.844763,38.192329
162,28,23.843183,38.194167
162,29,23.842074,38.197639
162,30,23.840032,38.20092
162,31,23.837593,38.202838
162,32,23.834963,38.203906
162,33,23.833344,38.204555
162,34,23.831533,38.204615
162,35,23.830103,38.204825
162,36,23.828444,38.206165
162,37,23.827063,38.206115
162,38,23.825552,38.206577
162,39,23.824072,38.206947
162,40,23.822262,38.207648
162,41,23.819733,38.20782
162,42,23.816543,38.20631
162,43,23.815704,38.203708
162,44,23.813795,38.202579
162,45,23.815994,38.199348
162,46,23.818375,38.196288
162,47,23.815105,38.193618
162,48,23.815975,38.193359
162,49,23.818565,38.19369
162,50,23.819906,38.193943
162,51,23.821886,38.19538
162,52,23.823496,38.19659
162,53,23.824246,38.19691
162,54,23.824597,38.197109
162,55,23.824476,38.197047
162,56,23.824486,38.197078
162,57,23.824455,38.197078
162,58,23.824415,38.19704
162,59,23.824455,38.197158
162,60,23.824575,38.197196
162,61,23.823845,38.196734
162,62,23.823145,38.196624
162,63,23.821745,38.194873
162,64,23.818835,38.193713
162,65,23.817835,38.193435
162,66,23.816626,38.193354
162,67,23.815386,38.193645
162,68,23.817727,38.195625
162,69,23.817007,38.198676
162,70,23.814017,38.202117
162,71,23.815986,38.204296
162,72,23.818327,38.207354
162,73,23.822117,38.207664
162,74,23.824167,38.206886
162,75,23.826499,38.206195
162,76,23.828218,38.206424
162,77,23.829409,38.205074
162,78,23.831068,38.204665
162,79,23.832937,38.204677
162,80,23.835438,38.203746
162,81,23.838416,38.202395
162,82,23.840237,38.200507
162,83,23.842176,38.197127
162,84,23.843237,38.192889
162,85,23.846626,38.190868
162,86,23.850965,38.188869
162,87,23.851985,38.185218
162,88,23.853105,38.180217
162,89,23.854156,38.174938
162,90,23.855377,38.170539
162,91,23.856086,38.166377
162,92,23.855677,38.161635
162,93,23.855316,38.156955
162,94,23.854665,38.153144
162,95,23.851876,38.149703
162,96,23.848265,38.145862
162,97,23.844475,38.141593
162,98,23.842115,38.139255
162,99,23.843315,38.139934
162,100,23.845255,38.139415
162,101,23.845254,38.138656
162,102,23.843704,38.138255
162,103,23.843705,38.138237
162,104,23.843075,38.138027
162,105,23.841665,38.135776
162,106,23.839965,38.132384
162,107,23.839595,38.131503
162,108,23.839586,38.131492
162,109,23.839217,38.130923
162,110,23.837516,38.127383
162,111,23.835537,38.123412
162,112,23.831988,38.119773
162,113,23.829268,38.116855
162,114,23.829077,38.115615
162,115,23.828117,38.113906
162,116,23.826357,38.111526
162,117,23.825917,38.109855
162,118,23.825916,38.107634
162,119,23.826016,38.105124
162,120,23.825785,38.103534
162,121,23.825645,38.101726
162,122,23.825445,38.100104
162,123,23.825445,38.099894
162,124,23.824726,38.098846
162,125,23.823976,38.096237
162,126,23.822586,38.093505
162,127,23.821815,38.092253
162,128,23.821436,38.091724
162,129,23.821296,38.091495
162,130,23.821137,38.091304
162,131,23.821037,38.091212
162,132,23.820458,38.090614
162,133,23.819517,38.089652
162,134,23.818286,38.088802
162,135,23.817686,38.088222
162,136,23.817547,38.088
162,137,23.818746,38.08628
162,138,23.818826,38.083549
162,139,23.819717,38.08028
162,140,23.820698,38.077319
162,141,23.820988,38.076179
162,142,23.821047,38.075419
162,143,23.820948,38.074351
162,144,23.820708,38.070941
162,145,23.820948,38.06874
162,146,23.821047,38.068
162,147,23.821257,38.06684
162,148,23.823106,38.06676
162,149,23.826037,38.066509
162,150,23.826215,38.064628
162,151,23.829046,38.063956
162,152,23.832916,38.062118
162,153,23.835676,38.060996
162,154,23.836197,38.060756
162,155,23.835876,38.059677
162,156,23.836366,38.058875
162,157,23.838118,38.058413
162,158,23.838627,38.055663
162,159,23.839096,38.052753
162,160,23.839226,38.052154
162,161,23.841085,38.052584
162,162,23.841905,38.051764
162,163,23.840506,38.050064
162,164,23.840366,38.049945
162,165,23.840347,38.049826
162,166,23.840387,38.050048
162,167,23.840337,38.049968
162,168,23.840368,38.049987
162,169,23.840627,38.050288
162,170,23.840538,38.050319
162,171,23.840439,38.050418
162,172,23.840429,38.05038
162,173,23.840439,38.05054
162,174,23.839658,38.051051
162,175,23.839548,38.051181
162,176,23.839187,38.05157
162,177,23.839258,38.05213
162,178,23.840649,38.052981
162,179,23.84282,38.054321
162,180,23.841089,38.05506
162,181,23.839039,38.056739
162,182,23.837789,38.05878
162,183,23.835859,38.058841
162,184,23.836099,38.059951
162,185,23.83532,38.06095
162,186,23.83176,38.062652
162,187,23.827501,38.064292
162,188,23.82649,38.065494
162,189,23.82581,38.066505
162,190,23.822599,38.066714
162,191,23.821049,38.067123
162,192,23.820969,38.069484
162,193,23.820987,38.073093
162,194,23.821178,38.074832
162,195,23.820669,38.077583
162,196,23.819698,38.080432
162,197,23.818919,38.083503
162,198,23.818847,38.086154
162,199,23.817848,38.087913
162,200,23.817698,38.087974
162,201,23.817558,38.088054
162,202,23.817598,38.088253
162,203,23.819078,38.089492
162,204,23.819909,38.090392
162,205,23.821978,38.092414
162,206,23.823457,38.094795
162,207,23.824158,38.097015
162,208,23.824287,38.098377
162,209,23.821176,38.099894
162,210,23.819546,38.100574
162,211,23.818796,38.100844
162,212,23.816237,38.101795
162,213,23.817207,38.104415
162,214,23.819936,38.107943
162,215,23.823307,38.111152
162,216,23.826347,38.114101
162,217,23.828818,38.11658
162,218,23.832487,38.120292
162,219,23.835978,38.124122
162,220,23.837658,38.12765
162,221,23.839329,38.131072
162,222,23.840648,38.131553
162,223,23.841,38.130954
162,224,23.84104,38.130916
162,225,23.840999,38.130816
162,226,23.841019,38.131198
162,227,23.840707,38.131747
162,228,23.840328,38.131778
162,229,23.840148,38.131617
