163,1,23.84012,38.131568
163,2,23.840219,38.131599
163,3,23.839948,38.132278
163,4,23.841269,38.134868
163,5,23.843229,38.138038
163,6,23.845829,38.13937
163,7,23.84982,38.13946
163,8,23.854269,38.138758
163,9,23.856088,38.137019
163,10,23.856178,38.136981
163,11,23.856258,38.136622
163,12,23.857488,38.135242
163,13,23.859549,38.132503
163,14,23.859188,38.131484
163,15,23.856938,38.127864
163,16,23.856508,38.123825
163,17,23.858389,38.121013
163,18,23.856789,38.118942
163,19,23.853049,38.11568
163,20,23.848318,38.114059
163,21,23.844028,38.111511
163,22,23.842288,38.110652
163,23,23.83861,38.108603
163,24,23.833929,38.106372
163,25,23.8296,38.103061
163,26,23.825359,38.09962
163,27,23.824539,38.098258
163,28,23.82321,38.094367
163,29,23.821699,38.092006
163,30,23.820739,38.091095
163,31,23.81992,38.090423
163,32,23.81842,38.089195
163,33,23.8179,38.088653
163,34,23.81752,38.088233
163,35,23.81798,38.087844
163,36,23.8186,38.084693
163,37,23.81963,38.080505
163,38,23.820379,38.078173
163,39,23.82102,38.076072
163,40,23.820961,38.074103
163,41,23.82081,38.069964
163,42,23.82128,38.069094
163,43,23.824311,38.068923
163,44,23.826259,38.068332
163,45,23.826278,38.066482
163,46,23.827098,38.064342
163,47,23.831888,38.06256
163,48,23.834738,38.06113
163,49,23.836187,38.060611
163,50,23.835907,38.059711
163,51,23.835716,38.059111
163,52,23.835907,38.058761
163,53,23.838157,38.058139
163,54,23.838817,38.054538
163,55,23.838827,38.052249
163,56,23.838557,38.051768
163,57,23.838816,38.051548
163,58,23.839586,38.049678
163,59,23.839706,38.04824
163,60,23.838577,38.046088
163,61,23.836428,38.044498
163,62,23.834278,38.042957
163,63,23.831567,38.040957
163,64,23.831349,38.040816
163,65,23.830599,38.040248
163,66,23.830589,38.04021
163,67,23.8286,38.03873
163,68,23.827049,38.037502
163,69,23.825059,38.035922
163,70,23.8228,38.034114
163,71,23.82251,38.033683
163,72,23.82229,38.033645
163,73,23.82188,38.033183
163,74,23.821831,38.033214
163,75,23.821902,38.033176
163,76,23.822022,38.033385
163,77,23.823122,38.033053
163,78,23.823751,38.032054
163,79,23.825502,38.030513
163,80,23.826844,38.029255
163,81,23.826893,38.029216
163,82,23.826893,38.029247
163,83,23.827273,38.029075
163,84,23.828333,38.027915
163,85,23.829893,38.026534
163,86,23.830874,38.025806
163,87,23.832184,38.025245
163,88,23.831043,38.025905
163,89,23.830393,38.026256
163,90,23.822763,38.032535
163,91,23.822443,38.032795
163,92,23.822523,38.032756
163,93,23.822453,38.032855
163,94,23.822333,38.033076
163,95,23.822752,38.032886
163,96,23.823002,38.032356
163,97,23.830912,38.026016
163,98,23.832662,38.024986
163,99,23.833462,38.025035
163,100,23.834651,38.026584
163,101,23.834952,38.026885
163,102,23.835302,38.027045
163,103,23.837412,38.026035
163,104,23.838382,38.026855
163,105,23.840742,38.025813
163,106,23.841193,38.025493
163,107,23.842072,38.025745
163,108,23.843901,38.026023
163,109,23.847391,38.025234
163,110,23.848961,38.024932
163,111,23.84876,38.024043
163,112,23.848211,38.022922
163,113,23.846691,38.020793
163,114,23.845061,38.017513
163,115,23.84408,38.015392
163,116,23.844021,38.01522
163,117,23.843901,38.014888
163,118,23.843781,38.014549
163,119,23.843731,38.014431
163,120,23.84362,38.013942
163,121,23.84359,38.013663
163,122,23.84359,38.013625
163,123,23.843531,38.013156
163,124,23.843471,38.012638
163,125,23.843472,38.012607
163,126,23.84353,38.011867
163,127,23.84362,38.011459
163,128,23.84363,38.01142
163,129,23.844329,38.009349
163,130,23.84678,38.005278
163,131,23.847591,38.000511
163,132,23.847342,37.996429
163,133,23.848362,37.993179
163,134,23.849812,37.990459
163,135,23.850521,37.987597
163,136,23.850701,37.986259
163,137,23.85091,37.98503
163,138,23.851049,37.984489
163,139,23.851878,37.98154
163,140,23.852939,37.977721
163,141,23.853279,37.97296
163,142,23.853199,37.96857
163,143,23.85389,37.965388
163,144,23.854839,37.961867
163,145,23.856319,37.959506
163,146,23.85729,37.957637
163,147,23.859069,37.955307
163,148,23.86121,37.952468
163,149,23.863119,37.949607
163,150,23.864889,37.946838
163,151,23.866169,37.944667
163,152,23.867479,37.940936
163,153,23.86867,37.937297
163,154,23.87011,37.933795
163,155,23.871649,37.933074
163,156,23.875349,37.933074
163,157,23.876339,37.932765
163,158,23.876059,37.932827
163,159,23.876838,37.932567
163,160,23.877228,37.932308
163,161,23.877228,37.932296
163,162,23.877887,37.932006
163,163,23.877888,37.931945
163,164,23.877367,37.931476
163,165,23.877187,37.931495
163,166,23.877128,37.931514
163,167,23.877018,37.931495
163,168,23.876987,37.931575
163,169,23.877207,37.931434
163,170,23.877207,37.931434
163,171,23.877317,37.931396
163,172,23.877878,37.931804
163,173,23.877918,37.931964
163,174,23.877317,37.932334
163,175,23.877317,37.932334
163,176,23.876948,37.932513
163,177,23.874267,37.932945
163,178,23.871448,37.933062
163,179,23.870529,37.933093
163,180,23.870409,37.933212
163,181,23.869358,37.935733
163,182,23.867968,37.939235
163,183,23.866968,37.942736
163,184,23.865198,37.946368
163,185,23.863468,37.94905
163,186,23.861948,37.951381
163,187,23.861947,37.951412
163,188,23.860758,37.953063
163,189,23.858547,37.956073
163,190,23.856638,37.959071
163,191,23.854797,37.962851
163,192,23.853358,37.96672
163,193,23.853478,37.971019
163,194,23.853758,37.975478
163,195,23.852778,37.978789
163,196,23.852398,37.980129
163,197,23.852258,37.98056
163,198,23.851778,37.98218
163,199,23.851408,37.983481
163,200,23.851298,37.983901
163,201,23.850777,37.98643
163,202,23.850327,37.989192
163,203,23.849077,37.992381
163,204,23.848167,37.994312
163,205,23.847436,37.997543
163,206,23.847817,38.000743
163,207,23.847867,38.001563
163,208,23.847906,38.002234
163,209,23.847906,38.002617
163,210,23.847675,38.003418
163,211,23.847605,38.003589
163,212,23.847505,38.003848
163,213,23.847505,38.00386
163,214,23.847327,38.00431
163,215,23.847156,38.004741
163,216,23.847057,38.005012
163,217,23.846906,38.005343
163,218,23.846906,38.005355
163,219,23.846847,38.005473
163,220,23.846847,38.005492
163,221,23.846628,38.005794
163,222,23.846348,38.006202
163,223,23.846259,38.006331
163,224,23.846248,38.006343
163,225,23.846008,38.006732
163,226,23.845808,38.007041
163,227,23.845657,38.007281
163,228,23.845558,38.007453
163,229,23.845207,38.008044
163,230,23.845107,38.008235
163,231,23.845098,38.008247
163,232,23.844578,38.009196
163,233,23.844528,38.009296
163,234,23.844528,38.009296
163,235,23.844167,38.009967
163,236,23.844028,38.010257
163,237,23.84401,38.010276
163,238,23.843738,38.011386
163,239,23.843739,38.013884
163,240,23.844538,38.016425
163,241,23.846138,38.019626
163,242,23.847557,38.021675
163,243,23.848467,38.023193
163,244,23.849037,38.024314
163,245,23.849777,38.025462
163,246,23.850068,38.025924
163,247,23.850468,38.026306
163,248,23.852127,38.028346
163,249,23.855356,38.030685
163,250,23.855785,38.031196
163,251,23.856785,38.032607
163,252,23.856116,38.034519
163,253,23.852566,38.037398
163,254,23.849195,38.040859
163,255,23.844965,38.043357
163,256,23.841194,38.045478
163,257,23.840454,38.045966
163,258,23.839994,38.046317
163,259,23.839735,38.046515
163,260,23.839864,38.048404
163,261,23.839845,38.048945
163,262,23.839626,38.050716
163,263,23.839607,38.050887
163,264,23.838707,38.051616
163,265,23.840206,38.052635
163,266,23.842686,38.054126
163,267,23.840975,38.055026
163,268,23.838576,38.057075
163,269,23.837085,38.058856
163,270,23.835957,38.059318
163,271,23.835806,38.060779
163,272,23.832275,38.06235
163,273,23.828436,38.064151
163,274,23.826346,38.064941
163,275,23.826216,38.066482
163,276,23.821985,38.06663
163,277,23.821195,38.067698
163,278,23.820876,38.0708
163,279,23.821196,38.074592
163,280,23.820976,38.076743
163,281,23.819836,38.080135
163,282,23.818896,38.083544
163,283,23.818636,38.086703
163,284,23.818576,38.086875
163,285,23.818576,38.086887
163,286,23.818478,38.087138
163,287,23.818388,38.08739
163,288,23.818368,38.08744
163,289,23.818218,38.087661
163,290,23.818218,38.087672
163,291,23.817988,38.087783
163,292,23.817928,38.087813
163,293,23.817709,38.087905
163,294,23.817539,38.088096
163,295,23.81794,38.088607
163,296,23.81892,38.089286
163,297,23.81925,38.089675
163,298,23.82024,38.090686
163,299,23.8209,38.091227
163,300,23.82254,38.093287
163,301,23.824191,38.097155
163,302,23.82447,38.098075
163,303,23.823681,38.098635
163,304,23.81965,38.100455
163,305,23.816551,38.101367
163,306,23.8168,38.103439
163,307,23.818951,38.106948
163,308,23.822401,38.110259
163,309,23.826061,38.113761
163,310,23.82892,38.116652
163,311,23.832479,38.120231
163,312,23.836318,38.124763
163,313,23.838308,38.128913
163,314,23.839948,38.131873
163,315,23.840269,38.131652
163,316,23.840148,38.131591
163,317,23.840029,38.13134
