164,1,23.840536,38.13174
164,2,23.840977,38.131118
164,3,23.840946,38.13092
164,4,23.840916,38.13092
164,5,23.840836,38.130908
164,6,23.840866,38.130908
164,7,23.840856,38.13084
164,8,23.840837,38.13084
164,9,23.840897,38.13119
164,10,23.840626,38.131523
164,11,23.840626,38.131523
164,12,23.839756,38.131881
164,13,23.838526,38.129542
164,14,23.836326,38.124954
164,15,23.832357,38.120212
164,16,23.828377,38.116191
164,17,23.825068,38.112903
164,18,23.821148,38.109172
164,19,23.817738,38.105781
164,20,23.816387,38.102759
164,21,23.816087,38.102618
164,22,23.816146,38.101779
164,23,23.818716,38.100859
164,24,23.820536,38.10023
164,25,23.823566,38.098739
164,26,23.824036,38.098499
164,27,23.824135,38.098449
164,28,23.823996,38.09656
164,29,23.821955,38.092501
164,30,23.819886,38.090453
164,31,23.818115,38.088973
164,32,23.817495,38.088314
164,33,23.816485,38.085025
164,34,23.814684,38.081256
164,35,23.814464,38.080535
164,36,23.812754,38.077354
164,37,23.812504,38.073642
164,38,23.811134,38.070632
164,39,23.810864,38.067653
164,40,23.809423,38.064712
164,41,23.809413,38.064632
164,42,23.809133,38.06285
164,43,23.808794,38.060539
164,44,23.808575,38.060489
164,45,23.808584,38.060458
164,46,23.808664,38.05989
164,47,23.809515,38.057109
164,48,23.811705,38.055198
164,49,23.810495,38.05265
164,50,23.809885,38.051818
164,51,23.809034,38.052028
164,52,23.808924,38.053028
164,53,23.809883,38.052737
164,54,23.809923,38.052737
164,55,23.811024,38.053306
164,56,23.811624,38.053817
164,57,23.814094,38.053196
164,58,23.815275,38.052814
164,59,23.818596,38.052455
164,60,23.821895,38.052314
164,61,23.823896,38.053375
164,62,23.825806,38.052825
164,63,23.829114,38.051875
164,64,23.830944,38.051356
164,65,23.831995,38.051196
164,66,23.832744,38.051086
164,67,23.832985,38.051055
164,68,23.833225,38.051055
164,69,23.833654,38.051056
164,70,23.835405,38.051117
164,71,23.836564,38.051207
164,72,23.837765,38.051448
164,73,23.837925,38.051539
164,74,23.839344,38.05054
164,75,23.839523,38.049621
164,76,23.839702,38.047942
164,77,23.839632,38.047473
164,78,23.839332,38.046962
164,79,23.839314,38.046931
164,80,23.840904,38.04557
164,81,23.842915,38.044391
164,82,23.844805,38.043281
164,83,23.847164,38.041961
164,84,23.849864,38.040042
164,85,23.852496,38.037253
164,86,23.855785,38.034572
164,87,23.856855,38.033553
164,88,23.856874,38.033542
164,89,23.856674,38.032622
164,90,23.856385,38.032161
164,91,23.856495,38.031803
164,92,23.859055,38.030753
164,93,23.859165,38.027385
164,94,23.859455,38.024364
164,95,23.859455,38.024203
164,96,23.859855,38.022052
164,97,23.860296,38.018703
164,98,23.860185,38.015071
164,99,23.859776,38.011863
164,100,23.857685,38.011973
164,101,23.857235,38.009872
164,102,23.857386,38.009322
164,103,23.857515,38.009242
164,104,23.858015,38.008724
164,105,23.857694,38.007724
164,106,23.860165,38.007392
164,107,23.864985,38.006453
164,108,23.870045,38.005473
164,109,23.871374,38.005195
164,110,23.872975,38.004874
164,111,23.874144,38.004573
164,112,23.875183,38.005061
164,113,23.876673,38.005611
164,114,23.877053,38.006121
164,115,23.877413,38.006633
164,116,23.877723,38.007064
164,117,23.878075,38.007335
164,118,23.878395,38.007446
164,119,23.878546,38.007594
164,120,23.878685,38.007773
164,121,23.878675,38.007773
164,122,23.878916,38.007785
164,123,23.878916,38.007804
164,124,23.878376,38.007533
164,125,23.877796,38.007045
164,126,23.877466,38.006713
164,127,23.877466,38.006713
164,128,23.877466,38.006652
164,129,23.877367,38.006691
164,130,23.877386,38.006629
164,131,23.877386,38.006629
164,132,23.877065,38.006087
164,133,23.876094,38.005618
164,134,23.874714,38.004768
164,135,23.872793,38.005069
164,136,23.872004,38.005241
164,137,23.868763,38.005809
164,138,23.865593,38.006328
164,139,23.862343,38.007068
164,140,23.860782,38.007838
164,141,23.861153,38.010177
164,142,23.860462,38.012618
164,143,23.860422,38.01514
164,144,23.860552,38.018878
164,145,23.860481,38.020087
164,146,23.860001,38.022357
164,147,23.85972,38.023807
164,148,23.859529,38.026328
164,149,23.85927,38.029906
164,150,23.856661,38.031795
164,151,23.857111,38.033737
164,152,23.85411,38.036067
164,153,23.851351,38.038898
164,154,23.8486,38.041358
164,155,23.84737,38.04211
164,156,23.84427,38.043842
164,157,23.84288,38.044612
164,158,23.840531,38.045982
164,159,23.839559,38.046733
164,160,23.839899,38.048755
164,161,23.83972,38.050346
164,162,23.839,38.051555
164,163,23.838991,38.051574
164,164,23.838772,38.051765
164,165,23.840921,38.053047
164,166,23.84242,38.054527
164,167,23.83934,38.056296
164,168,23.83902,38.056655
164,169,23.83901,38.056716
164,170,23.838479,38.057326
164,171,23.83678,38.058776
164,172,23.83617,38.059608
164,173,23.835331,38.060916
164,174,23.83065,38.063247
164,175,23.826431,38.064998
164,176,23.825641,38.066467
164,177,23.821442,38.066707
164,178,23.82117,38.068668
164,179,23.820951,38.071708
164,180,23.82125,38.074237
164,181,23.820971,38.076705
164,182,23.820261,38.078834
164,183,23.81911,38.082572
164,184,23.818652,38.086402
164,185,23.817581,38.087771
164,186,23.817501,38.087871
164,187,23.818811,38.089172
164,188,23.819971,38.090423
164,189,23.821522,38.091545
164,190,23.823341,38.094344
164,191,23.824372,38.097644
164,192,23.824331,38.098292
164,193,23.820652,38.100181
164,194,23.817593,38.101279
164,195,23.816732,38.103069
164,196,23.818773,38.106749
164,197,23.822323,38.110149
164,198,23.825893,38.113517
164,199,23.828853,38.116527
164,200,23.832163,38.119838
164,201,23.836063,38.124129
164,202,23.837803,38.127841
164,203,23.839563,38.131472
164,204,23.840784,38.131381
164,205,23.840963,38.13095
164,206,23.840963,38.1309
164,207,23.840982,38.131098
164,208,23.840693,38.131507
164,209,23.840202,38.131488
164,210,23.840153,38.131617
