168,1,23.840316,38.131457
168,2,23.840086,38.130817
168,3,23.840296,38.130806
168,4,23.840376,38.130805
168,5,23.839377,38.130775
168,6,23.840076,38.132323
168,7,23.841846,38.135894
168,8,23.844887,38.138255
168,9,23.845467,38.139106
168,10,23.847387,38.139437
168,11,23.851927,38.13953
168,12,23.855466,38.137458
168,13,23.856167,38.137027
168,14,23.856167,38.137088
168,15,23.855628,38.137389
168,16,23.853687,38.139389
168,17,23.847736,38.139506
168,18,23.845926,38.139507
168,19,23.844616,38.140498
168,20,23.846006,38.142719
168,21,23.846305,38.143019
168,22,23.846305,38.143
168,23,23.846235,38.14294
168,24,23.846186,38.14294
168,25,23.846356,38.142928
168,26,23.846436,38.142837
168,27,23.846855,38.142486
168,28,23.846865,38.142387
168,29,23.846754,38.142486
168,30,23.846834,38.142395
168,31,23.846874,38.142474
168,32,23.846794,38.143473
168,33,23.848194,38.145034
168,34,23.849224,38.144313
168,35,23.849455,38.144073
168,36,23.849605,38.143924
168,37,23.850176,38.143146
168,38,23.850106,38.142955
168,39,23.849705,38.142653
168,40,23.849224,38.142353
168,41,23.848983,38.142093
168,42,23.849344,38.141742
168,43,23.849304,38.141532
168,44,23.849224,38.141304
168,45,23.849214,38.141292
168,46,23.849285,38.141242
168,47,23.849385,38.141181
168,48,23.849385,38.141169
168,49,23.849615,38.141158
168,50,23.849686,38.141196
168,51,23.849676,38.141406
168,52,23.849226,38.141258
168,53,23.849146,38.141456
168,54,23.848914,38.142314
168,55,23.850494,38.142894
168,56,23.853044,38.140185
168,57,23.852254,38.139625
168,58,23.846186,38.139533
168,59,23.842005,38.140551
168,60,23.842445,38.138461
168,61,23.840275,38.133853
168,62,23.837244,38.127673
168,63,23.832764,38.121143
168,64,23.826924,38.115222
168,65,23.820934,38.109401
168,66,23.814603,38.104071
168,67,23.806144,38.100761
168,68,23.797686,38.09748
168,69,23.792345,38.093318
168,70,23.789024,38.089
168,71,23.784605,38.083202
168,72,23.779695,38.077522
168,73,23.772927,38.074019
168,74,23.765285,38.07093
168,75,23.757536,38.067821
168,76,23.750635,38.063849
168,77,23.746466,38.057311
168,78,23.743475,38.05091
168,79,23.738045,38.045829
168,80,23.734024,38.039859
168,81,23.730684,38.033717
168,82,23.727154,38.027668
168,83,23.724644,38.021328
168,84,23.719364,38.015956
168,85,23.717424,38.010245
168,86,23.712083,38.006034
168,87,23.705994,38.002273
168,88,23.699413,37.999374
168,89,23.693623,37.995765
168,90,23.688781,37.991485
168,91,23.68439,37.986834
168,92,23.680811,37.981994
168,93,23.677681,37.977675
168,94,23.676991,37.976725
168,95,23.67695,37.976657
168,96,23.68193,37.976619
168,97,23.6854,37.976348
168,98,23.68935,37.976096
168,99,23.68972,37.976058
168,100,23.693571,37.975849
168,101,23.695341,37.975787
168,102,23.695982,37.975757
168,103,23.700601,37.975516
168,104,23.702871,37.975417
168,105,23.704271,37.974949
168,106,23.701151,37.972427
168,107,23.698992,37.970695
168,108,23.702831,37.966704
168,109,23.704971,37.965416
168,110,23.709391,37.963527
168,111,23.710251,37.963565
168,112,23.71026,37.963577
168,113,23.71328,37.963958
168,114,23.717519,37.961997
168,115,23.72014,37.959766
168,116,23.72394,37.956485
168,117,23.724029,37.956405
168,118,23.726099,37.956256
168,119,23.729149,37.957748
168,120,23.73033,37.958129
168,121,23.73037,37.958129
168,122,23.72942,37.95914
168,123,23.72896,37.959461
168,124,23.72685,37.961101
168,125,23.724821,37.962642
168,126,23.724762,37.962913
168,127,23.726362,37.964103
168,128,23.726652,37.964355
168,129,23.726671,37.964386
168,130,23.726751,37.964477
168,131,23.728411,37.965808
168,132,23.728312,37.965796
168,133,23.728391,37.965636
168,134,23.728622,37.965907
168,135,23.728711,37.966129
168,136,23.728391,37.965888
168,137,23.728351,37.965716
168,138,23.728502,37.965988
168,139,23.728592,37.965999
168,140,23.728863,37.965778
168,141,23.729103,37.965598
168,142,23.727153,37.964797
168,143,23.726354,37.963595
168,144,23.725214,37.962715
168,145,23.724943,37.962684
168,146,23.722933,37.961734
168,147,23.721104,37.961402
168,148,23.720595,37.961254
168,149,23.719454,37.961333
168,150,23.718794,37.961665
168,151,23.715473,37.962733
168,152,23.711344,37.962135
168,153,23.710545,37.963016
168,154,23.708914,37.963478
168,155,23.704973,37.965488
168,156,23.703884,37.966128
168,157,23.702515,37.966961
168,158,23.699814,37.968681
168,159,23.700634,37.971789
168,160,23.703415,37.974159
168,161,23.703884,37.97567
168,162,23.702034,37.975497
168,163,23.698065,37.975726
168,164,23.693905,37.975905
168,165,23.689715,37.976134
168,166,23.686134,37.976363
168,167,23.685634,37.976394
168,168,23.682035,37.976615
168,169,23.678545,37.976523
168,170,23.678445,37.976524
168,171,23.677937,37.976974
168,172,23.680216,37.980262
168,173,23.683444,37.984912
168,174,23.687575,37.990024
168,175,23.692514,37.994342
168,176,23.697285,37.998172
168,177,23.703473,38.000831
168,178,23.708913,38.00431
168,179,23.714764,38.008251
168,180,23.718343,38.012931
168,181,23.721653,38.017699
168,182,23.725363,38.02275
168,183,23.727703,38.0284
168,184,23.730694,38.03329
168,185,23.733823,38.03794
168,186,23.735683,38.043601
168,187,23.740303,38.04758
168,188,23.744602,38.051818
168,189,23.746912,38.05751
168,190,23.750372,38.06301
168,191,23.755802,38.066851
168,192,23.762561,38.069583
168,193,23.769361,38.072345
168,194,23.776102,38.075095
168,195,23.781951,38.079536
168,196,23.786332,38.085166
168,197,23.790311,38.090366
168,198,23.791002,38.091266
168,199,23.793053,38.093917
168,200,23.797632,38.097228
168,201,23.804173,38.099757
168,202,23.810792,38.102366
168,203,23.814842,38.103747
168,204,23.815483,38.103156
168,205,23.815502,38.103126
168,206,23.816603,38.103107
168,207,23.818552,38.106647
168,208,23.822131,38.110057
168,209,23.825882,38.113635
168,210,23.829453,38.117214
168,211,23.833462,38.121242
168,212,23.836742,38.125602
168,213,23.838642,38.129623
168,214,23.840512,38.131873
168,215,23.840582,38.131763
168,216,23.840582,38.131732
168,217,23.840782,38.131373
168,218,23.840792,38.130966
168,219,23.84085,38.130927
168,220,23.841081,38.130916
168,221,23.841242,38.130954
168,222,23.841152,38.130954
168,223,23.841103,38.131312
168,224,23.840792,38.131744
168,225,23.840551,38.131743
168,226,23.840542,38.131804
168,227,23.840511,38.131743
