169,1,23.840288,38.131831
169,2,23.840297,38.13185
169,3,23.840497,38.131709
169,4,23.840337,38.131881
169,5,23.839397,38.13127
169,6,23.837667,38.127681
169,7,23.835068,38.122901
169,8,23.831127,38.11885
169,9,23.828826,38.11732
169,10,23.825777,38.114292
169,11,23.823277,38.111991
169,12,23.819246,38.108043
169,13,23.814926,38.105552
169,14,23.814765,38.10443
169,15,23.814756,38.10435
169,16,23.811497,38.102912
169,17,23.804956,38.100272
169,18,23.797488,38.097381
169,19,23.792436,38.093459
169,20,23.791637,38.092391
169,21,23.790576,38.09098
169,22,23.787506,38.08702
169,23,23.783417,38.081699
169,24,23.778937,38.076918
169,25,23.772467,38.073829
169,26,23.765516,38.071029
169,27,23.759987,38.068839
169,28,23.759987,38.068759
169,29,23.759816,38.065921
169,30,23.758177,38.063602
169,31,23.756937,38.0615
169,32,23.756167,38.059268
169,33,23.754655,38.057196
169,34,23.752815,38.054637
169,35,23.751495,38.052486
169,36,23.750055,38.051146
169,37,23.749445,38.050556
169,38,23.749235,38.050235
169,39,23.750564,38.049564
169,40,23.753734,38.048423
169,41,23.757265,38.046733
169,42,23.758045,38.046031
169,43,23.758045,38.046019
169,44,23.759426,38.044169
169,45,23.761177,38.042259
169,46,23.761328,38.042198
169,47,23.761368,38.042186
169,48,23.761498,38.042147
169,49,23.761688,38.041748
169,50,23.761888,38.041549
169,51,23.761718,38.041278
169,52,23.762779,38.04187
169,53,23.766939,38.040259
169,54,23.769039,38.039119
169,55,23.77125,38.03791
169,56,23.77286,38.036979
169,57,23.772909,38.03696
169,58,23.772499,38.036159
169,59,23.771759,38.03524
169,60,23.77187,38.034259
169,61,23.77557,38.032108
169,62,23.779979,38.029498
169,63,23.783819,38.027167
169,64,23.787738,38.024898
169,65,23.789059,38.024028
169,66,23.792268,38.022227
169,67,23.793228,38.021209
169,68,23.794968,38.018767
169,69,23.795387,38.018299
169,70,23.795856,38.017959
169,71,23.797546,38.017368
169,72,23.800586,38.017646
169,73,23.804836,38.018416
169,74,23.806375,38.018737
169,75,23.808766,38.018256
169,76,23.811585,38.017158
169,77,23.814795,38.015887
169,78,23.817465,38.014636
169,79,23.819695,38.013945
169,80,23.819695,38.013945
169,81,23.820274,38.013576
169,82,23.823173,38.013706
169,83,23.827093,38.013884
169,84,23.831074,38.013694
169,85,23.834614,38.012965
169,86,23.838274,38.011634
169,87,23.842344,38.010673
169,88,23.843553,38.010555
169,89,23.843464,38.012824
169,90,23.843995,38.015255
169,91,23.845175,38.017753
169,92,23.846556,38.020622
169,93,23.848625,38.020584
169,94,23.848666,38.020595
169,95,23.849635,38.021045
169,96,23.849236,38.021614
169,97,23.847906,38.021995
169,98,23.846456,38.022346
169,99,23.844896,38.022567
169,100,23.843666,38.022728
169,101,23.842676,38.022689
169,102,23.841485,38.022941
169,103,23.840475,38.023002
169,104,23.839276,38.023192
169,105,23.838366,38.023383
169,106,23.837395,38.023563
169,107,23.836404,38.023753
169,108,23.835896,38.023853
169,109,23.834835,38.023921
169,110,23.834394,38.02404
169,111,23.835224,38.023921
169,112,23.836503,38.023791
169,113,23.837503,38.02357
169,114,23.838053,38.023429
169,115,23.838062,38.023418
169,116,23.838182,38.023448
169,117,23.836882,38.023727
169,118,23.835223,38.023918
169,119,23.834211,38.023356
169,120,23.834532,38.022895
169,121,23.835102,38.022674
169,122,23.835743,38.023162
169,123,23.836323,38.023452
169,124,23.835873,38.023581
169,125,23.835932,38.023463
169,126,23.835672,38.023093
169,127,23.835382,38.022895
169,128,23.835373,38.022944
169,129,23.835314,38.022845
169,130,23.835314,38.022834
169,131,23.835123,38.022612
169,132,23.834544,38.022853
169,133,23.834333,38.023322
169,134,23.835193,38.023654
169,135,23.835274,38.023875
169,136,23.836344,38.023746
169,137,23.837355,38.023555
169,138,23.838353,38.023376
169,139,23.839325,38.023166
169,140,23.840364,38.023036
169,141,23.841135,38.022895
169,142,23.841995,38.022895
169,143,23.842646,38.022734
169,144,23.843555,38.022704
169,145,23.844696,38.022586
169,146,23.846096,38.022387
169,147,23.847465,38.022086
169,148,23.848095,38.022025
169,149,23.849085,38.021735
169,150,23.849865,38.021465
169,151,23.849816,38.021465
169,152,23.849757,38.021373
169,153,23.849146,38.020942
169,154,23.847966,38.020832
169,155,23.847234,38.02132
169,156,23.848755,38.023868
169,157,23.849565,38.02528
169,158,23.851416,38.027431
169,159,23.854385,38.029743
169,160,23.856566,38.032283
169,161,23.855826,38.034732
169,162,23.852405,38.037593
169,163,23.849245,38.040843
169,164,23.844986,38.043365
169,165,23.840736,38.045806
169,166,23.839667,38.047137
169,167,23.839685,38.050269
169,168,23.839056,38.05149
169,169,23.839636,38.05231
169,170,23.842507,38.054042
169,171,23.840867,38.055133
169,172,23.838565,38.057124
169,173,23.836926,38.058834
169,174,23.835945,38.059253
169,175,23.836216,38.060744
169,176,23.832886,38.062015
169,177,23.828466,38.064086
169,178,23.826677,38.065524
169,179,23.825117,38.066486
169,180,23.821547,38.066715
169,181,23.821207,38.068195
169,182,23.820918,38.071815
169,183,23.821277,38.074763
169,184,23.821007,38.076442
169,185,23.820636,38.077701
169,186,23.819736,38.080211
169,187,23.818746,38.08367
169,188,23.818346,38.087192
169,189,23.816236,38.08821
169,190,23.813276,38.088192
169,191,23.810856,38.089603
169,192,23.808906,38.090953
169,193,23.809387,38.094444
169,194,23.810476,38.098143
169,195,23.813125,38.101314
169,196,23.815586,38.102306
169,197,23.816816,38.103507
169,198,23.819336,38.107318
169,199,23.823286,38.111087
169,200,23.827176,38.114898
169,201,23.831345,38.118938
169,202,23.835776,38.123668
169,203,23.837996,38.128238
169,204,23.839706,38.131766
169,205,23.840666,38.131137
169,206,23.840856,38.130836
169,207,23.840986,38.130934
169,208,23.840996,38.130835
169,209,23.840947,38.130756
169,210,23.840947,38.130775
169,211,23.840927,38.130786
169,212,23.840917,38.131118
169,213,23.840467,38.131568
169,214,23.840329,38.131629
169,215,23.840288,38.131801
