172,1,23.840542,38.131808
172,2,23.839833,38.13195
172,3,23.839012,38.130469
172,4,23.836632,38.125411
172,5,23.832352,38.120143
172,6,23.827871,38.115653
172,7,23.823612,38.111491
172,8,23.818742,38.10686
172,9,23.816273,38.102691
172,10,23.816033,38.102611
172,11,23.813082,38.101451
172,12,23.810192,38.097399
172,13,23.809741,38.095962
172,14,23.809072,38.09323
172,15,23.809202,38.089068
172,16,23.810052,38.08768
172,17,23.813663,38.088409
172,18,23.817084,38.088168
172,19,23.818623,38.08641
172,20,23.819153,38.082279
172,21,23.820374,38.078227
172,22,23.820975,38.075927
172,23,23.820934,38.074409
172,24,23.820794,38.069949
172,25,23.820915,38.06676
172,26,23.823906,38.066661
172,27,23.826326,38.065471
172,28,23.829756,38.06364
172,29,23.835246,38.060958
172,30,23.835735,38.059318
172,31,23.837045,38.058947
172,32,23.838436,38.056258
172,33,23.838905,38.052428
172,34,23.838554,38.05178
172,35,23.839205,38.05139
172,36,23.839745,38.047851
172,37,23.840604,38.04576
172,38,23.845105,38.0432
172,39,23.850074,38.03995
172,40,23.854176,38.035899
172,41,23.856836,38.033851
172,42,23.856296,38.031989
172,43,23.859077,38.03054
172,44,23.859448,38.026161
172,45,23.859497,38.024292
172,46,23.859676,38.02304
172,47,23.860336,38.018619
172,48,23.860277,38.01403
172,49,23.858806,38.011909
172,50,23.857397,38.010409
172,51,23.858066,38.008609
172,52,23.857425,38.00796
172,53,23.857425,38.007949
172,54,23.858036,38.00761
172,55,23.859747,38.007308
172,56,23.863867,38.006606
172,57,23.869196,38.005588
172,58,23.874346,38.004527
172,59,23.876476,38.005657
172,60,23.877105,38.006137
172,61,23.877325,38.006778
172,62,23.877515,38.006667
172,63,23.877917,38.007167
172,64,23.877857,38.007518
172,65,23.877866,38.007399
172,66,23.877965,38.007338
172,67,23.877655,38.006877
172,68,23.877115,38.007209
172,69,23.877555,38.008048
172,70,23.877555,38.00806
172,71,23.877445,38.007839
172,72,23.877195,38.00735
172,73,23.876994,38.006919
172,74,23.877585,38.006759
172,75,23.877804,38.007037
172,76,23.878294,38.007598
172,77,23.878023,38.00785
172,78,23.878153,38.007831
172,79,23.878452,38.00772
172,80,23.877852,38.007098
172,81,23.877071,38.006
172,82,23.876041,38.00555
172,83,23.87535,38.005142
172,84,23.87449,38.004531
172,85,23.874611,38.004421
172,86,23.877091,38.003772
172,87,23.87755,38.003772
172,88,23.878401,38.003783
172,89,23.878842,38.003784
172,90,23.879622,38.003784
172,91,23.880691,38.003295
172,92,23.880271,38.000034
172,93,23.880883,37.995353
172,94,23.882223,37.990562
172,95,23.882954,37.987892
172,96,23.882954,37.987892
172,97,23.885073,37.986663
172,98,23.890263,37.983653
172,99,23.895532,37.980125
172,100,23.900603,37.976863
172,101,23.902894,37.975204
172,102,23.902892,37.975192
172,103,23.903254,37.974872
172,104,23.904793,37.972671
172,105,23.905632,37.96886
172,106,23.907821,37.96815
172,107,23.909941,37.968322
172,108,23.911862,37.970764
172,109,23.912503,37.973793
172,110,23.914022,37.976913
172,111,23.915972,37.979793
172,112,23.918472,37.981304
172,113,23.921192,37.981205
172,114,23.922311,37.981505
172,115,23.923462,37.982005
172,116,23.924122,37.982757
172,117,23.924612,37.983535
172,118,23.924671,37.983646
172,119,23.924851,37.983554
172,120,23.924851,37.983504
172,121,23.92461,37.983466
172,122,23.924249,37.982905
172,123,23.92364,37.982086
172,124,23.92239,37.981536
172,125,23.920851,37.981246
172,126,23.91811,37.981105
172,127,23.91602,37.979773
172,128,23.91444,37.977443
172,129,23.912679,37.974563
172,130,23.911949,37.971003
172,131,23.909619,37.968215
172,132,23.906497,37.968837
172,133,23.905458,37.971546
172,134,23.902849,37.975376
172,135,23.89793,37.978614
172,136,23.89274,37.981994
172,137,23.887331,37.985465
172,138,23.88297,37.988185
172,139,23.882151,37.990714
172,140,23.88183,37.991417
172,141,23.88142,37.991638
172,142,23.88135,37.991626
172,143,23.881368,37.991515
172,144,23.881368,37.991527
172,145,23.881427,37.991588
172,146,23.881378,37.991607
172,147,23.881829,37.991268
172,148,23.881517,37.990256
172,149,23.881508,37.990245
172,150,23.881418,37.990134
172,151,23.880298,37.988986
172,152,23.879098,37.989616
172,153,23.87579,37.991836
172,154,23.875149,37.992114
172,155,23.874899,37.992126
172,156,23.8748,37.992057
172,157,23.874951,37.992256
172,158,23.87356,37.993644
172,159,23.87109,37.995734
172,160,23.87067,37.995853
172,161,23.869039,37.996474
172,162,23.86496,37.998733
172,163,23.86089,38.000491
172,164,23.857929,38.002841
172,165,23.858219,38.006221
172,166,23.85857,38.007319
172,167,23.85857,38.007331
172,168,23.858009,38.007651
172,169,23.855369,38.00851
172,170,23.850349,38.00954
172,171,23.84471,38.010501
172,172,23.843809,38.010952
172,173,23.843719,38.014003
172,174,23.84527,38.017715
172,175,23.847389,38.021476
172,176,23.849479,38.025046
172,177,23.850959,38.026687
172,178,23.85327,38.029098
172,179,23.85626,38.031787
172,180,23.855909,38.034587
172,181,23.852289,38.037647
172,182,23.848839,38.041118
172,183,23.844139,38.043849
172,184,23.839949,38.046317
172,185,23.839459,38.046779
172,186,23.839779,38.049529
172,187,23.839119,38.051479
172,188,23.838959,38.05186
172,189,23.841509,38.053421
172,190,23.841789,38.054622
172,191,23.838758,38.056922
172,192,23.836899,38.058822
172,193,23.836159,38.059932
172,194,23.834639,38.061133
172,195,23.829328,38.063762
172,196,23.826548,38.06544
172,197,23.825097,38.066421
172,198,23.821028,38.066672
172,199,23.821009,38.069362
172,200,23.821028,38.073283
172,201,23.820837,38.077255
172,202,23.819436,38.081615
172,203,23.818847,38.086124
172,204,23.817648,38.087943
172,205,23.817468,38.088042
172,206,23.819538,38.089892
172,207,23.822168,38.092594
172,208,23.824148,38.096824
172,209,23.824528,38.098193
172,210,23.821108,38.099974
172,211,23.816387,38.101474
172,212,23.817398,38.104793
172,213,23.820848,38.108795
172,214,23.824869,38.112605
172,215,23.828918,38.116657
172,216,23.83343,38.121177
172,217,23.837028,38.126258
172,218,23.839069,38.13055
172,219,23.84055,38.131751
172,220,23.840768,38.130912
172,221,23.840848,38.130782
172,222,23.840889,38.130732
172,223,23.841009,38.130782
172,224,23.84108,38.130992
172,225,23.840839,38.131252
172,226,23.84082,38.131263
172,227,23.840721,38.131313
172,228,23.840421,38.131602
172,229,23.840422,38.131404
