174,1,23.840645,38.131541
174,2,23.841005,38.13108
174,3,23.840935,38.13095
174,4,23.841006,38.130881
174,5,23.840694,38.131572
174,6,23.839884,38.132042
174,7,23.841114,38.134422
174,8,23.843075,38.137962
174,9,23.845425,38.139102
174,10,23.845475,38.139263
174,11,23.848264,38.139441
174,12,23.853025,38.139491
174,13,23.855895,38.136981
174,14,23.856176,38.13703
174,15,23.856216,38.13703
174,16,23.856186,38.137001
174,17,23.856105,38.137038
174,18,23.855526,38.137507
174,19,23.852886,38.139598
174,20,23.847326,38.139548
174,21,23.843925,38.139697
174,22,23.842846,38.140197
174,23,23.841835,38.139476
174,24,23.841406,38.136215
174,25,23.838695,38.130744
174,26,23.835825,38.124812
174,27,23.831116,38.119422
174,28,23.825485,38.113803
174,29,23.820095,38.108672
174,30,23.815605,38.104793
174,31,23.815345,38.104632
174,32,23.814816,38.104804
174,33,23.811676,38.106345
174,34,23.810236,38.107585
174,35,23.808195,38.106223
174,36,23.807075,38.106212
174,37,23.805666,38.106761
174,38,23.804226,38.10686
174,39,23.801315,38.106711
174,40,23.798996,38.10617
174,41,23.796016,38.10641
174,42,23.792906,38.10657
174,43,23.790046,38.10567
174,44,23.788387,38.105602
174,45,23.786898,38.104663
174,46,23.782897,38.102042
174,47,23.779278,38.100234
174,48,23.778168,38.100673
174,49,23.775917,38.100654
174,50,23.773986,38.100165
174,51,23.769796,38.101165
174,52,23.767095,38.101924
174,53,23.767805,38.102924
174,54,23.768234,38.104004
174,55,23.767923,38.104491
174,56,23.767923,38.104491
174,57,23.767773,38.104503
174,58,23.766552,38.104633
174,59,23.765352,38.104793
174,60,23.764162,38.105224
174,61,23.764332,38.106475
174,62,23.765112,38.106955
174,63,23.766111,38.107116
174,64,23.766552,38.107818
174,65,23.767421,38.107726
174,66,23.767622,38.107646
174,67,23.767872,38.108165
174,68,23.768372,38.108734
174,69,23.768471,38.108753
174,70,23.76849,38.108791
174,71,23.768709,38.108962
174,72,23.76795,38.109023
174,73,23.76795,38.109023
174,74,23.767851,38.108691
174,75,23.767841,38.10778
174,76,23.768732,38.107459
174,77,23.768922,38.106628
174,78,23.769962,38.106456
174,79,23.769892,38.105544
174,80,23.769672,38.104713
174,81,23.768782,38.104515
174,82,23.768081,38.104545
174,83,23.768082,38.104533
174,84,23.768011,38.104453
174,85,23.769072,38.104465
174,86,23.769731,38.104884
174,87,23.770261,38.104915
174,88,23.770342,38.104876
174,89,23.770632,38.104896
174,90,23.770582,38.104908
174,91,23.770442,38.104945
174,92,23.769842,38.105064
174,93,23.769981,38.106303
174,94,23.769362,38.106563
174,95,23.769791,38.106525
174,96,23.76923,38.107124
174,97,23.76856,38.107692
174,98,23.767851,38.108332
174,99,23.76774,38.109302
174,100,23.76741,38.110061
174,101,23.767641,38.11106
174,102,23.767462,38.11109
174,103,23.767471,38.11109
174,104,23.767681,38.110481
174,105,23.7672,38.109542
174,106,23.767851,38.108821
174,107,23.767832,38.108142
174,108,23.766582,38.107943
174,109,23.765823,38.106952
174,110,23.764513,38.106601
174,111,23.763753,38.106502
174,112,23.763575,38.105712
174,113,23.761944,38.105533
174,114,23.759484,38.105281
174,115,23.757464,38.102451
174,116,23.755564,38.099601
174,117,23.754093,38.09748
174,118,23.752283,38.09481
174,119,23.752113,38.094539
174,120,23.754142,38.092979
174,121,23.757843,38.09032
174,122,23.759992,38.090652
174,123,23.764491,38.091563
174,124,23.769202,38.092174
174,125,23.771421,38.092464
174,126,23.771631,38.092483
174,127,23.77222,38.092562
174,128,23.772871,38.092662
174,129,23.77362,38.092742
174,130,23.775739,38.091521
174,131,23.779339,38.09143
174,132,23.782219,38.091529
174,133,23.78533,38.09082
174,134,23.78615,38.090919
174,135,23.786169,38.090919
174,136,23.786878,38.091251
174,137,23.787069,38.091311
174,138,23.7873,38.091403
174,139,23.788389,38.091312
174,140,23.78863,38.091281
174,141,23.788799,38.091281
174,142,23.789589,38.0914
174,143,23.789629,38.091419
174,144,23.79028,38.09188
174,145,23.79051,38.091972
174,146,23.79052,38.091972
174,147,23.792191,38.091533
174,148,23.795611,38.091903
174,149,23.797571,38.090065
174,150,23.800072,38.086994
174,151,23.802492,38.087154
174,152,23.806382,38.087295
174,153,23.809251,38.087455
174,154,23.809291,38.087466
174,155,23.811922,38.087985
174,156,23.815061,38.088546
174,157,23.815241,38.088557
174,158,23.815491,38.08852
174,159,23.815911,38.088427
174,160,23.81629,38.088298
174,161,23.816321,38.088298
174,162,23.81662,38.088199
174,163,23.816639,38.088187
174,164,23.817028,38.088077
174,165,23.817367,38.087958
174,166,23.818697,38.086078
174,167,23.818977,38.082789
174,168,23.820038,38.079158
174,169,23.820217,38.078567
174,170,23.820606,38.077377
174,171,23.820626,38.077376
174,172,23.820705,38.077228
174,173,23.820985,38.076358
174,174,23.821057,38.075088
174,175,23.821007,38.07431
174,176,23.820707,38.071109
174,177,23.820987,38.06856
174,178,23.820908,38.06697
174,179,23.822557,38.06668
174,180,23.824957,38.06647
174,181,23.826486,38.065791
174,182,23.827137,38.064311
174,183,23.829477,38.063743
174,184,23.833347,38.061782
174,185,23.836206,38.060684
174,186,23.835966,38.059764
174,187,23.835736,38.058974
174,188,23.835725,38.058955
174,189,23.837345,38.058925
174,190,23.838356,38.056606
174,191,23.838957,38.054275
174,192,23.838577,38.051715
174,193,23.839638,38.049884
174,194,23.839788,38.048393
174,195,23.839458,38.046943
174,196,23.839458,38.046943
174,197,23.839338,38.046733
174,198,23.841768,38.045024
174,199,23.845429,38.043002
174,200,23.848737,38.041141
174,201,23.851167,38.038871
174,202,23.854699,38.03548
174,203,23.856847,38.033839
174,204,23.856987,38.033508
174,205,23.856996,38.033469
174,206,23.856686,38.032531
174,207,23.855174,38.032229
174,208,23.855194,38.033031
174,209,23.855195,38.033019
174,210,23.855204,38.033019
174,211,23.855243,38.03316
174,212,23.854864,38.032698
174,213,23.855043,38.032379
174,214,23.856523,38.032408
174,215,23.856943,38.033279
174,216,23.855792,38.0349
174,217,23.852632,38.03749
174,218,23.849574,38.04071
174,219,23.845453,38.04317
174,220,23.843522,38.044372
174,221,23.842563,38.044803
174,222,23.840324,38.046165
174,223,23.839715,38.046615
174,224,23.839554,38.046745
174,225,23.839874,38.048625
174,226,23.839815,38.049235
174,227,23.839806,38.049297
174,228,23.839706,38.049785
174,229,23.839706,38.049865
174,230,23.839617,38.050723
174,231,23.839617,38.050723
174,232,23.839216,38.051494
174,233,23.839207,38.051544
174,234,23.838997,38.052032
174,235,23.841347,38.053443
174,236,23.842145,38.054634
174,237,23.839297,38.056335
174,238,23.838116,38.058395
174,239,23.836306,38.058826
174,240,23.836055,38.059737
174,241,23.836176,38.060756
174,242,23.834726,38.061164
174,243,23.831377,38.062824
174,244,23.827467,38.064273
174,245,23.826377,38.065051
174,246,23.826677,38.066272
174,247,23.825218,38.066451
174,248,23.822208,38.066691
174,249,23.821158,38.067233
174,250,23.820997,38.070045
174,251,23.821046,38.073196
174,252,23.821208,38.075877
174,253,23.820317,38.078826
174,254,23.819397,38.081905
174,255,23.818666,38.084586
174,256,23.818426,38.087196
174,257,23.818377,38.087356
174,258,23.818247,38.087646
174,259,23.818176,38.087737
174,260,23.818056,38.087848
174,261,23.817926,38.087909
174,262,23.817606,38.088019
174,263,23.816795,38.088271
174,264,23.814526,38.088561
174,265,23.811556,38.089221
174,266,23.809086,38.090701
174,267,23.808895,38.09209
174,268,23.809345,38.09447
174,269,23.810014,38.096679
174,270,23.810995,38.099071
174,271,23.813114,38.101321
174,272,23.814933,38.10213
174,273,23.815244,38.102221
174,274,23.816586,38.102992
174,275,23.818345,38.106414
174,276,23.821837,38.109744
174,277,23.825475,38.113204
174,278,23.828565,38.116325
174,279,23.831816,38.119495
174,280,23.835716,38.123603
174,281,23.837696,38.127753
174,282,23.839417,38.131294
174,283,23.840706,38.131473
174,284,23.840845,38.131332
174,285,23.840845,38.130862
174,286,23.840805,38.130912
174,287,23.840935,38.130801
174,288,23.841114,38.130851
174,289,23.841083,38.130874
174,290,23.841074,38.131126
174,291,23.840574,38.131686
174,292,23.840423,38.131705
174,293,23.840134,38.131587
