175,1,23.840663,38.131488
175,2,23.840793,38.131106
175,3,23.840775,38.131038
175,4,23.840305,38.131587
175,5,23.840306,38.131637
175,6,23.840234,38.131896
175,7,23.839914,38.131927
175,8,23.839324,38.131156
175,9,23.838135,38.128738
175,10,23.836705,38.125587
175,11,23.834484,38.122325
175,12,23.831714,38.119506
175,13,23.829565,38.118156
175,14,23.827285,38.115776
175,15,23.824695,38.114123
175,16,23.823105,38.111865
175,17,23.820235,38.109046
175,18,23.817215,38.106257
175,19,23.814525,38.105529
175,20,23.814716,38.104647
175,21,23.812567,38.103469
175,22,23.808526,38.101799
175,23,23.804268,38.100077
175,24,23.799858,38.098358
175,25,23.795427,38.096488
175,26,23.792448,38.09357
175,27,23.791458,38.09225
175,28,23.790588,38.091128
175,29,23.787878,38.087619
175,30,23.785038,38.083808
175,31,23.782047,38.079928
175,32,23.778118,38.07648
175,33,23.773159,38.07418
175,34,23.767988,38.072109
175,35,23.762829,38.070007
175,36,23.757719,38.067958
175,37,23.7528,38.065867
175,38,23.749451,38.062087
175,39,23.7467,38.057777
175,40,23.74506,38.053646
175,41,23.74257,38.050056
175,42,23.739201,38.046935
175,43,23.735401,38.043727
175,44,23.73393,38.039489
175,45,23.73195,38.035659
175,46,23.72958,38.032218
175,47,23.72736,38.028358
175,48,23.725439,38.024146
175,49,23.723669,38.020107
175,50,23.719938,38.016856
175,51,23.718138,38.013878
175,52,23.715508,38.015086
175,53,23.712368,38.016295
175,54,23.709879,38.018238
175,55,23.709179,38.018817
175,56,23.70892,38.019137
175,57,23.7101,38.021186
175,58,23.71089,38.023597
175,59,23.7104,38.026058
175,60,23.709919,38.027969
175,61,23.709179,38.028338
175,62,23.709269,38.02793
175,63,23.709339,38.027751
175,64,23.709068,38.027869
175,65,23.709157,38.027839
175,66,23.709217,38.027949
175,67,23.709417,38.027541
175,68,23.710087,38.02724
175,69,23.709796,38.028449
175,70,23.709566,38.029361
175,71,23.709336,38.030632
175,72,23.709265,38.031192
175,73,23.710004,38.031501
175,74,23.710875,38.031539
175,75,23.712385,38.030899
175,76,23.713076,38.031307
175,77,23.714956,38.032447
175,78,23.716517,38.032558
175,79,23.716827,38.033149
175,80,23.716488,38.035979
175,81,23.716188,38.039451
175,82,23.716038,38.04293
175,83,23.715739,38.04639
175,84,23.715917,38.049758
175,85,23.714428,38.05294
175,86,23.713318,38.055549
175,87,23.712258,38.05643
175,88,23.711036,38.055961
175,89,23.710025,38.054531
175,90,23.708724,38.052871
175,91,23.708235,38.051589
175,92,23.709126,38.050788
175,93,23.709135,38.050769
175,94,23.709235,38.050678
175,95,23.709244,38.050678
175,96,23.709303,38.050597
175,97,23.709164,38.050739
175,98,23.709223,38.050689
175,99,23.709242,38.050659
175,100,23.709121,38.050757
175,101,23.708702,38.051219
175,102,23.708011,38.051909
175,103,23.708962,38.053138
175,104,23.709941,38.054378
175,105,23.711003,38.055858
175,106,23.712462,38.056338
175,107,23.712991,38.056258
175,108,23.713401,38.056617
175,109,23.713741,38.058688
175,110,23.7138,38.06187
175,111,23.71372,38.064392
175,112,23.71372,38.06441
175,113,23.71397,38.064861
175,114,23.71506,38.06692
175,115,23.71686,38.069621
175,116,23.718109,38.072593
175,117,23.720739,38.075542
175,118,23.723339,38.077761
175,119,23.723999,38.079273
175,120,23.726999,38.078852
175,121,23.730178,38.079433
175,122,23.73021,38.082053
175,123,23.730268,38.085383
175,124,23.731539,38.088424
175,125,23.735427,38.089652
175,126,23.738027,38.089751
175,127,23.742307,38.089263
175,128,23.745057,38.087104
175,129,23.745237,38.084235
175,130,23.747806,38.085235
175,131,23.752126,38.087154
175,132,23.753986,38.087924
175,133,23.753986,38.087924
175,134,23.755236,38.088485
175,135,23.757856,38.089633
175,136,23.757856,38.089633
175,137,23.760147,38.090644
175,138,23.765137,38.091575
175,139,23.769367,38.092136
175,140,23.773268,38.092665
175,141,23.775968,38.091327
175,142,23.780199,38.091537
175,143,23.784568,38.090747
175,144,23.788009,38.091376
175,145,23.790421,38.091968
175,146,23.792691,38.093448
175,147,23.796551,38.096736
175,148,23.802431,38.099036
175,149,23.808621,38.101497
175,150,23.81518,38.104125
175,151,23.820219,38.108405
175,152,23.824959,38.112906
175,153,23.829569,38.117507
175,154,23.834099,38.122108
175,155,23.837108,38.126678
175,156,23.838989,38.130599
175,157,23.840899,38.13441
175,158,23.843038,38.138221
175,159,23.845438,38.139369
175,160,23.849937,38.139479
175,161,23.854267,38.138869
175,162,23.856277,38.1366
175,163,23.857406,38.13623
175,164,23.858486,38.138481
175,165,23.859637,38.140159
175,166,23.862337,38.139988
175,167,23.865328,38.138267
175,168,23.868948,38.137737
175,169,23.870308,38.138137
175,170,23.870908,38.139297
175,171,23.870809,38.139808
175,172,23.870809,38.139926
175,173,23.870809,38.139938
175,174,23.870828,38.139938
175,175,23.870839,38.139949
175,176,23.870909,38.139758
175,177,23.870979,38.139327
175,178,23.87072,38.139209
175,179,23.869921,38.13893
175,180,23.86932,38.13776
175,181,23.86738,38.137759
175,182,23.86383,38.139041
175,183,23.860461,38.140121
175,184,23.85881,38.13898
175,185,23.857441,38.135921
175,186,23.856451,38.1366
175,187,23.853661,38.139438
175,188,23.84753,38.139518
175,189,23.84563,38.139468
175,190,23.8456,38.139468
175,191,23.845181,38.13853
175,192,23.841991,38.136451
175,193,23.839802,38.132052
175,194,23.840363,38.131664
175,195,23.840352,38.131675
175,196,23.840063,38.130874
175,197,23.838823,38.130153
175,198,23.836693,38.125674
175,199,23.833032,38.120944
175,200,23.830303,38.118743
175,201,23.828163,38.116534
175,202,23.824894,38.114055
175,203,23.823644,38.113174
175,204,23.821884,38.110392
175,205,23.817215,38.105892
175,206,23.810224,38.10237
175,207,23.802895,38.099459
175,208,23.795484,38.096462
175,209,23.791865,38.092731
175,210,23.791424,38.09217
175,211,23.789555,38.08971
175,212,23.785894,38.084979
175,213,23.781834,38.07965
175,214,23.775753,38.075111
175,215,23.768243,38.072112
175,216,23.760874,38.069152
175,217,23.753673,38.06626
175,218,23.748674,38.06089
175,219,23.745563,38.055099
175,220,23.742803,38.050238
175,221,23.738143,38.04594
175,222,23.734055,38.04045
175,223,23.732914,38.037181
175,224,23.733863,38.03791
175,225,23.734644,38.042011
175,226,23.738054,38.04541
175,227,23.740194,38.046241
175,228,23.740864,38.045649
175,229,23.740774,38.045558
175,230,23.740333,38.045527
175,231,23.740534,38.045687
175,232,23.740593,38.045718
175,233,23.740893,38.045837
175,234,23.740782,38.045905
175,235,23.740591,38.045745
175,236,23.74069,38.045814
175,237,23.7405,38.045783
175,238,23.74045,38.045451
175,239,23.73951,38.04433
175,240,23.73816,38.04491
175,241,23.738769,38.046131
175,242,23.741369,38.048522
175,243,23.742739,38.049831
175,244,23.744659,38.05205
175,245,23.74629,38.05632
175,246,23.74909,38.061061
175,247,23.75284,38.065482
175,248,23.75892,38.068073
175,249,23.76543,38.070743
175,250,23.772381,38.073554
175,251,23.779291,38.076915
175,252,23.784321,38.082504
175,253,23.78878,38.088363
175,254,23.7911,38.091342
175,255,23.791199,38.091472
175,256,23.792778,38.093532
175,257,23.796857,38.0969
175,258,23.803179,38.099368
175,259,23.81016,38.102118
175,260,23.81521,38.103618
175,261,23.816231,38.102637
175,262,23.817911,38.105998
175,263,23.82184,38.109809
175,264,23.826121,38.113879
175,265,23.8299,38.11761
175,266,23.83489,38.122611
175,267,23.837709,38.127952
175,268,23.839609,38.131812
175,269,23.84063,38.131121
175,270,23.84066,38.131053
175,271,23.84074,38.131034
175,272,23.840821,38.130935
175,273,23.84082,38.130896
175,274,23.840981,38.130828
175,275,23.84095,38.130816
175,276,23.84113,38.131038
175,277,23.840939,38.131217
175,278,23.840659,38.131507
175,279,23.840488,38.131656
