177,1,23.84042,38.131713
177,2,23.840309,38.131522
177,3,23.840299,38.131491
177,4,23.84021,38.13124
177,5,23.83926,38.13079
177,6,23.83802,38.128471
177,7,23.83538,38.12329
177,8,23.830641,38.118369
177,9,23.82695,38.114768
177,10,23.82268,38.110637
177,11,23.8182,38.106376
177,12,23.816169,38.102664
177,13,23.81597,38.102603
177,14,23.81597,38.102603
177,15,23.815919,38.102294
177,16,23.818381,38.100993
177,17,23.82242,38.099364
177,18,23.824301,38.097736
177,19,23.8229,38.093917
177,20,23.819721,38.090258
177,21,23.81681,38.087207
177,22,23.815771,38.083258
177,23,23.814281,38.079829
177,24,23.812302,38.076629
177,25,23.812141,38.07624
177,26,23.812462,38.074008
177,27,23.811071,38.070617
177,28,23.810112,38.066768
177,29,23.809072,38.062068
177,30,23.808832,38.057739
177,31,23.811642,38.054927
177,32,23.809221,38.050357
177,33,23.807282,38.046298
177,34,23.804471,38.043647
177,35,23.804222,38.043346
177,36,23.803442,38.041587
177,37,23.803423,38.041587
177,38,23.804083,38.041748
177,39,23.805473,38.044455
177,40,23.807203,38.045936
177,41,23.808594,38.049625
177,42,23.810734,38.052856
177,43,23.812494,38.053695
177,44,23.814754,38.052943
177,45,23.814214,38.051822
177,46,23.815384,38.04975
177,47,23.817083,38.047751
177,48,23.818363,38.045951
177,49,23.819393,38.04412
177,50,23.819393,38.042312
177,51,23.819313,38.040401
177,52,23.819313,38.040431
177,53,23.819313,38.04058
177,54,23.820683,38.040419
177,55,23.822702,38.040931
177,56,23.824772,38.041931
177,57,23.825142,38.042121
177,58,23.824821,38.042319
177,59,23.824631,38.042331
177,60,23.824611,38.042331
177,61,23.824821,38.042251
177,62,23.825013,38.042232
177,63,23.825013,38.042183
177,64,23.824222,38.041931
177,65,23.823763,38.041969
177,66,23.823763,38.041969
177,67,23.821542,38.042209
177,68,23.819542,38.04243
177,69,23.819142,38.044849
177,70,23.81684,38.048068
177,71,23.815512,38.049769
177,72,23.814272,38.051792
177,73,23.814272,38.052882
177,74,23.814312,38.053233
177,75,23.812101,38.053904
177,76,23.811901,38.055014
177,77,23.8094,38.057365
177,78,23.80912,38.061244
177,79,23.809629,38.064796
177,80,23.811128,38.068114
177,81,23.811268,38.071643
177,82,23.812458,38.073451
177,83,23.812127,38.075832
177,84,23.812087,38.07585
177,85,23.813248,38.078101
177,86,23.814919,38.082111
177,87,23.816378,38.08591
177,88,23.818089,38.08884
177,89,23.819788,38.090277
177,90,23.822437,38.093116
177,91,23.824266,38.097526
177,92,23.824506,38.098197
177,93,23.824506,38.098217
177,94,23.823616,38.098735
177,95,23.819425,38.100635
177,96,23.816736,38.101436
177,97,23.816517,38.102855
177,98,23.817767,38.105735
177,99,23.821516,38.109455
177,100,23.826036,38.113753
177,101,23.830936,38.118522
177,102,23.835997,38.12411
177,103,23.838297,38.128852
177,104,23.840187,38.132701
177,105,23.842386,38.13705
177,106,23.845406,38.13893
177,107,23.845425,38.139091
177,108,23.845425,38.139109
177,109,23.844654,38.140338
177,110,23.845624,38.142306
177,111,23.848064,38.145095
177,112,23.851425,38.148665
177,113,23.855045,38.152484
177,114,23.855755,38.156803
177,115,23.856794,38.1612
177,116,23.856594,38.165809
177,117,23.855685,38.170989
177,118,23.855003,38.175071
177,119,23.853992,38.178832
177,120,23.853051,38.182593
177,121,23.853602,38.184963
177,122,23.854252,38.186591
177,123,23.854092,38.19115
177,124,23.852682,38.19596
177,125,23.855923,38.199679
177,126,23.857132,38.202781
177,127,23.859062,38.203799
177,128,23.859093,38.203811
177,129,23.859743,38.204231
177,130,23.863653,38.206252
177,131,23.868022,38.207031
177,132,23.870453,38.20904
177,133,23.872933,38.209681
177,134,23.875344,38.211063
177,135,23.878393,38.210841
177,136,23.881505,38.210723
177,137,23.884804,38.209784
177,138,23.887364,38.211067
177,139,23.889522,38.209098
177,140,23.895283,38.209068
177,141,23.898753,38.209869
177,142,23.898043,38.21202
177,143,23.897352,38.213881
177,144,23.896923,38.215522
177,145,23.896584,38.217082
177,146,23.895344,38.219012
177,147,23.893284,38.221454
177,148,23.894483,38.223834
177,149,23.894393,38.226012
177,150,23.893204,38.228382
177,151,23.892704,38.228991
177,152,23.892525,38.228714
177,153,23.892346,38.228565
177,154,23.892335,38.228546
177,155,23.892675,38.229015
177,156,23.893265,38.228133
177,157,23.894606,38.225223
177,158,23.893255,38.221794
177,159,23.895235,38.219062
177,160,23.896814,38.216433
177,161,23.897335,38.213726
177,162,23.898464,38.210494
177,163,23.896913,38.209452
177,164,23.889614,38.209144
177,165,23.886083,38.211032
177,166,23.882494,38.210323
177,167,23.878565,38.210914
177,168,23.874985,38.210643
177,169,23.871865,38.209682
177,170,23.868635,38.207172
177,171,23.863905,38.206371
177,172,23.859575,38.204181
177,173,23.856885,38.20256
177,174,23.856476,38.2
177,175,23.852966,38.19728
177,176,23.853916,38.19173
177,177,23.853475,38.188701
177,178,23.851144,38.18843
177,179,23.852325,38.18383
177,180,23.853386,38.178169
177,181,23.854826,38.172557
177,182,23.855945,38.167987
177,183,23.855936,38.163486
177,184,23.855326,38.158355
177,185,23.855125,38.154334
177,186,23.852976,38.150886
177,187,23.849406,38.147067
177,188,23.845196,38.142536
177,189,23.842186,38.139045
177,190,23.842106,38.140456
177,191,23.840036,38.140678
177,192,23.836866,38.141128
177,193,23.834856,38.140929
177,194,23.834206,38.1417
177,195,23.834477,38.142108
177,196,23.834426,38.14212
177,197,23.834466,38.142119
177,198,23.834466,38.142119
177,199,23.834426,38.142131
177,200,23.834446,38.142131
177,201,23.834195,38.141799
177,202,23.834166,38.14141
177,203,23.835905,38.1412
177,204,23.838356,38.140689
177,205,23.843296,38.139919
177,206,23.846917,38.139457
177,207,23.852016,38.139568
177,208,23.855655,38.137317
177,209,23.857235,38.135799
177,210,23.858255,38.138159
177,211,23.860216,38.140101
177,212,23.860765,38.140113
177,213,23.860796,38.140152
177,214,23.862017,38.140243
177,215,23.863707,38.139022
177,216,23.866935,38.137832
177,217,23.870627,38.137161
177,218,23.875197,38.135822
177,219,23.876957,38.13441
177,220,23.877056,38.134292
177,221,23.877096,38.134292
177,222,23.877195,38.13415
177,223,23.877356,38.1338
177,224,23.877205,38.1338
177,225,23.876116,38.134731
177,226,23.875425,38.135589
177,227,23.875465,38.135681
177,228,23.875367,38.13528
177,229,23.875366,38.13436
177,230,23.875897,38.133502
177,231,23.875857,38.133541
177,232,23.875837,38.133559
177,233,23.875837,38.133529
177,234,23.875877,38.133491
177,235,23.875937,38.133471
177,236,23.875866,38.13359
177,237,23.876806,38.132419
177,238,23.877975,38.131739
177,239,23.877515,38.133331
177,240,23.876516,38.13552
177,241,23.874046,38.136211
177,242,23.871277,38.137061
177,243,23.868217,38.137672
177,244,23.863858,38.139003
177,245,23.860657,38.140143
177,246,23.858917,38.139285
177,247,23.857446,38.136295
177,248,23.857136,38.135753
177,249,23.855486,38.137584
177,250,23.851456,38.139563
177,251,23.845915,38.139472
177,252,23.845795,38.139461
177,253,23.845715,38.13946
177,254,23.843235,38.138121
177,255,23.840765,38.133952
177,256,23.840604,38.131823
177,257,23.840815,38.131015
177,258,23.840774,38.130954
177,259,23.840913,38.130835
177,260,23.840894,38.130756
177,261,23.840974,38.131144
177,262,23.840645,38.131713
177,263,23.840164,38.131553
177,264,23.840044,38.131434
