178,1,23.840244,38.131343
178,2,23.839973,38.130783
178,3,23.840414,38.130801
178,4,23.840414,38.130801
178,5,23.840214,38.130813
178,6,23.838973,38.130413
178,7,23.837154,38.126514
178,8,23.833814,38.121654
178,9,23.830756,38.118724
178,10,23.827776,38.116145
178,11,23.824625,38.113925
178,12,23.823715,38.112285
178,13,23.820425,38.108943
178,14,23.814755,38.104102
178,15,23.807264,38.101161
178,16,23.799744,38.098212
178,17,23.793133,38.094344
178,18,23.791063,38.091933
178,19,23.788803,38.091334
178,20,23.788023,38.091465
178,21,23.787172,38.091433
178,22,23.786632,38.091175
178,23,23.785852,38.090896
178,24,23.785233,38.090866
178,25,23.784473,38.090846
178,26,23.783604,38.090964
178,27,23.783113,38.091216
178,28,23.782432,38.091586
178,29,23.781443,38.091777
178,30,23.780591,38.091666
178,31,23.779982,38.091567
178,32,23.778662,38.091208
178,33,23.777672,38.090988
178,34,23.776982,38.091018
178,35,23.77671,38.091079
178,36,23.77556,38.091857
178,37,23.775551,38.091857
178,38,23.774792,38.092319
178,39,23.774472,38.092468
178,40,23.774452,38.092478
178,41,23.772861,38.09262
178,42,23.769451,38.092189
178,43,23.767551,38.091937
178,44,23.762692,38.091308
178,45,23.758571,38.089999
178,46,23.758553,38.089999
178,47,23.756132,38.08895
178,48,23.750772,38.086612
178,49,23.745922,38.084472
178,50,23.745332,38.085502
178,51,23.743833,38.088363
178,52,23.742005,38.089382
178,53,23.738233,38.089831
178,54,23.736945,38.08982
178,55,23.734064,38.089622
178,56,23.731183,38.088271
178,57,23.730213,38.08583
178,58,23.730203,38.083728
178,59,23.730185,38.082847
178,60,23.730154,38.079806
178,61,23.728064,38.079177
178,62,23.724464,38.079177
178,63,23.721884,38.080478
178,64,23.717444,38.080176
178,65,23.713163,38.079917
178,66,23.710114,38.079719
178,67,23.708864,38.077659
178,68,23.707024,38.074848
178,69,23.706514,38.074596
178,70,23.706474,38.074596
178,71,23.706185,38.074325
178,72,23.706165,38.074325
178,73,23.706305,38.074195
178,74,23.706464,38.074234
178,75,23.706894,38.074554
178,76,23.708784,38.077495
178,77,23.710015,38.079486
178,78,23.712144,38.079764
178,79,23.715465,38.079944
178,80,23.719326,38.080135
178,81,23.722316,38.080104
178,82,23.724648,38.080776
178,83,23.725847,38.083946
178,84,23.727507,38.083717
178,85,23.729436,38.083335
178,86,23.730247,38.083266
178,87,23.730207,38.085197
178,88,23.730888,38.087696
178,89,23.733288,38.089366
178,90,23.736087,38.089717
178,91,23.736917,38.089755
178,92,23.737247,38.089717
178,93,23.740017,38.089778
178,94,23.743418,38.088657
178,95,23.745227,38.086135
178,96,23.745268,38.085494
178,97,23.745267,38.085086
178,98,23.745168,38.084414
178,99,23.745998,38.084544
178,100,23.748709,38.085666
178,101,23.752609,38.087368
178,102,23.755649,38.088687
178,103,23.757639,38.089538
178,104,23.758,38.089656
178,105,23.760629,38.090805
178,106,23.763239,38.091293
178,107,23.76631,38.091662
178,108,23.76864,38.091994
178,109,23.770611,38.092266
178,110,23.772362,38.092475
178,111,23.773471,38.092605
178,112,23.773502,38.092635
178,113,23.774961,38.092116
178,114,23.777151,38.090915
178,115,23.778471,38.091113
178,116,23.778702,38.091193
178,117,23.779232,38.091354
178,118,23.779312,38.091373
178,119,23.779922,38.091491
178,120,23.779942,38.091491
178,121,23.780342,38.091552
178,122,23.780891,38.09159
178,123,23.781782,38.091621
178,124,23.782303,38.091442
178,125,23.782413,38.091411
178,126,23.782433,38.09143
178,127,23.782522,38.091418
178,128,23.782942,38.091198
178,129,23.783321,38.090987
178,130,23.783411,38.090957
178,131,23.784441,38.090766
178,132,23.78474,38.090766
178,133,23.785011,38.090778
178,134,23.785481,38.090778
178,135,23.785881,38.090815
178,136,23.785962,38.090865
178,137,23.786061,38.090877
178,138,23.786372,38.091049
178,139,23.78642,38.09114
178,140,23.786541,38.091128
178,141,23.786941,38.0913
178,142,23.787222,38.09143
178,143,23.787532,38.091441
178,144,23.787903,38.091411
178,145,23.788292,38.091342
178,146,23.788822,38.091251
178,147,23.789503,38.091289
178,148,23.789583,38.091327
178,149,23.789592,38.091327
178,150,23.790052,38.091648
178,151,23.790133,38.091708
178,152,23.790213,38.09177
178,153,23.790323,38.091861
178,154,23.790444,38.091929
178,155,23.790543,38.09196
178,156,23.790632,38.09196
178,157,23.790691,38.091949
178,158,23.792091,38.09257
178,159,23.795101,38.095901
178,160,23.800902,38.098411
178,161,23.807071,38.10086
178,162,23.813501,38.103221
178,163,23.815031,38.103789
178,164,23.815072,38.10382
178,165,23.81443,38.105391
178,166,23.81189,38.103202
178,167,23.807119,38.101272
178,168,23.80374,38.099891
178,169,23.799188,38.098152
178,170,23.795158,38.096362
178,171,23.792959,38.096083
178,172,23.790279,38.097705
178,173,23.7892,38.097766
178,174,23.787979,38.098487
178,175,23.787849,38.098617
178,176,23.787858,38.098987
178,177,23.788078,38.098358
178,178,23.788087,38.098368
178,179,23.788637,38.097709
178,180,23.789578,38.097987
178,181,23.790996,38.097308
178,182,23.792766,38.09613
178,183,23.794746,38.09394
178,184,23.796088,38.092288
178,185,23.796427,38.091807
178,186,23.797607,38.092059
178,187,23.800087,38.092318
178,188,23.802387,38.092281
178,189,23.804518,38.091762
178,190,23.808009,38.090903
178,191,23.808828,38.091114
178,192,23.809088,38.093242
178,193,23.809449,38.094962
178,194,23.809588,38.095344
178,195,23.810108,38.097163
178,196,23.810817,38.098884
178,197,23.810888,38.098964
178,198,23.811259,38.099345
178,199,23.811699,38.099796
178,200,23.812528,38.100696
178,201,23.812679,38.100887
178,202,23.81337,38.101508
178,203,23.813659,38.101688
178,204,23.814979,38.101619
178,205,23.8162,38.10147
178,206,23.81621,38.10147
178,207,23.816268,38.10229
178,208,23.817998,38.106029
178,209,23.821979,38.109859
178,210,23.826358,38.11407
178,211,23.830358,38.117961
178,212,23.834219,38.121939
178,213,23.836799,38.125678
178,214,23.838459,38.129207
178,215,23.840169,38.131877
178,216,23.84067,38.131648
178,217,23.84067,38.131637
178,218,23.84091,38.131286
178,219,23.840928,38.131274
178,220,23.840948,38.130893
178,221,23.840948,38.130832
178,222,23.840837,38.130862
178,223,23.840908,38.130794
178,224,23.840908,38.130805
178,225,23.841038,38.130866
178,226,23.841047,38.130866
178,227,23.841037,38.131088
178,228,23.840448,38.131667
178,229,23.840008,38.130748
178,230,23.840437,38.130817
178,231,23.840427,38.130817
178,232,23.839878,38.130767
178,233,23.839527,38.130729
178,234,23.838186,38.128779
178,235,23.835766,38.123828
178,236,23.835257,38.122958
178,237,23.835217,38.122996
178,238,23.834186,38.122058
178,239,23.831155,38.118956
178,240,23.828806,38.117366
178,241,23.825506,38.114184
178,242,23.823606,38.112902
178,243,23.821097,38.109703
178,244,23.816036,38.104961
178,245,23.808667,38.10181
178,246,23.801416,38.098899
178,247,23.794466,38.095828
178,248,23.791946,38.092879
178,249,23.791136,38.091819
178,250,23.788276,38.088138
178,251,23.784296,38.082878
178,252,23.779526,38.077395
178,253,23.772816,38.073974
178,254,23.765726,38.071124
178,255,23.757976,38.068023
178,256,23.754396,38.066574
178,257,23.752296,38.065532
178,258,23.750266,38.063331
178,259,23.749006,38.061202
178,260,23.748426,38.060363
178,261,23.748316,38.060245
178,262,23.747196,38.058536
178,263,23.746416,38.057204
178,264,23.745836,38.055774
178,265,23.745236,38.054134
178,266,23.744807,38.052943
178,267,23.743677,38.051063
178,268,23.741466,38.048984
178,269,23.738066,38.045905
178,270,23.734346,38.042037
178,271,23.733206,38.037849
178,272,23.732855,38.03728
178,273,23.733456,38.037139
178,274,23.734227,38.03955
178,275,23.734546,38.041629
178,276,23.736436,38.04425
178,277,23.738938,38.046249
178,278,23.740717,38.045989
178,279,23.740557,38.04576
178,280,23.740597,38.04573
178,281,23.740726,38.04592
178,282,23.740785,38.04592
178,283,23.741035,38.045841
178,284,23.741205,38.045729
178,285,23.742414,38.046508
178,286,23.744364,38.048209
178,287,23.744634,38.049461
178,288,23.742744,38.049633
178,289,23.744364,38.051551
178,290,23.745964,38.055492
178,291,23.748443,38.060093
178,292,23.751884,38.064643
178,293,23.757373,38.067394
178,294,23.763494,38.069861
178,295,23.769974,38.072513
178,296,23.776644,38.075244
178,297,23.782114,38.079525
178,298,23.786055,38.084655
178,299,23.788575,38.087955
178,300,23.790024,38.089835
178,301,23.790073,38.089904
178,302,23.791303,38.091533
178,303,23.791323,38.091544
178,304,23.791603,38.091945
178,305,23.794002,38.094966
178,306,23.799292,38.097835
178,307,23.805871,38.100383
178,308,23.812992,38.103065
178,309,23.815333,38.103416
178,310,23.815582,38.102927
178,311,23.815592,38.102916
178,312,23.816653,38.103236
178,313,23.818931,38.106967
178,314,23.823101,38.110927
178,315,23.827081,38.114795
178,316,23.829863,38.117514
178,317,23.834383,38.122073
178,318,23.835663,38.123412
178,319,23.835703,38.123412
178,320,23.835783,38.123512
178,321,23.836603,38.125163
178,322,23.837883,38.127883
178,323,23.839463,38.131114
178,324,23.840871,38.131305
178,325,23.840822,38.130923
178,326,23.840881,38.130824
178,327,23.84093,38.130855
178,328,23.841051,38.130893
178,329,23.841041,38.130893
178,330,23.841082,38.131133
178,331,23.840761,38.131595
178,332,23.840672,38.131736
178,333,23.840382,38.131766
178,334,23.840131,38.131568
