179,1,23.840061,38.132514
179,2,23.841471,38.135265
179,3,23.843431,38.138095
179,4,23.845452,38.139274
179,5,23.845461,38.139292
179,6,23.842982,38.140063
179,7,23.838732,38.140693
179,8,23.836271,38.141513
179,9,23.835282,38.140804
179,10,23.834032,38.140293
179,11,23.832503,38.139472
179,12,23.830502,38.140162
179,13,23.828632,38.139743
179,14,23.826122,38.139152
179,15,23.826063,38.13914
179,16,23.825912,38.139102
179,17,23.825773,38.139064
179,18,23.825933,38.138972
179,19,23.825914,38.138984
179,20,23.825955,38.139083
179,21,23.825935,38.139102
179,22,23.825916,38.139003
179,23,23.825765,38.139095
179,24,23.825966,38.139106
179,25,23.825007,38.138835
179,26,23.825065,38.138824
179,27,23.827986,38.139602
179,28,23.829876,38.139743
179,29,23.829916,38.139774
179,30,23.831366,38.139693
179,31,23.833295,38.139662
179,32,23.835676,38.140731
179,33,23.837396,38.140799
179,34,23.841406,38.140579
179,35,23.845066,38.139388
179,36,23.842996,38.137989
179,37,23.841007,38.13441
179,38,23.840418,38.131881
179,39,23.840738,38.131011
179,40,23.840978,38.13087
179,41,23.840919,38.130778
179,42,23.841019,38.131049
179,43,23.840788,38.13132
179,44,23.840648,38.131492
179,45,23.840658,38.131492
179,46,23.840498,38.131553
179,47,23.840399,38.131392
