18,1,23.881378,37.990184
18,2,23.881249,37.990073
18,3,23.881249,37.990023
18,4,23.881418,37.990203
18,5,23.881438,37.990203
18,6,23.881827,37.990412
18,7,23.882125,37.991012
18,8,23.881596,37.992973
18,9,23.880765,37.995994
18,10,23.880176,37.999015
18,11,23.880547,38.000785
18,12,23.880556,38.000877
18,13,23.880596,38.000976
18,14,23.880606,38.001086
18,15,23.880605,38.001308
18,16,23.880655,38.001487
18,17,23.880686,38.001658
18,18,23.880756,38.002349
18,19,23.880775,38.002651
18,20,23.880766,38.00267
18,21,23.880784,38.00323
18,22,23.880804,38.003371
18,23,23.879974,38.003723
18,24,23.879144,38.003783
18,25,23.878155,38.003795
18,26,23.877504,38.003814
18,27,23.876483,38.003955
18,28,23.875685,38.004126
18,29,23.874495,38.004478
18,30,23.872474,38.005058
18,31,23.871124,38.005317
18,32,23.867694,38.005958
18,33,23.866236,38.006217
18,34,23.863805,38.006679
18,35,23.860935,38.00727
18,36,23.859834,38.007442
18,37,23.857515,38.007843
18,38,23.854265,38.008834
18,39,23.850615,38.009494
18,40,23.846924,38.010093
18,41,23.843434,38.010582
18,42,23.839264,38.011302
18,43,23.835933,38.012763
18,44,23.834743,38.013015
18,45,23.834724,38.013015
18,46,23.834484,38.013064
18,47,23.832843,38.013465
18,48,23.832523,38.013515
18,49,23.830713,38.013874
18,50,23.830142,38.013923
18,51,23.828762,38.014083
18,52,23.827532,38.014094
18,53,23.825743,38.013965
18,54,23.825052,38.013945
18,55,23.823662,38.013847
18,56,23.823483,38.013877
18,57,23.822363,38.013847
18,58,23.820783,38.013767
18,59,23.820593,38.013736
18,60,23.820413,38.013725
18,61,23.818703,38.013244
18,62,23.815452,38.012325
18,63,23.813312,38.011936
18,64,23.812872,38.011825
18,65,23.812381,38.011707
18,66,23.811722,38.011527
18,67,23.811703,38.011497
18,68,23.810712,38.011318
18,69,23.810283,38.011207
18,70,23.810203,38.011176
18,71,23.808753,38.010695
18,72,23.808054,38.010326
18,73,23.807134,38.009875
18,74,23.806835,38.009727
18,75,23.806435,38.009536
18,76,23.805984,38.009296
18,77,23.805864,38.009246
18,78,23.805525,38.009055
18,79,23.804464,38.008525
18,80,23.804384,38.008513
18,81,23.804104,38.008434
18,82,23.803514,38.008182
18,83,23.803415,38.008144
18,84,23.803175,38.008063
18,85,23.803165,38.008063
18,86,23.802484,38.007762
18,87,23.802074,38.00746
18,88,23.802025,38.007491
18,89,23.801614,38.007373
18,90,23.801264,38.007263
18,91,23.801233,38.007262
18,92,23.800832,38.007133
18,93,23.800102,38.007042
18,94,23.799251,38.006702
18,95,23.798413,38.006351
18,96,23.798091,38.006331
18,97,23.797901,38.00632
18,98,23.797131,38.006068
18,99,23.797091,38.006099
18,100,23.79689,38.00608
18,101,23.79675,38.006069
18,102,23.79602,38.005798
18,103,23.79558,38.005576
18,104,23.795521,38.005538
18,105,23.795261,38.005378
18,106,23.79424,38.004657
18,107,23.7938,38.004348
18,108,23.79356,38.004157
18,109,23.793329,38.004009
18,110,23.79254,38.003367
18,111,23.79191,38.003669
18,112,23.79092,38.004508
18,113,23.7892,38.005977
18,114,23.787671,38.007358
18,115,23.787479,38.007499
18,116,23.78561,38.0088
18,117,23.783279,38.009689
18,118,23.782441,38.009788
18,119,23.781561,38.009826
18,120,23.781061,38.009864
18,121,23.780401,38.009974
18,122,23.780361,38.009945
18,123,23.779781,38.009803
18,124,23.778801,38.008723
18,125,23.77868,38.008613
18,126,23.77847,38.008354
18,127,23.77799,38.007891
18,128,23.77786,38.007793
18,129,23.777601,38.007553
18,130,23.777092,38.006953
18,131,23.776993,38.006835
18,132,23.776762,38.006557
18,133,23.776151,38.005767
18,134,23.776072,38.005699
18,135,23.775442,38.004878
18,136,23.774443,38.003497
18,137,23.774344,38.003406
18,138,23.773114,38.001956
18,139,23.770643,37.999495
18,140,23.768404,37.996146
18,141,23.767864,37.995105
18,142,23.767494,37.994285
18,143,23.767195,37.993823
18,144,23.766964,37.993342
18,145,23.766744,37.993022
18,146,23.765825,37.991241
18,147,23.765395,37.99058
18,148,23.765066,37.9901
18,149,23.764896,37.98997
18,150,23.764437,37.989379
18,151,23.764378,37.989349
18,152,23.764007,37.988898
18,153,23.763777,37.988566
18,154,23.763767,37.988536
18,155,23.763166,37.987976
18,156,23.763016,37.987857
18,157,23.762676,37.987475
18,158,23.762497,37.987357
18,159,23.762377,37.987277
18,160,23.761917,37.986847
18,161,23.761846,37.986846
18,162,23.760826,37.985618
18,163,23.758876,37.983817
18,164,23.756426,37.982387
18,165,23.755846,37.981796
18,166,23.754286,37.980186
18,167,23.752627,37.978737
18,168,23.751985,37.978194
18,169,23.749506,37.976443
18,170,23.746266,37.974243
18,171,23.744005,37.972682
18,172,23.741634,37.971073
18,173,23.741184,37.970782
18,174,23.739044,37.969623
18,175,23.737564,37.969241
18,176,23.735945,37.96968
18,177,23.734644,37.97018
18,178,23.733445,37.970691
18,179,23.733304,37.970752
18,180,23.731794,37.970221
18,181,23.731614,37.968334
18,182,23.730626,37.967582
18,183,23.729465,37.96667
18,184,23.728845,37.966289
18,185,23.728164,37.965747
18,186,23.727126,37.964916
18,187,23.724435,37.962844
18,188,23.720726,37.960006
18,189,23.718256,37.958144
18,190,23.718185,37.958144
18,191,23.717815,37.957774
18,192,23.717455,37.957393
18,193,23.717026,37.957004
18,194,23.716727,37.956744
18,195,23.716496,37.957003
18,196,23.716455,37.957133
18,197,23.716165,37.957015
18,198,23.715835,37.957004
18,199,23.716135,37.957003
18,200,23.715984,37.956596
18,201,23.715814,37.956366
18,202,23.712703,37.953898
18,203,23.707745,37.949989
18,204,23.702515,37.945968
18,205,23.698703,37.944
18,206,23.700533,37.943668
18,207,23.700083,37.942939
18,208,23.699562,37.943409
18,209,23.702042,37.945376
18,210,23.706562,37.948897
18,211,23.711212,37.952548
18,212,23.715952,37.956206
18,213,23.72025,37.959525
18,214,23.722832,37.961375
18,215,23.723821,37.961475
18,216,23.724302,37.961646
18,217,23.724302,37.961708
18,218,23.725083,37.962318
18,219,23.726463,37.963428
18,220,23.726714,37.963939
18,221,23.726743,37.963977
18,222,23.728504,37.965045
18,223,23.730755,37.965896
18,224,23.732004,37.966808
18,225,23.732023,37.966838
18,226,23.732933,37.967029
18,227,23.733013,37.96712
18,228,23.733192,37.967201
18,229,23.735552,37.967971
18,230,23.735811,37.967971
18,231,23.736492,37.968051
18,232,23.736892,37.968131
18,233,23.737063,37.968181
18,234,23.738992,37.96949
18,235,23.740612,37.970321
18,236,23.743261,37.97238
18,237,23.743971,37.972781
18,238,23.74452,37.973072
18,239,23.74724,37.974891
18,240,23.749901,37.976672
18,241,23.751572,37.97782
18,242,23.753551,37.979491
18,243,23.755272,37.981181
18,244,23.756891,37.982662
18,245,23.758291,37.983402
18,246,23.760912,37.985283
18,247,23.762663,37.986213
18,248,23.764312,37.986053
18,249,23.765143,37.986304
18,250,23.765833,37.986846
18,251,23.767813,37.988807
18,252,23.770752,37.990776
18,253,23.77538,37.992927
18,254,23.7788,37.995197
18,255,23.781481,37.996837
18,256,23.783611,37.998465
18,257,23.783922,37.998718
18,258,23.784832,37.999469
18,259,23.788261,38.001338
18,260,23.791321,38.002338
18,261,23.79381,38.004207
18,262,23.79509,38.005168
18,263,23.795139,38.005199
18,264,23.798068,38.006427
18,265,23.803028,38.007888
18,266,23.806198,38.009219
18,267,23.810457,38.011039
18,268,23.815187,38.012088
18,269,23.818148,38.012919
18,270,23.818197,38.012909
18,271,23.819378,38.013228
18,272,23.822637,38.013629
18,273,23.825178,38.013747
18,274,23.829868,38.013816
18,275,23.832819,38.013286
18,276,23.837028,38.012187
18,277,23.840047,38.010948
18,278,23.842407,38.010669
18,279,23.845506,38.010299
18,280,23.849546,38.00957
18,281,23.853246,38.00896
18,282,23.854896,38.008121
18,283,23.855008,38.00648
18,284,23.855689,38.005401
18,285,23.856307,38.004641
18,286,23.856458,38.003162
18,287,23.858328,38.002192
18,288,23.862179,37.999881
18,289,23.866699,37.997821
18,290,23.871738,37.995472
18,291,23.874359,37.99266
18,292,23.87649,37.991222
18,293,23.880261,37.989013
18,294,23.88114,37.989902
18,295,23.88109,37.989753
18,296,23.881349,37.990073
18,297,23.88121,37.990073
18,298,23.88121,37.990093
18,299,23.881331,37.990203
18,300,23.88134,37.990192
18,301,23.882089,37.990771
18,302,23.8818,37.992103
18,303,23.88101,37.994952
18,304,23.880119,37.998382
18,305,23.880548,38.001571
18,306,23.880679,38.003242
18,307,23.880669,38.003711
18,308,23.880518,38.003749
18,309,23.879868,38.003799
18,310,23.879266,38.003798
18,311,23.878287,38.003879
18,312,23.878095,38.00389
18,313,23.877815,38.003879
18,314,23.876005,38.0041
18,315,23.874876,38.00434
18,316,23.872745,38.005062
18,317,23.871395,38.005339
18,318,23.867914,38.005962
18,319,23.866214,38.00624
18,320,23.864096,38.006648
18,321,23.860815,38.007327
18,322,23.860695,38.007766
18,323,23.861084,38.009696
18,324,23.861223,38.011356
18,325,23.860283,38.013057
18,326,23.860283,38.015986
18,327,23.860462,38.019298
18,328,23.860404,38.020198
18,329,23.860123,38.021739
18,330,23.859693,38.02341
18,331,23.859684,38.023441
18,332,23.857874,38.024131
18,333,23.854624,38.024772
18,334,23.851663,38.025752
18,335,23.851174,38.025943
18,336,23.849403,38.026542
18,337,23.846473,38.027832
18,338,23.844404,38.028972
18,339,23.843205,38.02719
18,340,23.840885,38.02811
18,341,23.837995,38.02938
18,342,23.837006,38.029368
18,343,23.835595,38.027309
18,344,23.834526,38.026328
18,345,23.833317,38.024849
18,346,23.832176,38.025207
18,347,23.830446,38.026119
18,348,23.829055,38.027278
18,349,23.827637,38.028617
18,350,23.826178,38.029986
18,351,23.824537,38.031405
18,352,23.824537,38.031405
18,353,23.824768,38.031135
18,354,23.825468,38.030555
18,355,23.826248,38.029945
18,356,23.826258,38.029945
18,357,23.826347,38.029826
18,358,23.826328,38.029838
18,359,23.826417,38.029799
18,360,23.826377,38.029869
18,361,23.826378,38.0298
18,362,23.826158,38.030021
18,363,23.826198,38.030002
18,364,23.825899,38.030261
18,365,23.825918,38.030261
18,366,23.826118,38.030032
18,367,23.826087,38.030093
18,368,23.825878,38.030265
18,369,23.825607,38.030517
18,370,23.825648,38.030555
18,371,23.825637,38.030566
18,372,23.825228,38.030838
18,373,23.825268,38.030807
18,374,23.825378,38.030677
18,375,23.825438,38.030696
18,376,23.825438,38.030696
18,377,23.825398,38.030707
18,378,23.824317,38.0317
18,379,23.823368,38.032939
18,380,23.822468,38.03355
18,381,23.822418,38.03361
18,382,23.822369,38.033622
18,383,23.822088,38.033511
18,384,23.821788,38.033332
18,385,23.821808,38.033332
18,386,23.821918,38.033393
18,387,23.821659,38.033221
18,388,23.821639,38.03321
18,389,23.821591,38.03318
18,390,23.82167,38.033249
18,391,23.821639,38.033237
18,392,23.82172,38.033237
18,393,23.821661,38.033187
18,394,23.821732,38.033168
18,395,23.821802,38.033039
18,396,23.821682,38.033027
18,397,23.821772,38.033027
18,398,23.821871,38.033027
18,399,23.82209,38.032886
18,400,23.822099,38.032886
18,401,23.822549,38.032504
18,402,23.82361,38.032375
18,403,23.82311,38.032916
18,404,23.823209,38.032836
18,405,23.823209,38.032836
18,406,23.82423,38.031727
18,407,23.826411,38.029785
18,408,23.827341,38.029063
18,409,23.828742,38.027492
18,410,23.830492,38.026054
18,411,23.832582,38.025115
18,412,23.833363,38.025016
18,413,23.833702,38.025527
18,414,23.834421,38.026386
18,415,23.83534,38.027274
18,416,23.835981,38.027984
18,417,23.83674,38.028392
18,418,23.838921,38.027522
18,419,23.84221,38.026023
18,420,23.844101,38.025912
18,421,23.84852,38.025073
18,422,23.8491,38.024913
18,423,23.84914,38.024901
18,424,23.848711,38.024051
18,425,23.846561,38.020709
18,426,23.845671,38.018249
18,427,23.8497,38.017718
18,428,23.852152,38.017238
18,429,23.854232,38.012587
18,430,23.857153,38.009696
18,431,23.857804,38.008426
18,432,23.857473,38.008087
18,433,23.858784,38.007557
18,434,23.863453,38.006778
18,435,23.869152,38.005649
18,436,23.871542,38.00524
18,437,23.871752,38.005203
18,438,23.872671,38.005024
18,439,23.873221,38.004882
18,440,23.873671,38.004722
18,441,23.875891,38.004092
18,442,23.87829,38.003871
18,443,23.8799,38.003871
18,444,23.88068,38.00344
18,445,23.88027,38.000258
18,446,23.88076,37.99578
18,447,23.88204,37.991229
18,448,23.88126,37.9901
18,449,23.881419,37.990131
18,450,23.881269,37.989989
18,451,23.88126,37.990039
18,452,23.881241,37.990039
18,453,23.882061,37.990638
18,454,23.882061,37.991286
18,455,23.88146,37.993465
18,456,23.88057,37.996654
18,457,23.880289,37.999874
18,458,23.88074,38.002853
18,459,23.880769,38.003413
18,460,23.88076,38.003413
18,461,23.880199,38.003734
18,462,23.876919,38.003746
18,463,23.874569,38.004344
18,464,23.871828,38.005225
18,465,23.872019,38.007507
18,466,23.871008,38.010367
18,467,23.870138,38.01083
18,468,23.868467,38.011317
18,469,23.867986,38.013389
18,470,23.866987,38.015597
18,471,23.866297,38.016578
18,472,23.864777,38.017879
18,473,23.862538,38.019378
18,474,23.860387,38.020248
18,475,23.858269,38.020716
18,476,23.855638,38.021137
18,477,23.853319,38.021438
18,478,23.85187,38.021636
18,479,23.85017,38.021827
18,480,23.84903,38.022048
18,481,23.847719,38.022087
18,482,23.847519,38.022148
18,483,23.846269,38.022357
18,484,23.844679,38.022567
18,485,23.843859,38.022667
18,486,23.84273,38.022727
18,487,23.842671,38.022758
18,488,23.84276,38.022579
18,489,23.84304,38.022498
18,490,23.84347,38.02243
18,491,23.844031,38.022319
18,492,23.84424,38.022307
18,493,23.84444,38.022277
18,494,23.84464,38.022307
18,495,23.84464,38.022307
18,496,23.844481,38.022327
18,497,23.84285,38.022555
18,498,23.84304,38.022666
18,499,23.844851,38.022548
18,500,23.84719,38.022246
18,501,23.84758,38.022197
18,502,23.847891,38.022166
18,503,23.849211,38.022147
18,504,23.850241,38.021957
18,505,23.852381,38.021656
18,506,23.850802,38.021686
18,507,23.85082,38.021686
18,508,23.85084,38.021655
18,509,23.85195,38.021514
18,510,23.85363,38.021464
18,511,23.85638,38.021113
18,512,23.859569,38.020374
18,513,23.861269,38.019966
18,514,23.864408,38.018206
18,515,23.866237,38.016689
18,516,23.867228,38.015171
18,517,23.868248,38.012439
18,518,23.869518,38.011001
18,519,23.870978,38.010852
18,520,23.871058,38.00812
18,521,23.871767,38.005531
18,522,23.871767,38.005531
18,523,23.871748,38.005401
18,524,23.872759,38.004962
18,525,23.873629,38.004741
18,526,23.874878,38.00429
18,527,23.877618,38.003791
18,528,23.878839,38.00384
18,529,23.87998,38.003841
18,530,23.880711,38.00368
18,531,23.880701,38.003138
18,532,23.880631,38.001911
18,533,23.88015,37.998939
18,534,23.881379,37.993777
18,535,23.881929,37.990588
18,536,23.881399,37.990058
18,537,23.881449,37.990058
18,538,23.881467,37.990188
