181,1,23.840475,38.13169
181,2,23.840465,38.131702
181,3,23.840406,38.13161
181,4,23.840117,38.130988
181,5,23.840256,38.130859
181,6,23.840376,38.130859
181,7,23.840376,38.130847
181,8,23.840076,38.130809
181,9,23.839636,38.130717
181,10,23.839266,38.130728
181,11,23.837906,38.1281
181,12,23.835935,38.124153
181,13,23.832106,38.119933
181,14,23.829536,38.118232
181,15,23.826887,38.115413
181,16,23.823378,38.113472
181,17,23.820898,38.109672
181,18,23.816538,38.105731
181,19,23.814259,38.105972
181,20,23.810468,38.106002
181,21,23.809438,38.107673
181,22,23.807839,38.107001
181,23,23.807129,38.10678
181,24,23.805879,38.10652
181,25,23.804319,38.10929
181,26,23.802589,38.112342
181,27,23.800329,38.116382
181,28,23.797841,38.120822
181,29,23.79549,38.125034
181,30,23.79413,38.126304
181,31,23.79273,38.123294
181,32,23.79052,38.119563
181,33,23.789409,38.115734
181,34,23.790239,38.112434
181,35,23.790499,38.111343
181,36,23.789339,38.107421
181,37,23.785829,38.103843
181,38,23.781161,38.101172
181,39,23.7794,38.100414
181,40,23.77914,38.100162
181,41,23.77791,38.10073
181,42,23.77581,38.100589
181,43,23.7735,38.100219
181,44,23.769531,38.10123
181,45,23.767052,38.10192
181,46,23.767841,38.102962
181,47,23.768331,38.103862
181,48,23.768961,38.104392
181,49,23.769861,38.104613
181,50,23.76995,38.105453
181,51,23.770071,38.106304
181,52,23.769281,38.106555
181,53,23.76884,38.106945
181,54,23.768771,38.107746
181,55,23.76885,38.108535
181,56,23.76865,38.109015
181,57,23.76861,38.109046
181,58,23.76857,38.109085
181,59,23.768789,38.109134
181,60,23.76878,38.108424
181,61,23.76881,38.107623
181,62,23.76997,38.107643
181,63,23.77033,38.108123
181,64,23.77034,38.108825
181,65,23.77037,38.109016
181,66,23.77041,38.109435
181,67,23.7704,38.109996
181,68,23.77033,38.110236
181,69,23.77039,38.110118
181,70,23.770479,38.109656
181,71,23.770479,38.109538
181,72,23.770618,38.109317
181,73,23.771188,38.109305
181,74,23.770979,38.109306
181,75,23.771078,38.109294
181,76,23.770859,38.109264
181,77,23.771118,38.109172
181,78,23.771099,38.109111
181,79,23.770789,38.109141
181,80,23.771217,38.109172
181,81,23.771277,38.109172
181,82,23.771357,38.109172
181,83,23.770465,38.109263
181,84,23.770186,38.109043
181,85,23.770176,38.108821
181,86,23.770176,38.10884
181,87,23.770157,38.108809
181,88,23.769846,38.10881
181,89,23.769787,38.108729
181,90,23.769756,38.10879
181,91,23.769776,38.10879
181,92,23.770315,38.109431
181,93,23.770065,38.109321
181,94,23.769226,38.109332
181,95,23.769186,38.109352
181,96,23.769186,38.10934
181,97,23.769017,38.109329
181,98,23.768957,38.109298
181,99,23.768778,38.108809
181,100,23.768007,38.108871
181,101,23.767908,38.10876
181,102,23.767889,38.10876
181,103,23.767889,38.109142
181,104,23.76792,38.109172
181,105,23.76792,38.109172
181,106,23.767999,38.109202
181,107,23.76873,38.108715
181,108,23.76869,38.108814
181,109,23.76869,38.108814
181,110,23.76864,38.107894
181,111,23.76746,38.107844
181,112,23.76602,38.107455
181,113,23.76502,38.107086
181,114,23.764,38.106597
181,115,23.76405,38.105487
181,116,23.76405,38.105148
181,117,23.764089,38.104926
181,118,23.763969,38.103286
181,119,23.763951,38.101886
181,120,23.764651,38.100597
181,121,23.764351,38.099246
181,122,23.76337,38.098098
181,123,23.762081,38.096637
181,124,23.760872,38.095328
181,125,23.759453,38.093627
181,126,23.759172,38.093357
181,127,23.758942,38.093146
181,128,23.758322,38.092525
181,129,23.758312,38.092525
181,130,23.758241,38.092444
181,131,23.756981,38.091064
181,132,23.75815,38.090083
181,133,23.760679,38.090964
181,134,23.764638,38.091613
181,135,23.768669,38.092143
181,136,23.771098,38.092464
181,137,23.773909,38.092693
181,138,23.773909,38.092693
181,139,23.774569,38.092414
181,140,23.778858,38.091346
181,141,23.784147,38.090816
181,142,23.785727,38.090847
181,143,23.785967,38.090877
181,144,23.786988,38.091296
181,145,23.787298,38.091407
181,146,23.787548,38.091445
181,147,23.788057,38.091414
181,148,23.788066,38.091414
181,149,23.789136,38.091296
181,150,23.789136,38.091285
181,151,23.789557,38.091384
181,152,23.790017,38.091735
181,153,23.790136,38.091815
181,154,23.790176,38.091846
181,155,23.790886,38.091857
181,156,23.790895,38.091869
181,157,23.790716,38.091358
181,158,23.790697,38.091327
181,159,23.790386,38.090888
181,160,23.787756,38.087398
181,161,23.783466,38.081809
181,162,23.777817,38.076209
181,163,23.770867,38.073181
181,164,23.764186,38.070472
181,165,23.757606,38.067882
181,166,23.751717,38.065261
181,167,23.749927,38.061512
181,168,23.754627,38.06021
181,169,23.761437,38.059829
181,170,23.767976,38.058418
181,171,23.774046,38.055778
181,172,23.779556,38.052596
181,173,23.783167,38.050204
181,174,23.783176,38.050204
181,175,23.782256,38.050834
181,176,23.781696,38.051204
181,177,23.783256,38.050323
181,178,23.784546,38.049674
181,179,23.788015,38.047435
181,180,23.793625,38.045123
181,181,23.798695,38.043964
181,182,23.801964,38.042983
181,183,23.802963,38.041724
181,184,23.804943,38.041236
181,185,23.805954,38.040767
181,186,23.807184,38.040168
181,187,23.807544,38.039997
181,188,23.807625,38.038726
181,189,23.807144,38.037998
181,190,23.807104,38.037918
181,191,23.807045,38.037826
181,192,23.808874,38.036895
181,193,23.809963,38.035495
181,194,23.808014,38.032676
181,195,23.808914,38.031868
181,196,23.808984,38.031848
181,197,23.809474,38.032657
181,198,23.809746,38.033058
181,199,23.809795,38.033069
181,200,23.809665,38.032829
181,201,23.809576,38.032729
181,202,23.809675,38.032691
181,203,23.809616,38.032702
181,204,23.809597,38.032714
181,205,23.809816,38.033115
181,206,23.809927,38.033206
181,207,23.809977,38.033255
181,208,23.809986,38.033416
181,209,23.810085,38.033558
181,210,23.810094,38.033558
181,211,23.810193,38.033546
181,212,23.810164,38.033546
181,213,23.810883,38.034495
181,214,23.811542,38.035434
181,215,23.812693,38.035125
181,216,23.815123,38.034446
181,217,23.818213,38.033687
181,218,23.818983,38.033618
181,219,23.819433,38.033798
181,220,23.820074,38.034076
181,221,23.820854,38.032947
181,222,23.820984,38.032866
181,223,23.822473,38.033767
181,224,23.823303,38.032897
181,225,23.824472,38.031406
181,226,23.826372,38.029765
181,227,23.827892,38.028354
181,228,23.829623,38.026843
181,229,23.830633,38.025924
181,230,23.832384,38.025184
181,231,23.833333,38.024924
181,232,23.833664,38.025356
181,233,23.834293,38.026214
181,234,23.834823,38.026733
181,235,23.835444,38.027354
181,236,23.836223,38.028274
181,237,23.836853,38.028335
181,238,23.839832,38.027106
181,239,23.842043,38.026065
181,240,23.843073,38.026455
181,241,23.843871,38.025992
181,242,23.843871,38.026004
181,243,23.844751,38.025622
181,244,23.848233,38.025135
181,245,23.849102,38.024913
181,246,23.849213,38.024814
181,247,23.847862,38.022383
181,248,23.847813,38.020843
181,249,23.850403,38.020793
181,250,23.851941,38.017642
181,251,23.854042,38.012961
181,252,23.856672,38.010013
181,253,23.858172,38.008842
181,254,23.857632,38.008273
181,255,23.857632,38.008273
181,256,23.857361,38.007995
181,257,23.85736,38.007964
181,258,23.85736,38.007964
181,259,23.857971,38.007632
181,260,23.858581,38.007541
181,261,23.862381,38.006912
181,262,23.866921,38.006
181,263,23.868561,38.005699
181,264,23.871111,38.005248
181,265,23.871521,38.005179
181,266,23.872131,38.005069
181,267,23.872332,38.00503
181,268,23.872942,38.004913
181,269,23.873321,38.004802
181,270,23.873541,38.004741
181,271,23.8743,38.004501
181,272,23.87615,38.004001
181,273,23.877861,38.003829
181,274,23.880221,38.003829
181,275,23.883001,38.00365
181,276,23.885962,38.003829
181,277,23.890562,38.00455
181,278,23.895703,38.003871
181,279,23.899403,38.00325
181,280,23.901364,38.003021
181,281,23.906763,38.00267
181,282,23.912093,38.001658
181,283,23.916653,37.999118
181,284,23.922762,37.997756
181,285,23.928843,37.998008
181,286,23.934622,37.999549
181,287,23.939621,38.001708
181,288,23.94437,38.003139
181,289,23.94864,38.00444
181,290,23.953162,38.005538
181,291,23.957232,38.006869
181,292,23.96,38.007862
181,293,23.960011,38.007881
181,294,23.959471,38.007998
181,295,23.957161,38.00975
181,296,23.953811,38.012039
181,297,23.951051,38.014998
181,298,23.950632,38.018287
181,299,23.950293,38.021407
181,300,23.951002,38.024527
181,301,23.951582,38.027198
181,302,23.951681,38.027617
181,303,23.951681,38.027607
181,304,23.950981,38.028087
181,305,23.949162,38.029338
181,306,23.948072,38.031818
181,307,23.946793,38.034118
181,308,23.945723,38.035778
181,309,23.945082,38.037768
181,310,23.944061,38.039039
181,311,23.94132,38.039309
181,312,23.9389,38.038131
181,313,23.93688,38.038329
181,314,23.935499,38.038528
181,315,23.93392,38.038859
181,316,23.932011,38.03836
181,317,23.932431,38.03765
181,318,23.932711,38.036929
181,319,23.9326,38.035647
181,320,23.93204,38.034266
181,321,23.93134,38.034427
181,322,23.93096,38.034625
181,323,23.93096,38.034656
181,324,23.930943,38.034678
