182,1,23.840689,38.13121
182,2,23.840818,38.130958
182,3,23.840859,38.130896
182,4,23.841078,38.130927
182,5,23.840757,38.131335
182,6,23.840677,38.131484
182,7,23.840856,38.130915
182,8,23.840807,38.131034
182,9,23.840418,38.131584
182,10,23.840359,38.131465
182,11,23.840319,38.131465
182,12,23.840248,38.131354
182,13,23.839658,38.130806
182,14,23.83924,38.130843
182,15,23.83845,38.129405
182,16,23.836399,38.125094
182,17,23.832979,38.120925
182,18,23.830728,38.118815
182,19,23.828049,38.116584
182,20,23.824968,38.114116
182,21,23.823618,38.113216
182,22,23.822008,38.110587
182,23,23.817848,38.106586
182,24,23.812347,38.103305
182,25,23.805857,38.100726
182,26,23.799205,38.098136
182,27,23.793495,38.094935
182,28,23.791454,38.092254
182,29,23.791395,38.092174
182,30,23.789866,38.090175
182,31,23.786486,38.085784
182,32,23.782736,38.080935
182,33,23.778206,38.076545
182,34,23.772155,38.073806
182,35,23.765835,38.071235
182,36,23.759594,38.068744
182,37,23.753904,38.066463
182,38,23.749704,38.063201
182,39,23.751444,38.06105
182,40,23.756193,38.060058
182,41,23.764343,38.059569
182,42,23.770313,38.057468
182,43,23.776003,38.054767
182,44,23.781103,38.051387
182,45,23.782832,38.049166
182,46,23.781304,38.045036
182,47,23.778722,38.042464
182,48,23.778112,38.041915
182,49,23.777802,38.041656
182,50,23.777802,38.041644
182,51,23.777462,38.041373
182,52,23.777262,38.041213
182,53,23.777262,38.041213
182,54,23.777042,38.041041
182,55,23.776783,38.040832
182,56,23.776783,38.04082
182,57,23.776673,38.040729
182,58,23.778291,38.03918
182,59,23.780901,38.0363
182,60,23.785372,38.034781
182,61,23.790253,38.034072
182,62,23.793602,38.032542
182,63,23.792312,38.030403
182,64,23.789643,38.027183
182,65,23.789281,38.022811
182,66,23.787722,38.018729
182,67,23.785211,38.015949
182,68,23.785141,38.015868
182,69,23.783701,38.014278
182,70,23.781502,38.011847
182,71,23.781412,38.011737
182,72,23.780802,38.011058
182,73,23.780241,38.010417
182,74,23.780241,38.010417
182,75,23.779411,38.009517
182,76,23.779341,38.009449
182,77,23.779122,38.009219
182,78,23.778082,38.008151
182,79,23.777921,38.00798
182,80,23.776502,38.00637
182,81,23.775981,38.00576
182,82,23.775432,38.00505
182,83,23.774143,38.00325
182,84,23.773554,38.002559
182,85,23.770763,37.999698
182,86,23.767933,37.995688
182,87,23.766394,37.992438
182,88,23.765724,37.991138
182,89,23.764974,37.990169
182,90,23.764815,37.989867
182,91,23.763004,37.988037
182,92,23.762024,37.987247
182,93,23.762014,37.987216
182,94,23.760985,37.985996
182,95,23.758505,37.983535
182,96,23.757453,37.982966
182,97,23.756643,37.982566
182,98,23.754324,37.980266
182,99,23.752914,37.979026
182,100,23.751794,37.978076
182,101,23.749754,37.976955
182,102,23.749234,37.977386
182,103,23.748983,37.978034
182,104,23.748913,37.978194
182,105,23.748793,37.978465
182,106,23.748773,37.978496
182,107,23.748813,37.978194
182,108,23.748853,37.978084
182,109,23.748953,37.977805
182,110,23.749042,37.977535
182,111,23.749002,37.977546
182,112,23.749052,37.977516
182,113,23.749021,37.977565
182,114,23.749032,37.977565
182,115,23.749041,37.977546
182,116,23.74885,37.977447
182,117,23.748051,37.977256
182,118,23.746842,37.976985
182,119,23.746783,37.976905
182,120,23.746973,37.976424
182,121,23.748392,37.976516
182,122,23.748861,37.976478
182,123,23.748861,37.976478
182,124,23.750281,37.976848
182,125,23.75186,37.977989
182,126,23.751919,37.978049
182,127,23.753799,37.979647
182,128,23.755319,37.98122
182,129,23.75835,37.983397
182,130,23.75922,37.984107
182,131,23.76172,37.985358
182,132,23.762942,37.98587
182,133,23.763001,37.985889
182,134,23.76511,37.9859
182,135,23.767361,37.98778
182,136,23.77054,37.990191
182,137,23.775511,37.99274
182,138,23.77848,37.994891
182,139,23.77891,37.995163
182,140,23.78153,37.996802
182,141,23.784401,37.999061
182,142,23.787281,38.000923
182,143,23.791081,38.002303
182,144,23.794401,38.004684
182,145,23.799532,38.006904
182,146,23.804902,38.008662
182,147,23.809801,38.010902
182,148,23.811232,38.011241
182,149,23.811941,38.01139
182,150,23.816172,38.01237
182,151,23.820742,38.01356
182,152,23.825531,38.013812
182,153,23.830841,38.01372
182,154,23.833472,38.013191
182,155,23.836981,38.012252
182,156,23.840169,38.010921
182,157,23.842739,38.01065
182,158,23.845829,38.010268
182,159,23.8501,38.009517
182,160,23.85476,38.008605
182,161,23.855219,38.007347
182,162,23.855638,38.006145
182,163,23.856258,38.005275
182,164,23.856159,38.003597
182,165,23.857589,38.002585
182,166,23.860649,38.000667
182,167,23.864599,37.998958
182,168,23.868019,37.997127
182,169,23.869258,37.996306
182,170,23.867778,37.997318
182,171,23.863748,37.999347
182,172,23.859369,38.001617
182,173,23.858028,38.001209
182,174,23.857979,37.998446
182,175,23.857319,37.997588
182,176,23.854618,37.997928
182,177,23.852719,37.998206
182,178,23.852718,37.999145
182,179,23.851799,37.999065
182,180,23.85019,37.997874
182,181,23.848249,37.997104
182,182,23.845979,37.996695
182,183,23.844031,37.997634
182,184,23.84376,37.999206
182,185,23.844479,37.999957
182,186,23.845148,38.000709
182,187,23.845998,38.00164
182,188,23.846069,38.00259
182,189,23.845659,38.003608
182,190,23.845538,38.003688
182,191,23.845569,38.003718
182,192,23.845668,38.003719
182,193,23.845768,38.003398
182,194,23.846058,38.002067
182,195,23.845768,38.001407
182,196,23.844997,38.000197
182,197,23.844097,37.999618
182,198,23.843777,37.99921
182,199,23.843736,37.998938
182,200,23.843826,37.998489
182,201,23.843826,37.99847
182,202,23.843845,37.998241
182,203,23.844296,37.997359
182,204,23.846595,37.996589
182,205,23.849036,37.997398
182,206,23.851015,37.998508
182,207,23.852255,37.999569
182,208,23.852104,38.00037
182,209,23.851093,38.001071
182,210,23.849943,38.00151
182,211,23.850372,38.002631
182,212,23.850382,38.003409
182,213,23.850381,38.00336
182,214,23.850891,38.003459
182,215,23.851641,38.003497
182,216,23.851542,38.005027
182,217,23.850601,38.006557
182,218,23.848661,38.007217
182,219,23.846891,38.007117
182,220,23.846671,38.006038
182,221,23.846573,38.005927
182,222,23.845592,38.007426
182,223,23.844162,38.009948
182,224,23.843971,38.010299
182,225,23.843511,38.012569
182,226,23.844182,38.015708
182,227,23.84564,38.018508
182,228,23.84725,38.021426
182,229,23.84898,38.024375
182,230,23.85017,38.026126
182,231,23.85213,38.028487
182,232,23.855041,38.030376
182,233,23.856031,38.031626
182,234,23.856941,38.033675
182,235,23.854051,38.035945
182,236,23.851141,38.038955
182,237,23.84815,38.041557
182,238,23.8446,38.043556
182,239,23.841291,38.045394
182,240,23.840052,38.046252
182,241,23.839642,38.047084
182,242,23.83978,38.049343
182,243,23.839361,38.051334
182,244,23.83925,38.051433
182,245,23.839561,38.052253
182,246,23.84233,38.053912
182,247,23.8411,38.05506
182,248,23.838452,38.057471
182,249,23.836682,38.058891
182,250,23.835922,38.059299
182,251,23.836273,38.060397
182,252,23.834294,38.061458
182,253,23.829794,38.063678
182,254,23.826513,38.065418
182,255,23.824694,38.066539
182,256,23.820963,38.06681
182,257,23.820962,38.069358
182,258,23.820993,38.073226
182,259,23.821123,38.074336
182,260,23.821204,38.075095
182,261,23.820883,38.076785
182,262,23.820584,38.077765
182,263,23.820194,38.078975
182,264,23.819245,38.082125
182,265,23.818723,38.085437
182,266,23.818123,38.087658
182,267,23.818123,38.087695
182,268,23.817994,38.087794
182,269,23.817863,38.087855
182,270,23.817524,38.087996
182,271,23.817524,38.087996
182,272,23.818124,38.088855
182,273,23.819135,38.089496
182,274,23.820175,38.090564
182,275,23.821965,38.092346
182,276,23.824034,38.096476
182,277,23.823954,38.098445
182,278,23.820303,38.100264
182,279,23.819452,38.100596
182,280,23.816693,38.101429
182,281,23.816872,38.103606
182,282,23.819502,38.107505
182,283,23.823492,38.111316
182,284,23.827081,38.114818
182,285,23.830922,38.118476
182,286,23.83517,38.122866
182,287,23.837651,38.127555
182,288,23.839451,38.131267
182,289,23.840611,38.131538
182,290,23.840731,38.130927
182,291,23.84091,38.130958
182,292,23.84104,38.130878
182,293,23.841039,38.131118
182,294,23.84078,38.131309
182,295,23.840681,38.131549
182,296,23.840311,38.131561
182,297,23.840311,38.131511
182,298,23.840302,38.1315
182,299,23.839851,38.131271
182,300,23.839771,38.131931
182,301,23.841162,38.134639
182,302,23.843082,38.13803
182,303,23.845422,38.139179
182,304,23.845422,38.139179
182,305,23.845472,38.139357
182,306,23.844541,38.140899
182,307,23.846552,38.143409
182,308,23.849512,38.146591
182,309,23.853283,38.15042
182,310,23.855753,38.15433
182,311,23.855932,38.159042
182,312,23.856383,38.162463
182,313,23.856632,38.166343
182,314,23.855963,38.170482
182,315,23.855083,38.174831
182,316,23.854303,38.178333
182,317,23.853233,38.182014
182,318,23.852703,38.184795
182,319,23.854193,38.185104
182,320,23.854452,38.187514
182,321,23.853931,38.192146
182,322,23.852891,38.196875
182,323,23.856402,38.199897
182,324,23.857172,38.202807
182,325,23.860682,38.205157
182,326,23.865072,38.206286
182,327,23.869112,38.207675
182,328,23.871931,38.209735
182,329,23.873772,38.212375
182,330,23.874802,38.213973
182,331,23.874851,38.214011
182,332,23.87487,38.214023
182,333,23.87524,38.214412
182,334,23.87693,38.215763
182,335,23.87842,38.216053
182,336,23.879959,38.214473
182,337,23.881949,38.212321
182,338,23.885439,38.21086
182,339,23.888489,38.209381
182,340,23.89436,38.208972
182,341,23.89937,38.209582
182,342,23.90002,38.210834
182,343,23.902981,38.211685
182,344,23.90547,38.210746
182,345,23.90867,38.212985
182,346,23.9126,38.214786
182,347,23.915729,38.217215
182,348,23.918249,38.218726
182,349,23.920809,38.219447
182,350,23.924099,38.219806
182,351,23.927549,38.220656
182,352,23.927689,38.221675
182,353,23.925848,38.221255
182,354,23.925188,38.221637
182,355,23.926038,38.222747
182,356,23.92528,38.224658
182,357,23.924749,38.22623
182,358,23.924699,38.225898
182,359,23.92469,38.225669
182,360,23.924289,38.225928
182,361,23.924139,38.22607
182,362,23.924238,38.225978
182,363,23.924278,38.225947
182,364,23.924349,38.225867
182,365,23.924379,38.225867
182,366,23.92465,38.225727
182,367,23.92486,38.226016
182,368,23.92506,38.225295
182,369,23.925091,38.225215
182,370,23.925091,38.225215
182,371,23.924841,38.226047
182,372,23.924761,38.226127
182,373,23.924752,38.226077
182,374,23.924732,38.226077
182,375,23.924812,38.226028
182,376,23.924753,38.225997
182,377,23.924722,38.225756
182,378,23.924402,38.225856
182,379,23.924263,38.225967
182,380,23.924112,38.226107
182,381,23.924131,38.225917
182,382,23.924211,38.225978
182,383,23.924622,38.225737
182,384,23.924492,38.225776
182,385,23.924642,38.225715
182,386,23.924713,38.226115
182,387,23.924624,38.226115
182,388,23.924573,38.226127
182,389,23.924864,38.225905
182,390,23.925314,38.224467
182,391,23.926093,38.222236
182,392,23.924904,38.221377
182,393,23.927343,38.222118
182,394,23.927623,38.220767
182,395,23.923594,38.219898
182,396,23.920633,38.219409
182,397,23.916914,38.217941
182,398,23.913494,38.215709
182,399,23.909304,38.213187
182,400,23.905174,38.210719
182,401,23.902244,38.211711
182,402,23.899765,38.211051
182,403,23.899185,38.20959
182,404,23.893625,38.208888
182,405,23.887904,38.210048
182,406,23.885114,38.210677
182,407,23.882314,38.212226
182,408,23.880184,38.214076
182,409,23.878754,38.215816
182,410,23.877773,38.216166
182,411,23.877413,38.216018
182,412,23.876863,38.215507
182,413,23.876064,38.214835
182,414,23.875975,38.214786
182,415,23.875055,38.214137
182,416,23.875796,38.214026
182,417,23.875645,38.213977
182,418,23.875814,38.213996
182,419,23.875605,38.214015
182,420,23.875546,38.213935
182,421,23.875355,38.213947
