183,1,23.875152,38.214256
183,2,23.873302,38.213825
183,3,23.873093,38.210933
183,4,23.869763,38.208374
183,5,23.865661,38.206565
183,6,23.861002,38.205336
183,7,23.857052,38.202796
183,8,23.856762,38.200126
183,9,23.853132,38.197605
183,10,23.853902,38.192295
183,11,23.853813,38.188582
183,12,23.851084,38.188755
183,13,23.852083,38.184894
183,14,23.853273,38.179583
183,15,23.854494,38.173884
183,16,23.855864,38.168826
183,17,23.856014,38.163867
183,18,23.855364,38.158386
183,19,23.855074,38.154075
183,20,23.852573,38.150424
183,21,23.848734,38.146316
183,22,23.844633,38.141784
183,23,23.842123,38.139183
183,24,23.843212,38.139941
183,25,23.845031,38.138461
183,26,23.841701,38.13594
183,27,23.839811,38.13198
183,28,23.840622,38.131728
183,29,23.840782,38.131038
183,30,23.840992,38.130939
183,31,23.840962,38.131098
183,32,23.840942,38.13111
183,33,23.840752,38.131301
183,34,23.840751,38.131339
183,35,23.840572,38.131801
183,36,23.840332,38.131511
183,37,23.840313,38.131511
183,38,23.840232,38.131313
183,39,23.839814,38.130771
183,40,23.839564,38.130741
183,41,23.838564,38.12947
183,42,23.836474,38.125221
183,43,23.832644,38.12057
183,44,23.828583,38.116439
183,45,23.824823,38.112709
183,46,23.820793,38.10889
183,47,23.817333,38.104888
183,48,23.815953,38.102638
183,49,23.815953,38.102626
183,50,23.813793,38.101947
183,51,23.810524,38.098525
183,52,23.809874,38.096335
183,53,23.808874,38.095767
183,54,23.805315,38.094249
183,55,23.802355,38.092917
183,56,23.800294,38.092376
183,57,23.798284,38.092246
183,58,23.796684,38.092166
183,59,23.797073,38.092128
183,60,23.796423,38.092158
183,61,23.795652,38.092121
183,62,23.795662,38.092059
183,63,23.795492,38.091869
183,64,23.795492,38.091869
183,65,23.795502,38.091857
183,66,23.795453,38.091819
183,67,23.795902,38.091659
183,68,23.795803,38.091541
183,69,23.795852,38.091681
183,70,23.795473,38.091873
183,71,23.795414,38.091823
183,72,23.795975,38.091854
183,73,23.796046,38.092261
183,74,23.796065,38.093112
183,75,23.797165,38.094043
183,76,23.797726,38.094932
183,77,23.798046,38.095611
183,78,23.797646,38.095832
183,79,23.797655,38.09587
183,80,23.797415,38.095969
183,81,23.797045,38.096648
183,82,23.798535,38.0974
183,83,23.801174,38.098411
183,84,23.804403,38.099681
183,85,23.806633,38.099193
183,86,23.808773,38.098224
183,87,23.810323,38.098495
183,88,23.811193,38.099395
183,89,23.814233,38.101936
183,90,23.815153,38.102226
183,91,23.817053,38.104114
183,92,23.819753,38.107745
183,93,23.823074,38.110915
183,94,23.826344,38.114066
183,95,23.829403,38.117137
183,96,23.833702,38.121448
183,97,23.836872,38.125876
183,98,23.838583,38.129447
183,99,23.839662,38.131648
183,100,23.840763,38.131229
183,101,23.841123,38.130809
183,102,23.840923,38.130729
183,103,23.840982,38.130729
183,104,23.840862,38.130821
183,105,23.840813,38.130901
183,106,23.840723,38.131251
183,107,23.840473,38.13143
183,108,23.840344,38.131541
