184,1,23.840636,38.131591
184,2,23.840284,38.131602
184,3,23.840185,38.131571
184,4,23.840145,38.131583
184,5,23.840096,38.131072
184,6,23.839306,38.130851
184,7,23.838254,38.12902
184,8,23.836605,38.125518
184,9,23.833376,38.121318
184,10,23.829396,38.117289
184,11,23.826235,38.114138
184,12,23.822754,38.110798
184,13,23.819143,38.107337
184,14,23.816733,38.103546
184,15,23.816072,38.102687
184,16,23.816131,38.101886
184,17,23.818802,38.100917
184,18,23.821713,38.099708
184,19,23.824392,38.098376
184,20,23.824392,38.098365
184,21,23.824441,38.098174
184,22,23.823751,38.095424
184,23,23.821312,38.091556
184,24,23.820102,38.090537
184,25,23.819483,38.089916
184,26,23.817493,38.088134
184,27,23.818823,38.086136
184,28,23.819292,38.082187
184,29,23.820602,38.077827
184,30,23.821133,38.075527
184,31,23.821033,38.074047
184,32,23.820904,38.069937
184,33,23.821024,38.067127
184,34,23.822574,38.066676
184,35,23.826324,38.066455
184,36,23.825815,38.063987
184,37,23.825085,38.061568
184,38,23.822504,38.05968
184,39,23.819794,38.057799
184,40,23.818403,38.056419
184,41,23.819173,38.054618
184,42,23.816713,38.052928
184,43,23.815424,38.052928
184,44,23.814354,38.051997
184,45,23.815153,38.050228
184,46,23.817123,38.047686
184,47,23.818523,38.045467
184,48,23.816233,38.044616
184,49,23.814851,38.043315
184,50,23.815163,38.042506
184,51,23.815903,38.041526
184,52,23.815132,38.040557
184,53,23.815102,38.040488
184,54,23.814972,38.040599
184,55,23.814692,38.0409
184,56,23.814741,38.041
184,57,23.814811,38.041111
184,58,23.814861,38.041149
184,59,23.81496,38.041229
184,60,23.814951,38.04119
184,61,23.815161,38.041469
184,62,23.815142,38.041507
184,63,23.815031,38.041427
184,64,23.81509,38.041255
184,65,23.81502,38.041446
184,66,23.815079,38.041476
184,67,23.815569,38.041397
184,68,23.815809,38.041396
184,69,23.815769,38.041377
184,70,23.815828,38.041408
184,71,23.815899,38.042037
184,72,23.813329,38.043506
184,73,23.810729,38.044467
184,74,23.80811,38.045275
184,75,23.806069,38.045146
184,76,23.803059,38.041698
184,77,23.800129,38.037918
184,78,23.796759,38.035129
184,79,23.794279,38.03265
184,80,23.79205,38.03337
184,81,23.787799,38.034202
184,82,23.786749,38.034442
184,83,23.782829,38.035712
184,84,23.780249,38.038013
184,85,23.777359,38.039954
184,86,23.777239,38.040023
184,87,23.775929,38.039905
184,88,23.773659,38.037357
184,89,23.771908,38.037547
184,90,23.768988,38.039107
184,91,23.766128,38.04068
184,92,23.764368,38.041439
184,93,23.761978,38.042048
184,94,23.759848,38.043727
184,95,23.758497,38.045645
184,96,23.758408,38.045696
184,97,23.757917,38.046256
184,98,23.755287,38.047835
184,99,23.751467,38.049197
184,100,23.749576,38.049468
184,101,23.748276,38.049468
184,102,23.746355,38.048556
184,103,23.744684,38.048595
184,104,23.743484,38.047244
184,105,23.741875,38.046294
184,106,23.740824,38.045894
184,107,23.740774,38.045864
184,108,23.740684,38.045894
184,109,23.740334,38.046226
184,110,23.739624,38.046847
184,111,23.741153,38.048259
184,112,23.742813,38.049438
184,113,23.743543,38.050559
184,114,23.745002,38.052749
184,115,23.746053,38.055678
184,116,23.748024,38.059428
184,117,23.750774,38.063617
184,118,23.754894,38.066577
184,119,23.760074,38.068679
184,120,23.765104,38.07072
184,121,23.770103,38.072711
184,122,23.775102,38.074721
184,123,23.779623,38.07722
184,124,23.782932,38.080741
184,125,23.785843,38.084522
184,126,23.788594,38.088092
184,127,23.790903,38.091113
184,128,23.791053,38.091274
184,129,23.792525,38.093185
184,130,23.795373,38.096125
184,131,23.799574,38.097988
184,132,23.804125,38.099738
184,133,23.808904,38.101626
184,134,23.814036,38.103458
184,135,23.815425,38.103286
184,136,23.815657,38.102825
184,137,23.815657,38.102825
184,138,23.815956,38.102553
184,139,23.817297,38.104743
184,140,23.819887,38.107993
184,141,23.823307,38.111225
184,142,23.826747,38.114566
184,143,23.830408,38.118117
184,144,23.834568,38.122367
184,145,23.837028,38.126266
184,146,23.838647,38.129768
184,147,23.840128,38.131919
184,148,23.840547,38.13185
184,149,23.840698,38.131041
184,150,23.840889,38.130973
184,151,23.840879,38.130832
184,152,23.84103,38.13095
184,153,23.84103,38.130939
184,154,23.840879,38.131289
184,155,23.84062,38.131778
184,156,23.84036,38.131667
184,157,23.84003,38.131366
