185,1,23.840528,38.131804
185,2,23.839859,38.131915
185,3,23.83931,38.131065
185,4,23.83726,38.126803
185,5,23.834469,38.122283
185,6,23.830278,38.118022
185,7,23.827139,38.114944
185,8,23.824358,38.112174
185,9,23.820279,38.108332
185,10,23.817037,38.104095
185,11,23.815977,38.102565
185,12,23.815977,38.102565
185,13,23.816577,38.101425
185,14,23.819029,38.100745
185,15,23.820419,38.100283
185,16,23.82346,38.098804
185,17,23.824338,38.097805
185,18,23.82313,38.094234
185,19,23.820059,38.090583
185,20,23.818918,38.089412
185,21,23.817818,38.087871
185,22,23.818657,38.085109
185,23,23.819456,38.081107
185,24,23.820397,38.078246
185,25,23.820865,38.076816
185,26,23.821066,38.075824
185,27,23.820927,38.073604
185,28,23.820856,38.069923
185,29,23.820856,38.066851
185,30,23.823566,38.066654
185,31,23.826557,38.065784
185,32,23.829147,38.063896
185,33,23.834596,38.061237
185,34,23.836136,38.060749
185,35,23.836095,38.060157
185,36,23.835696,38.058998
185,37,23.835696,38.058967
185,38,23.837805,38.058616
185,39,23.838595,38.055655
185,40,23.839054,38.053874
185,41,23.838684,38.051544
185,42,23.839655,38.049514
185,43,23.839674,38.049396
185,44,23.839655,38.047306
185,45,23.839374,38.046897
185,46,23.839365,38.046886
185,47,23.839424,38.046627
185,48,23.842554,38.044605
185,49,23.846883,38.042186
185,50,23.847365,38.041915
185,51,23.850145,38.039855
185,52,23.853325,38.036495
185,53,23.856585,38.034076
185,54,23.857004,38.033645
185,55,23.856504,38.032264
185,56,23.858204,38.031284
185,57,23.859144,38.029533
185,58,23.859314,38.026401
185,59,23.859554,38.02468
185,60,23.859554,38.02468
185,61,23.859654,38.0232
185,62,23.860163,38.02045
185,63,23.860123,38.01633
185,64,23.860023,38.012462
185,65,23.858013,38.011993
185,66,23.857344,38.009982
185,67,23.858173,38.008873
185,68,23.857602,38.008182
185,69,23.858032,38.007613
185,70,23.860212,38.007224
185,71,23.864563,38.006446
185,72,23.869624,38.005527
185,73,23.872713,38.004966
185,74,23.874622,38.004726
185,75,23.876583,38.005614
185,76,23.877233,38.006434
185,77,23.878013,38.007323
185,78,23.878393,38.007644
185,79,23.878424,38.007655
185,80,23.878543,38.007686
185,81,23.878704,38.007827
185,82,23.878895,38.007827
185,83,23.879015,38.008178
185,84,23.879024,38.008216
185,85,23.878855,38.008308
185,86,23.878886,38.008049
185,87,23.878746,38.007888
185,88,23.878426,38.007747
185,89,23.878546,38.007655
185,90,23.878956,38.008105
185,91,23.879067,38.008247
185,92,23.879106,38.008297
185,93,23.878847,38.008296
185,94,23.878946,38.008056
185,95,23.878536,38.007575
185,96,23.878518,38.007537
185,97,23.878487,38.007525
185,98,23.878176,38.007377
185,99,23.877266,38.006416
185,100,23.876356,38.005664
185,101,23.874487,38.004535
185,102,23.875628,38.004116
185,103,23.876318,38.003974
185,104,23.877447,38.003814
185,105,23.878946,38.003825
185,106,23.880457,38.003806
185,107,23.880676,38.003158
185,108,23.880186,37.999549
185,109,23.880806,37.995731
185,110,23.881756,37.992511
185,111,23.882666,37.98907
185,112,23.882996,37.987891
185,113,23.884285,37.98714
185,114,23.888935,37.984549
185,115,23.893505,37.981471
185,116,23.898134,37.978499
185,117,23.902294,37.975818
185,118,23.902905,37.975268
185,119,23.902905,37.975231
185,120,23.903025,37.975101
185,121,23.904425,37.973472
185,122,23.905565,37.970531
185,123,23.905954,37.96817
185,124,23.909405,37.968071
185,125,23.911624,37.970352
185,126,23.912475,37.973892
185,127,23.914005,37.976901
185,128,23.915945,37.979781
185,129,23.918794,37.981403
185,130,23.921465,37.981212
185,131,23.922674,37.981662
185,132,23.923815,37.982173
185,133,23.924284,37.982875
185,134,23.924614,37.983306
185,135,23.924725,37.983478
185,136,23.924715,37.983458
185,137,23.924854,37.983539
185,138,23.924684,37.983878
185,139,23.924595,37.984408
185,140,23.925075,37.984798
185,141,23.925955,37.984889
185,142,23.926004,37.9849
185,143,23.925985,37.984889
185,144,23.925786,37.984901
185,145,23.925786,37.984901
185,146,23.925856,37.984912
185,147,23.926996,37.984771
185,148,23.927146,37.984809
185,149,23.926037,37.98495
185,150,23.925938,37.984951
185,151,23.925778,37.984821
185,152,23.925778,37.984752
185,153,23.926206,37.984451
185,154,23.926226,37.984389
185,155,23.926256,37.984389
185,156,23.926076,37.98455
185,157,23.925766,37.984759
185,158,23.925985,37.9849
185,159,23.926026,37.984881
185,160,23.926055,37.984862
185,161,23.926046,37.984851
185,162,23.926765,37.98482
185,163,23.926725,37.984858
185,164,23.926796,37.984778
185,165,23.926787,37.984817
185,166,23.926897,37.984645
185,167,23.926887,37.984614
185,168,23.926869,37.984626
185,169,23.926779,37.984817
185,170,23.926038,37.984958
185,171,23.926009,37.984958
185,172,23.924987,37.984748
185,173,23.924796,37.984416
185,174,23.924537,37.984225
185,175,23.924689,37.983905
185,176,23.924787,37.983516
185,177,23.924226,37.982806
185,178,23.924036,37.982375
185,179,23.924026,37.982524
185,180,23.924036,37.982425
185,181,23.924055,37.982425
185,182,23.924055,37.982345
185,183,23.923485,37.982036
185,184,23.922525,37.981627
185,185,23.921335,37.981258
185,186,23.918945,37.981479
185,187,23.916115,37.97998
185,188,23.914605,37.977721
185,189,23.912794,37.975001
185,190,23.912254,37.971572
185,191,23.910095,37.968551
185,192,23.909784,37.968261
185,193,23.906845,37.968482
185,194,23.905635,37.970741
185,195,23.903986,37.974281
185,196,23.899545,37.977611
185,197,23.894745,37.980689
185,198,23.889825,37.984019
185,199,23.884855,37.986857
185,200,23.882545,37.989669
185,201,23.881506,37.993431
185,202,23.880337,37.997611
185,203,23.880707,38.001742
185,204,23.880817,38.003501
185,205,23.880808,38.003501
185,206,23.879288,38.00378
185,207,23.874699,38.00431
185,208,23.870819,38.005359
185,209,23.86759,38.00595
185,210,23.86668,38.006122
185,211,23.86244,38.00698
185,212,23.86076,38.00812
185,213,23.86121,38.01113
185,214,23.86033,38.013232
185,215,23.860312,38.016433
185,216,23.860491,38.019744
185,217,23.8603,38.020885
185,218,23.859671,38.023963
185,219,23.8593,38.027503
185,220,23.859121,38.030883
185,221,23.856633,38.031814
185,222,23.856533,38.032165
185,223,23.856292,38.034465
185,224,23.852752,38.037254
185,225,23.849672,38.040492
185,226,23.847822,38.041843
185,227,23.846002,38.042762
185,228,23.843483,38.044281
185,229,23.840652,38.045791
185,230,23.839913,38.047802
185,231,23.839533,38.05112
185,232,23.838904,38.051559
185,233,23.839233,38.052039
185,234,23.841943,38.053637
185,235,23.841444,38.054748
185,236,23.838514,38.057147
185,237,23.836803,38.058806
185,238,23.836122,38.059966
185,239,23.834522,38.061248
185,240,23.829373,38.063789
185,241,23.826502,38.065429
185,242,23.824923,38.066459
185,243,23.821012,38.06668
185,244,23.820982,38.069331
185,245,23.821102,38.073821
185,246,23.821182,38.076159
185,247,23.820661,38.077781
185,248,23.820061,38.079513
185,249,23.81904,38.083201
185,250,23.81873,38.086581
185,251,23.81752,38.08805
185,252,23.819151,38.089301
185,253,23.8215,38.09138
185,254,23.824001,38.09576
185,255,23.823791,38.098659
185,256,23.819702,38.100509
185,257,23.816272,38.101711
185,258,23.817574,38.10525
185,259,23.821154,38.109092
185,260,23.824984,38.11275
185,261,23.828743,38.11652
185,262,23.832924,38.12075
185,263,23.836654,38.125541
185,264,23.838616,38.12966
185,265,23.840385,38.131881
185,266,23.840405,38.131801
185,267,23.840334,38.13177
185,268,23.840343,38.131801
