186,1,23.840306,38.13166
186,2,23.840306,38.13166
186,3,23.840676,38.131099
186,4,23.840796,38.130958
186,5,23.840925,38.130878
186,6,23.840796,38.131347
186,7,23.840366,38.131606
186,8,23.839456,38.130836
186,9,23.838016,38.128456
186,10,23.835417,38.123366
186,11,23.831207,38.119006
186,12,23.828848,38.117267
186,13,23.825597,38.114196
186,14,23.823618,38.113276
186,15,23.821777,38.110358
186,16,23.817137,38.105888
186,17,23.810306,38.102488
186,18,23.803226,38.09967
186,19,23.796257,38.096938
186,20,23.791857,38.092739
186,21,23.788246,38.088057
186,22,23.784246,38.082847
186,23,23.780576,38.078715
186,24,23.779836,38.077205
186,25,23.781447,38.078617
186,26,23.783497,38.081237
186,27,23.785606,38.083999
186,28,23.786086,38.084381
186,29,23.786157,38.08438
186,30,23.786388,38.084461
186,31,23.786638,38.084571
186,32,23.786638,38.084583
186,33,23.786928,38.084674
186,34,23.787199,38.084742
186,35,23.787199,38.084914
186,36,23.786549,38.085086
186,37,23.787669,38.086524
186,38,23.787129,38.086673
186,39,23.785799,38.084811
186,40,23.783649,38.081871
186,41,23.780979,38.07854
186,42,23.777399,38.075831
186,43,23.772888,38.073901
186,44,23.768259,38.072021
186,45,23.763578,38.070201
186,46,23.759079,38.06834
186,47,23.754438,38.066509
186,48,23.750689,38.063857
186,49,23.747928,38.059676
186,50,23.745788,38.055617
186,51,23.744198,38.051677
186,52,23.741028,38.048537
186,53,23.737648,38.045436
186,54,23.734367,38.042014
186,55,23.733448,38.038086
186,56,23.732908,38.037147
186,57,23.733559,38.037368
186,58,23.734079,38.03894
186,59,23.734509,38.041858
186,60,23.736719,38.044478
186,61,23.739029,38.046359
186,62,23.740379,38.046107
186,63,23.740589,38.045776
186,64,23.740589,38.045757
186,65,23.74054,38.045707
186,66,23.740539,38.045817
186,67,23.740959,38.045897
186,68,23.741799,38.045489
186,69,23.743648,38.04462
186,70,23.745199,38.04642
186,71,23.746238,38.047648
186,72,23.74734,38.04821
186,73,23.748739,38.048289
186,74,23.74885,38.04819
186,75,23.749969,38.048419
186,76,23.749479,38.049838
186,77,23.749679,38.050727
186,78,23.751049,38.052009
186,79,23.752669,38.054401
186,80,23.754698,38.057342
186,81,23.756378,38.060123
186,82,23.757609,38.063063
186,83,23.757867,38.063415
186,84,23.759258,38.065166
186,85,23.760118,38.067737
186,86,23.762708,38.069656
186,87,23.767578,38.071624
186,88,23.773138,38.073856
186,89,23.778389,38.076175
186,90,23.780949,38.078036
186,91,23.782897,38.080436
186,92,23.784878,38.083056
186,93,23.786617,38.085196
186,94,23.787638,38.086997
186,95,23.787998,38.087848
186,96,23.789839,38.090347
186,97,23.790739,38.091918
186,98,23.79163,38.092559
186,99,23.79352,38.094969
186,100,23.796141,38.096938
186,101,23.800439,38.098617
186,102,23.80489,38.100349
186,103,23.8085,38.101829
186,104,23.81266,38.10374
186,105,23.814439,38.105361
186,106,23.817048,38.106002
186,107,23.820059,38.108791
186,108,23.823248,38.111922
186,109,23.825467,38.1141
186,110,23.828179,38.116641
186,111,23.830568,38.118861
186,112,23.831958,38.120052
186,113,23.8347,38.12268
186,114,23.836929,38.126258
186,115,23.838548,38.12968
186,116,23.840158,38.131938
186,117,23.840689,38.131149
186,118,23.840759,38.131068
186,119,23.840929,38.13087
186,120,23.840978,38.130859
186,121,23.840928,38.130741
186,122,23.840999,38.13082
186,123,23.840999,38.13082
186,124,23.84107,38.131091
186,125,23.84062,38.131762
186,126,23.84038,38.131751
186,127,23.840559,38.131461
