188,1,23.840227,38.131293
188,2,23.839956,38.130752
188,3,23.839726,38.130721
188,4,23.839645,38.130702
188,5,23.839325,38.130721
188,6,23.838594,38.129493
188,7,23.836405,38.124984
188,8,23.832395,38.120215
188,9,23.829735,38.118194
188,10,23.827085,38.115432
188,11,23.823446,38.113551
188,12,23.820958,38.109641
188,13,23.816406,38.105571
188,14,23.814287,38.105979
188,15,23.810648,38.105979
188,16,23.809608,38.107699
188,17,23.807928,38.106819
188,18,23.806877,38.105628
188,19,23.805338,38.107009
188,20,23.802399,38.106948
188,21,23.799028,38.106139
188,22,23.795889,38.10638
188,23,23.79262,38.106749
188,24,23.7898,38.105548
188,25,23.788631,38.105468
188,26,23.787491,38.105098
188,27,23.784111,38.102718
188,28,23.779982,38.100658
188,29,23.778711,38.100406
188,30,23.776351,38.100604
188,31,23.774212,38.100196
188,32,23.770322,38.100997
188,33,23.767041,38.101958
188,34,23.767863,38.103027
188,35,23.768202,38.103538
188,36,23.768102,38.104507
188,37,23.768003,38.104526
188,38,23.767985,38.104537
188,39,23.767485,38.104628
188,40,23.767105,38.104839
188,41,23.767136,38.105247
188,42,23.767175,38.105507
188,43,23.767265,38.105994
188,44,23.766976,38.106166
188,45,23.766905,38.106204
188,46,23.766454,38.106265
188,47,23.766424,38.106174
188,48,23.766575,38.106243
188,49,23.766186,38.106342
188,50,23.765846,38.10604
188,51,23.765756,38.105529
188,52,23.765686,38.105048
188,53,23.765957,38.104689
188,54,23.766416,38.10459
188,55,23.766476,38.10451
188,56,23.766725,38.104511
188,57,23.767466,38.104442
188,58,23.767975,38.104411
188,59,23.767805,38.104423
188,60,23.767926,38.104411
188,61,23.768764,38.104361
188,62,23.769714,38.104472
188,63,23.769955,38.105163
188,64,23.770054,38.105873
188,65,23.770035,38.106414
188,66,23.770025,38.106433
188,67,23.769664,38.106502
188,68,23.769215,38.10654
188,69,23.768604,38.107081
188,70,23.767645,38.107371
188,71,23.766945,38.107883
188,72,23.766584,38.107734
188,73,23.766584,38.107734
188,74,23.766634,38.107714
188,75,23.766615,38.107704
188,76,23.766204,38.107723
188,77,23.766014,38.106582
188,78,23.765194,38.10649
188,79,23.763945,38.10654
188,80,23.763725,38.105838
188,81,23.763555,38.10577
188,82,23.763537,38.105739
188,83,23.762276,38.105548
188,84,23.759706,38.105308
188,85,23.759117,38.104709
188,86,23.759086,38.104659
188,87,23.759056,38.104629
188,88,23.758285,38.103408
188,89,23.756457,38.100738
188,90,23.754816,38.098358
188,91,23.752936,38.095706
188,92,23.752177,38.094516
188,93,23.752766,38.093906
188,94,23.755975,38.091544
188,95,23.758686,38.089984
188,96,23.762056,38.091163
188,97,23.767316,38.091854
188,98,23.770175,38.092242
188,99,23.773805,38.09265
188,100,23.773825,38.09265
188,101,23.775125,38.092021
188,102,23.779665,38.091453
188,103,23.784176,38.090724
188,104,23.787867,38.091384
188,105,23.789597,38.091323
188,106,23.789656,38.091354
188,107,23.790096,38.091735
188,108,23.790676,38.091975
188,109,23.790676,38.091975
188,110,23.791176,38.091777
188,111,23.794306,38.091766
188,112,23.796946,38.090876
188,113,23.799595,38.087596
188,114,23.800095,38.086986
188,115,23.802244,38.087134
188,116,23.806385,38.087325
188,117,23.808525,38.087436
188,118,23.809145,38.087455
188,119,23.809155,38.087443
188,120,23.809965,38.087535
188,121,23.813375,38.088245
188,122,23.815895,38.088417
188,123,23.816485,38.088306
188,124,23.816605,38.088245
188,125,23.816855,38.088153
188,126,23.817105,38.088053
188,127,23.818704,38.086265
188,128,23.819254,38.082053
188,129,23.820623,38.077552
188,130,23.821083,38.075381
188,131,23.821064,38.07479
188,132,23.820753,38.070601
188,133,23.820972,38.067099
188,134,23.822381,38.066619
188,135,23.826193,38.066429
188,136,23.827183,38.064277
188,137,23.831623,38.062667
188,138,23.835583,38.060867
188,139,23.835983,38.059806
188,140,23.835833,38.059306
188,141,23.837343,38.058986
188,142,23.838404,38.056606
188,143,23.839153,38.053374
188,144,23.839083,38.051456
188,145,23.839683,38.049575
188,146,23.839723,38.048854
188,147,23.839335,38.046832
188,148,23.839335,38.046832
188,149,23.839745,38.046394
188,150,23.843275,38.044303
188,151,23.847666,38.041835
188,152,23.851566,38.038413
188,153,23.855526,38.034873
188,154,23.857046,38.033672
188,155,23.855995,38.03157
188,156,23.852526,38.028899
188,157,23.850775,38.026667
188,158,23.850245,38.026286
188,159,23.848634,38.023665
188,160,23.847044,38.021156
188,161,23.847574,38.020904
188,162,23.847574,38.020904
188,163,23.847754,38.020866
188,164,23.849574,38.020656
188,165,23.850202,38.021285
188,166,23.850843,38.021495
188,167,23.851392,38.021534
188,168,23.851392,38.021552
188,169,23.851531,38.021553
188,170,23.852093,38.021541
188,171,23.852392,38.02148
188,172,23.852392,38.021449
188,173,23.852811,38.021369
188,174,23.855022,38.021018
188,175,23.855763,38.02095
188,176,23.856073,38.02087
188,177,23.856073,38.02087
188,178,23.855814,38.020931
188,179,23.855844,38.020869
188,180,23.856125,38.02087
188,181,23.856125,38.02093
188,182,23.855444,38.020992
188,183,23.853893,38.021213
188,184,23.852774,38.021354
188,185,23.852394,38.021483
188,186,23.852394,38.021403
188,187,23.851694,38.021545
188,188,23.851213,38.021583
188,189,23.851183,38.021613
188,190,23.851063,38.021613
188,191,23.851063,38.021613
188,192,23.850493,38.021415
188,193,23.850372,38.020915
188,194,23.848723,38.020663
188,195,23.847042,38.021175
188,196,23.847992,38.022445
188,197,23.849201,38.024715
188,198,23.851591,38.027607
188,199,23.854861,38.030074
188,200,23.85627,38.031794
188,201,23.85701,38.033103
188,202,23.85561,38.034805
188,203,23.85218,38.037784
188,204,23.849109,38.040934
188,205,23.844549,38.043617
188,206,23.840518,38.045905
188,207,23.839788,38.047385
188,208,23.839808,38.048786
188,209,23.839696,38.049724
188,210,23.839607,38.050525
188,211,23.839518,38.051066
188,212,23.839188,38.051467
188,213,23.839577,38.052326
188,214,23.842395,38.054026
188,215,23.840706,38.055236
188,216,23.838386,38.057376
188,217,23.837487,38.058875
188,218,23.836397,38.058826
188,219,23.836017,38.059527
188,220,23.835998,38.060786
188,221,23.832298,38.062358
188,222,23.828289,38.064128
188,223,23.8266,38.065608
188,224,23.825649,38.066467
188,225,23.821499,38.066677
188,226,23.82108,38.068458
188,227,23.820879,38.072028
188,228,23.82112,38.074008
188,229,23.82116,38.075446
188,230,23.820731,38.077438
188,231,23.820631,38.077769
188,232,23.819752,38.080372
188,233,23.818811,38.083701
188,234,23.81849,38.086982
188,235,23.818161,38.087703
188,236,23.817841,38.087864
188,237,23.817821,38.087874
188,238,23.817611,38.087955
188,239,23.817571,38.087955
188,240,23.816113,38.088416
188,241,23.813103,38.088275
188,242,23.810642,38.089785
188,243,23.808822,38.091517
188,244,23.809523,38.094928
188,245,23.810263,38.097499
188,246,23.812104,38.100299
188,247,23.815113,38.10221
188,248,23.815832,38.10245
188,249,23.817562,38.1053
188,250,23.820963,38.108939
188,251,23.824863,38.112598
188,252,23.828274,38.116008
188,253,23.832033,38.119769
188,254,23.836134,38.1244
188,255,23.838193,38.12876
188,256,23.839763,38.131862
188,257,23.840173,38.131671
188,258,23.840103,38.131591
