189,1,23.84061,38.131705
189,2,23.8407,38.131225
189,3,23.84085,38.130946
189,4,23.84099,38.130958
189,5,23.84107,38.130878
189,6,23.841129,38.130916
189,7,23.840969,38.131168
189,8,23.841099,38.131198
189,9,23.841098,38.131317
189,10,23.840809,38.131706
189,11,23.840488,38.131675
189,12,23.840368,38.131674
189,13,23.839878,38.131996
189,14,23.840368,38.133106
189,15,23.841679,38.135727
189,16,23.843819,38.138167
189,17,23.845409,38.138889
189,18,23.845468,38.139167
189,19,23.848099,38.139427
189,20,23.852808,38.139495
189,21,23.855278,38.137657
189,22,23.856158,38.137016
189,23,23.856198,38.137015
189,24,23.856318,38.136985
189,25,23.855897,38.137065
189,26,23.855438,38.137553
189,27,23.854198,38.138942
189,28,23.850428,38.139491
189,29,23.846178,38.139392
189,30,23.845807,38.139392
189,31,23.845457,38.139373
189,32,23.842887,38.137782
189,33,23.840557,38.133502
189,34,23.838457,38.129272
189,35,23.836407,38.12498
189,36,23.832648,38.120502
189,37,23.828906,38.11671
189,38,23.825968,38.11378
189,39,23.822348,38.110332
189,40,23.818838,38.106971
189,41,23.816679,38.10332
189,42,23.816129,38.102671
189,43,23.81596,38.102611
189,44,23.81594,38.102599
189,45,23.815931,38.102168
189,46,23.816041,38.101866
189,47,23.816012,38.101856
189,48,23.81817,38.101078
189,49,23.81899,38.100788
189,50,23.82086,38.100108
189,51,23.82354,38.0988
189,52,23.82382,38.098651
189,53,23.82382,38.098651
189,54,23.8242,38.098472
189,55,23.824258,38.098422
189,56,23.82429,38.097721
189,57,23.823299,38.094569
189,58,23.821548,38.0918
189,59,23.820158,38.09061
189,60,23.819578,38.08995
189,61,23.819387,38.08974
189,62,23.817698,38.088328
189,63,23.817547,38.088138
189,64,23.818366,38.087348
189,65,23.818688,38.084128
189,66,23.819637,38.080558
189,67,23.820346,38.078327
189,68,23.821007,38.076476
189,69,23.821047,38.075965
189,70,23.821027,38.074535
189,71,23.820877,38.073173
189,72,23.820868,38.069843
189,73,23.821047,38.067923
189,74,23.820966,38.067234
189,75,23.820908,38.067005
189,76,23.821627,38.066696
189,77,23.824248,38.066546
189,78,23.826428,38.065528
189,79,23.828099,38.064117
189,80,23.832227,38.062346
189,81,23.835808,38.060828
189,82,23.836089,38.060157
189,83,23.835848,38.059058
189,84,23.835777,38.058947
189,85,23.837107,38.058856
189,86,23.838377,38.056716
189,87,23.839127,38.053867
189,88,23.838806,38.051986
189,89,23.838676,38.051795
189,90,23.839657,38.049956
189,91,23.839697,38.049636
189,92,23.839796,38.047446
189,93,23.839555,38.047065
189,94,23.839546,38.047065
189,95,23.839367,38.046664
189,96,23.840366,38.046653
189,97,23.842306,38.047172
189,98,23.843965,38.046901
189,99,23.844736,38.046543
189,100,23.845226,38.04658
189,101,23.844956,38.046802
189,102,23.844955,38.046851
189,103,23.844965,38.046851
189,104,23.844844,38.047191
189,105,23.844574,38.047419
189,106,23.844774,38.047339
189,107,23.844833,38.04713
189,108,23.844852,38.047092
189,109,23.844853,38.046962
189,110,23.844833,38.046893
189,111,23.844883,38.046721
189,112,23.844254,38.045742
189,113,23.843613,38.044731
189,114,23.843483,38.044539
189,115,23.843483,38.044219
189,116,23.844963,38.043307
189,117,23.846693,38.042297
189,118,23.848852,38.041046
189,119,23.851263,38.038764
189,120,23.854213,38.035895
189,121,23.856875,38.033866
189,122,23.857034,38.033378
189,123,23.855274,38.030669
189,124,23.852614,38.028937
189,125,23.851972,38.028289
189,126,23.851972,38.028308
189,127,23.851963,38.028209
189,128,23.850453,38.026408
189,129,23.849522,38.025237
189,130,23.848911,38.024195
189,131,23.847252,38.021434
189,132,23.847862,38.020823
189,133,23.849772,38.020664
189,134,23.850292,38.021323
189,135,23.850993,38.021514
189,136,23.851072,38.021514
189,137,23.851072,38.021514
189,138,23.851263,38.021503
189,139,23.851282,38.021503
189,140,23.851602,38.021533
189,141,23.852303,38.021423
189,142,23.853052,38.021362
189,143,23.855673,38.021011
189,144,23.855972,38.020961
189,145,23.856913,38.020782
189,146,23.856902,38.020781
189,147,23.856342,38.020893
189,148,23.856022,38.02093
189,149,23.855972,38.020991
189,150,23.856502,38.020881
189,151,23.856582,38.020862
189,152,23.856623,38.020873
189,153,23.855562,38.020954
189,154,23.853653,38.021225
189,155,23.852592,38.021385
189,156,23.851952,38.021434
189,157,23.851902,38.021595
189,158,23.850632,38.021754
189,159,23.849411,38.021983
189,160,23.848201,38.021984
189,161,23.848152,38.021984
189,162,23.848082,38.021953
189,163,23.847862,38.021781
189,164,23.847803,38.021812
189,165,23.847994,38.022002
189,166,23.849083,38.022063
189,167,23.850332,38.021904
189,168,23.851992,38.021633
189,169,23.853161,38.021343
189,170,23.855621,38.020984
189,171,23.857003,38.020804
189,172,23.857092,38.020755
189,173,23.856703,38.020816
189,174,23.855882,38.020946
189,175,23.854902,38.021038
189,176,23.853302,38.021266
189,177,23.852612,38.021376
189,178,23.852402,38.021487
189,179,23.8518,38.021518
189,180,23.851421,38.021598
189,181,23.851403,38.021598
189,182,23.851022,38.02156
189,183,23.851022,38.02156
189,184,23.850394,38.02135
189,185,23.850013,38.02074
189,186,23.848394,38.02072
189,187,23.848375,38.020732
189,188,23.847086,38.021102
189,189,23.847666,38.021952
189,190,23.848785,38.023864
189,191,23.849765,38.025603
189,192,23.850426,38.026343
189,193,23.852396,38.028812
189,194,23.855705,38.031203
189,195,23.856355,38.032023
189,196,23.857106,38.033462
189,197,23.854866,38.035472
189,198,23.851835,38.038154
189,199,23.849004,38.041015
189,200,23.847854,38.041793
189,201,23.847174,38.042163
189,202,23.843643,38.044162
189,203,23.840143,38.046184
189,204,23.839483,38.046714
189,205,23.839844,38.048866
189,206,23.839813,38.049075
189,207,23.839453,38.051165
189,208,23.839623,38.052196
189,209,23.842442,38.053954
189,210,23.841362,38.054794
189,211,23.838713,38.056952
189,212,23.837473,38.058784
189,213,23.835903,38.059055
189,214,23.836384,38.060573
189,215,23.833593,38.061641
189,216,23.828264,38.064071
189,217,23.826704,38.065699
189,218,23.825394,38.066401
189,219,23.821284,38.066654
189,220,23.821163,38.067954
189,221,23.820943,38.071975
189,222,23.821174,38.074577
189,223,23.820795,38.077125
189,224,23.820006,38.079616
189,225,23.819176,38.082354
189,226,23.818786,38.085425
189,227,23.818086,38.087554
189,228,23.817667,38.087806
189,229,23.817657,38.087855
189,230,23.817968,38.088527
189,231,23.819849,38.090106
189,232,23.82198,38.092265
189,233,23.82403,38.096133
189,234,23.824529,38.098022
189,235,23.82663,38.10057
189,236,23.830559,38.10353
189,237,23.829899,38.1054
189,238,23.82766,38.107261
189,239,23.82593,38.108779
189,240,23.826269,38.111079
189,241,23.828199,38.1137
189,242,23.82761,38.11497
189,243,23.82963,38.117228
189,244,23.83382,38.121459
189,245,23.83706,38.12617
189,246,23.839061,38.130408
189,247,23.840471,38.131637
189,248,23.84023,38.131636
189,249,23.84028,38.131828
