19,1,23.881207,37.989944
19,2,23.881207,37.990035
19,3,23.881407,37.990256
19,4,23.882106,37.990879
19,5,23.881657,37.992549
19,6,23.880737,37.99591
19,7,23.880126,37.999511
19,8,23.880657,38.002509
19,9,23.880716,38.002781
19,10,23.880747,38.003051
19,11,23.880747,38.003082
19,12,23.880756,38.003242
19,13,23.880757,38.003391
19,14,23.880757,38.00341
19,15,23.880137,38.003711
19,16,23.878197,38.003749
19,17,23.875838,38.00399
19,18,23.874937,38.0042
19,19,23.873666,38.004661
19,20,23.872227,38.005069
19,21,23.869168,38.005661
19,22,23.866188,38.006202
19,23,23.864249,38.006572
19,24,23.861079,38.00722
19,25,23.860798,38.008411
19,26,23.861149,38.011062
19,27,23.860289,38.012683
19,28,23.860239,38.013015
19,29,23.860239,38.013435
19,30,23.859529,38.013416
19,31,23.85927,38.014328
19,32,23.85795,38.014766
19,33,23.85823,38.016376
19,34,23.86014,38.016246
19,35,23.860359,38.017715
19,36,23.86044,38.019744
19,37,23.86043,38.019935
19,38,23.85999,38.022186
19,39,23.858749,38.024005
19,40,23.854509,38.024806
19,41,23.85058,38.026096
19,42,23.850441,38.026145
19,43,23.850182,38.026225
19,44,23.84703,38.027404
19,45,23.84415,38.028754
19,46,23.842611,38.027335
19,47,23.838861,38.028934
19,48,23.837532,38.029533
19,49,23.837523,38.029544
19,50,23.836644,38.028884
19,51,23.835684,38.027584
19,52,23.834105,38.026065
19,53,23.833124,38.024775
19,54,23.832364,38.025157
19,55,23.830614,38.025935
19,56,23.829263,38.027057
19,57,23.827543,38.028777
19,58,23.826323,38.029795
19,59,23.824241,38.031554
19,60,23.823461,38.032756
19,61,23.822642,38.033416
19,62,23.821861,38.033297
19,63,23.822112,38.033076
19,64,23.82213,38.033107
19,65,23.821859,38.033347
19,66,23.821749,38.033309
19,67,23.821699,38.033271
19,68,23.821659,38.033153
19,69,23.822048,38.032962
19,70,23.822147,38.032871
19,71,23.822067,38.032932
19,72,23.822267,38.03276
19,73,23.822878,38.032218
19,74,23.823667,38.032588
19,75,23.823726,38.032527
19,76,23.823737,38.032515
19,77,23.823656,38.032485
19,78,23.824935,38.031074
19,79,23.827106,38.029223
19,80,23.828287,38.028053
19,81,23.829456,38.026962
19,82,23.830076,38.026393
19,83,23.831286,38.025623
19,84,23.832645,38.024943
19,85,23.833636,38.025374
19,86,23.834446,38.026393
19,87,23.835827,38.027812
19,88,23.836127,38.028171
19,89,23.836327,38.02848
19,90,23.838297,38.02777
19,91,23.841248,38.026431
19,92,23.842567,38.02632
19,93,23.844267,38.02587
19,94,23.847837,38.025211
19,95,23.849218,38.024939
19,96,23.850079,38.026069
19,97,23.850378,38.026187
19,98,23.854369,38.024886
19,99,23.859148,38.024036
19,100,23.860078,38.021117
19,101,23.860168,38.016898
19,102,23.860128,38.01303
19,103,23.858228,38.012
19,104,23.857258,38.01007
19,105,23.858078,38.008929
19,106,23.857477,38.008208
19,107,23.857486,38.008171
19,108,23.857437,38.00809
19,109,23.858177,38.007709
19,110,23.861498,38.007148
19,111,23.866338,38.006179
19,112,23.86764,38.00405
19,113,23.866471,38.00106
19,114,23.865401,37.998871
19,115,23.865289,37.998691
19,116,23.867999,37.99718
19,117,23.87187,37.995448
19,118,23.874549,37.992557
19,119,23.875441,37.991946
19,120,23.879671,37.989227
19,121,23.881131,37.989837
19,122,23.881411,37.990016
19,123,23.881441,37.990005
19,124,23.881641,37.990394
19,125,23.881821,37.990493
19,126,23.881821,37.990504
19,127,23.881911,37.990554
19,128,23.881891,37.990554
19,129,23.881791,37.990375
19,130,23.881373,37.990104
19,131,23.881332,37.990104
19,132,23.881363,37.990104
19,133,23.881872,37.990424
19,134,23.882052,37.991306
19,135,23.881312,37.994014
19,136,23.880282,37.997764
19,137,23.880602,38.001163
19,138,23.880692,38.002204
19,139,23.880701,38.002605
19,140,23.88071,38.002617
19,141,23.88076,38.002894
19,142,23.88076,38.002955
19,143,23.880761,38.003184
19,144,23.880779,38.003215
19,145,23.880809,38.003394
19,146,23.880828,38.003524
19,147,23.879509,38.003684
19,148,23.87727,38.003745
19,149,23.876049,38.003997
19,150,23.873859,38.004657
19,151,23.870929,38.005386
19,152,23.8677,38.005977
19,153,23.865931,38.006267
19,154,23.86312,38.006866
19,155,23.86066,38.007396
19,156,23.86103,38.009437
19,157,23.86115,38.012138
19,158,23.860361,38.013259
19,159,23.860352,38.015769
19,160,23.860332,38.01699
19,161,23.860493,38.019199
19,162,23.860172,38.02156
19,163,23.859683,38.024268
19,164,23.859312,38.027549
19,165,23.859112,38.030917
19,166,23.857782,38.031486
19,167,23.857613,38.031536
19,168,23.856633,38.031836
19,169,23.856633,38.031848
19,170,23.856931,38.032867
19,171,23.855392,38.035037
19,172,23.851861,38.038169
19,173,23.848532,38.04137
19,174,23.847801,38.041831
19,175,23.84567,38.042979
19,176,23.844,38.043998
19,177,23.841841,38.045138
19,178,23.84035,38.046088
19,179,23.840341,38.046089
19,180,23.839881,38.04644
19,181,23.840641,38.047309
19,182,23.84283,38.048759
19,183,23.844872,38.050239
19,184,23.84666,38.05191
19,185,23.849501,38.052451
19,186,23.852651,38.052982
19,187,23.854502,38.053051
19,188,23.855381,38.05455
19,189,23.857341,38.05656
19,190,23.858342,38.05857
19,191,23.85914,38.059409
19,192,23.86025,38.06013
19,193,23.861009,38.060699
19,194,23.86091,38.060828
19,195,23.86095,38.060866
19,196,23.86113,38.060878
19,197,23.860581,38.060778
19,198,23.860581,38.060798
19,199,23.860991,38.060798
19,200,23.860561,38.06039
19,201,23.860301,38.060191
19,202,23.860213,38.06013
19,203,23.859522,38.05965
19,204,23.859513,38.059489
19,205,23.859212,38.059741
19,206,23.859063,38.060012
19,207,23.858951,38.059402
19,208,23.858012,38.059402
19,209,23.857542,38.057593
19,210,23.855991,38.055125
19,211,23.853872,38.053336
19,212,23.849142,38.052657
19,213,23.844531,38.050147
19,214,23.840372,38.047347
19,215,23.839713,38.046966
19,216,23.839561,38.046855
19,217,23.839552,38.046855
19,218,23.841911,38.045024
19,219,23.846811,38.042293
19,220,23.848541,38.041324
19,221,23.851471,38.038486
19,222,23.855122,38.035144
19,223,23.857061,38.033503
19,224,23.856761,38.031826
19,225,23.859111,38.029937
19,226,23.859531,38.026027
19,227,23.859772,38.022819
19,228,23.860252,38.020049
19,229,23.860252,38.01549
19,230,23.859852,38.011913
19,231,23.857663,38.011821
19,232,23.857202,38.00957
19,233,23.858122,38.008769
19,234,23.857681,38.008308
19,235,23.858011,38.007766
19,236,23.861252,38.007255
19,237,23.865602,38.006354
19,238,23.867322,38.005713
19,239,23.867224,38.002925
19,240,23.866114,38.000144
19,241,23.865294,37.998714
19,242,23.868035,37.997165
19,243,23.872034,37.995394
19,244,23.874514,37.992614
19,245,23.875074,37.992213
19,246,23.878935,37.989692
19,247,23.880315,37.98907
19,248,23.881266,37.99002
19,249,23.881315,37.990088
19,250,23.881365,37.9901
19,251,23.881365,37.9901
19,252,23.881306,37.990051
19,253,23.881266,37.990032
19,254,23.881266,37.990001
19,255,23.881774,37.990383
19,256,23.882154,37.990924
19,257,23.881585,37.992973
19,258,23.880814,37.995734
19,259,23.880184,37.998653
19,260,23.880594,38.00112
19,261,23.880693,38.002612
19,262,23.880743,38.003101
19,263,23.880762,38.003292
19,264,23.880792,38.003463
19,265,23.879973,38.003661
19,266,23.877561,38.003692
19,267,23.874301,38.004421
19,268,23.872291,38.005061
19,269,23.87214,38.006499
19,270,23.870861,38.009101
19,271,23.87071,38.010711
19,272,23.8689,38.01089
19,273,23.868299,38.01226
19,274,23.867729,38.014099
19,275,23.866809,38.01596
19,276,23.86574,38.01715
19,277,23.86405,38.018432
19,278,23.861691,38.019771
19,279,23.85973,38.020282
19,280,23.8571,38.020812
19,281,23.85433,38.02122
19,282,23.85251,38.02148
19,283,23.85162,38.02161
19,284,23.8507,38.021781
19,285,23.84969,38.021892
19,286,23.849378,38.021961
19,287,23.849178,38.021998
19,288,23.848528,38.022036
19,289,23.847637,38.022147
19,290,23.846957,38.022266
19,291,23.846077,38.022396
19,292,23.844707,38.022575
19,293,23.844018,38.022674
19,294,23.843566,38.022693
19,295,23.843397,38.022662
19,296,23.843598,38.022472
19,297,23.843847,38.022433
19,298,23.844377,38.022335
19,299,23.844908,38.022254
19,300,23.845469,38.022143
19,301,23.845999,38.022064
19,302,23.846058,38.022025
19,303,23.845438,38.022155
19,304,23.843377,38.022563
19,305,23.844208,38.022613
19,306,23.845947,38.022384
19,307,23.847476,38.022143
19,308,23.848247,38.022033
19,309,23.849298,38.022052
19,310,23.84961,38.021984
19,311,23.84961,38.021953
19,312,23.850349,38.021823
19,313,23.85132,38.021663
19,314,23.85145,38.021662
19,315,23.852051,38.021453
19,316,23.850611,38.021423
19,317,23.850821,38.020152
19,318,23.852701,38.015963
19,319,23.854742,38.011535
19,320,23.857182,38.009536
19,321,23.857863,38.008487
19,322,23.857591,38.008136
19,323,23.857591,38.008117
19,324,23.857751,38.007686
19,325,23.860681,38.007197
19,326,23.864862,38.006397
19,327,23.867542,38.005138
19,328,23.866682,38.001407
19,329,23.865332,37.998698
19,330,23.865312,37.998649
19,331,23.866722,37.997809
19,332,23.871123,37.995708
19,333,23.873842,37.993118
19,334,23.877851,37.990355
19,335,23.880442,37.989135
19,336,23.881413,37.990184
19,337,23.881512,37.990222
