190,1,23.84053,38.13177
190,2,23.8406,38.130993
190,3,23.84082,38.130901
190,4,23.840971,38.1309
190,5,23.841051,38.131122
190,6,23.84098,38.131153
190,7,23.84098,38.131153
190,8,23.840411,38.13172
190,9,23.840321,38.131549
190,10,23.840321,38.131549
190,11,23.840302,38.131488
190,12,23.840302,38.131469
190,13,23.840172,38.131118
190,14,23.839261,38.130779
190,15,23.837812,38.128108
190,16,23.835293,38.123218
190,17,23.831243,38.119006
190,18,23.828943,38.117298
190,19,23.825783,38.114227
190,20,23.823633,38.113387
190,21,23.822144,38.110606
190,22,23.817693,38.106276
190,23,23.811005,38.102637
190,24,23.803585,38.099719
190,25,23.796205,38.096839
190,26,23.791836,38.092708
190,27,23.788946,38.088939
190,28,23.784977,38.083728
190,29,23.780537,38.078246
190,30,23.774586,38.074645
190,31,23.767845,38.071945
190,32,23.760786,38.069156
190,33,23.754045,38.066455
190,34,23.749456,38.062526
190,35,23.753026,38.060557
190,36,23.759716,38.059898
190,37,23.766086,38.059138
190,38,23.771766,38.056728
190,39,23.776118,38.054588
190,40,23.782187,38.050567
190,41,23.782726,38.047835
190,42,23.781786,38.046317
190,43,23.780435,38.045856
190,44,23.780546,38.045078
190,45,23.782896,38.043876
190,46,23.786125,38.042476
190,47,23.788774,38.043597
190,48,23.788675,38.045596
190,49,23.788324,38.046287
190,50,23.787585,38.046618
190,51,23.787874,38.046588
190,52,23.788704,38.046077
190,53,23.788543,38.044608
190,54,23.788364,38.042667
190,55,23.785475,38.042617
190,56,23.782675,38.043968
190,57,23.781836,38.044799
190,58,23.783596,38.04623
190,59,23.783907,38.047061
190,60,23.782407,38.046439
190,61,23.780388,38.043818
190,62,23.777597,38.041389
190,63,23.777507,38.041308
190,64,23.777298,38.041137
190,65,23.777298,38.041137
190,66,23.777079,38.040965
190,67,23.777079,38.040965
190,68,23.776998,38.040916
190,69,23.776808,38.040755
190,70,23.776808,38.040755
190,71,23.777499,38.039688
190,72,23.780459,38.037147
190,73,23.784569,38.034995
190,74,23.789857,38.034145
190,75,23.793438,38.032584
190,76,23.794918,38.032023
190,77,23.796178,38.034503
190,78,23.798069,38.036273
190,79,23.799079,38.037093
190,80,23.799099,38.037093
190,81,23.800919,38.038672
190,82,23.803487,38.042102
190,83,23.806288,38.045143
190,84,23.807978,38.048511
190,85,23.810268,38.051879
190,86,23.811169,38.053588
190,87,23.811329,38.053817
190,88,23.811979,38.053767
190,89,23.815599,38.0527
190,90,23.81947,38.052349
190,91,23.823129,38.052428
190,92,23.824609,38.053077
190,93,23.82793,38.052349
190,94,23.83106,38.051356
190,95,23.831601,38.051265
190,96,23.834021,38.051093
190,97,23.835782,38.051154
190,98,23.83797,38.051445
190,99,23.839401,38.050823
190,100,23.839592,38.049522
190,101,23.839663,38.048381
190,102,23.839233,38.046703
190,103,23.839233,38.046691
190,104,23.839313,38.046611
190,105,23.841833,38.044933
190,106,23.843223,38.044231
190,107,23.846394,38.042369
190,108,23.847754,38.041667
190,109,23.850584,38.039398
190,110,23.853523,38.036258
190,111,23.856603,38.033999
190,112,23.856933,38.033599
190,113,23.856984,38.033588
190,114,23.855673,38.031196
190,115,23.852733,38.028995
190,116,23.850513,38.026496
190,117,23.848894,38.024257
190,118,23.847644,38.022017
190,119,23.846994,38.021148
190,120,23.848064,38.020747
190,121,23.849945,38.020709
190,122,23.850435,38.021331
190,123,23.851296,38.021522
190,124,23.851465,38.021522
190,125,23.852094,38.02156
190,126,23.851685,38.021659
190,127,23.851685,38.021659
190,128,23.850935,38.021777
190,129,23.850095,38.021838
190,130,23.849306,38.022037
190,131,23.848455,38.022048
190,132,23.848345,38.022037
190,133,23.848166,38.022037
190,134,23.848125,38.022025
190,135,23.847916,38.021956
190,136,23.846886,38.021907
190,137,23.846405,38.021999
190,138,23.846345,38.021987
190,139,23.845766,38.022178
190,140,23.845766,38.022209
190,141,23.845616,38.022189
190,142,23.845914,38.022178
190,143,23.846685,38.021919
190,144,23.847706,38.021918
190,145,23.848476,38.02206
190,146,23.849296,38.021991
190,147,23.849726,38.021911
190,148,23.850895,38.021739
190,149,23.851995,38.021598
190,150,23.851526,38.021499
190,151,23.851557,38.021499
190,152,23.851508,38.021499
190,153,23.851537,38.021499
190,154,23.851729,38.02148
190,155,23.852129,38.021449
190,156,23.85121,38.021728
190,157,23.84984,38.021899
190,158,23.8484,38.022029
190,159,23.848101,38.021991
190,160,23.848101,38.021991
190,161,23.84799,38.021953
190,162,23.84793,38.021915
190,163,23.848091,38.021915
190,164,23.846541,38.022247
190,165,23.84441,38.022598
190,166,23.842841,38.022697
190,167,23.84363,38.022426
190,168,23.84515,38.022235
190,169,23.84588,38.022117
190,170,23.846019,38.022067
190,171,23.84602,38.02203
190,172,23.84574,38.022388
190,173,23.845369,38.022437
190,174,23.84499,38.022586
190,175,23.844601,38.022647
190,176,23.84437,38.022456
190,177,23.844499,38.022308
190,178,23.84309,38.022548
190,179,23.84309,38.022537
190,180,23.84309,38.022537
190,181,23.843161,38.022517
190,182,23.84312,38.022529
190,183,23.842781,38.0227
190,184,23.843712,38.02267
190,185,23.845092,38.022491
190,186,23.847063,38.0222
190,187,23.848503,38.022052
190,188,23.850073,38.021823
190,189,23.851323,38.021682
190,190,23.852093,38.021491
190,191,23.851273,38.021552
190,192,23.850341,38.021213
190,193,23.849102,38.020583
190,194,23.847051,38.021083
190,195,23.848131,38.022643
190,196,23.849981,38.025874
190,197,23.852122,38.028365
190,198,23.855402,38.030734
190,199,23.857091,38.033756
190,200,23.853962,38.036136
190,201,23.850492,38.039707
190,202,23.846252,38.042636
190,203,23.841563,38.045257
190,204,23.840011,38.046317
190,205,23.839912,38.048118
190,206,23.839862,38.048896
190,207,23.839603,38.050617
190,208,23.839083,38.051986
190,209,23.841923,38.053707
190,210,23.841272,38.054885
190,211,23.839312,38.056304
190,212,23.837782,38.058696
190,213,23.835812,38.058974
190,214,23.836092,38.060794
190,215,23.831911,38.062564
190,216,23.826971,38.064372
190,217,23.826601,38.066413
190,218,23.82254,38.066654
190,219,23.821199,38.067684
190,220,23.820849,38.071524
190,221,23.821218,38.074657
190,222,23.820639,38.077758
190,223,23.819399,38.081717
190,224,23.818818,38.085777
190,225,23.817599,38.087955
190,226,23.816889,38.088206
190,227,23.81379,38.088397
190,228,23.8102,38.087696
190,229,23.809309,38.088904
190,230,23.809118,38.092853
190,231,23.810108,38.096744
190,232,23.812248,38.100394
190,233,23.815437,38.102283
190,234,23.817158,38.104243
190,235,23.820198,38.108165
190,236,23.824188,38.111945
190,237,23.828077,38.115787
190,238,23.832406,38.120166
190,239,23.836537,38.125175
190,240,23.838538,38.129394
190,241,23.840418,38.131874
190,242,23.840758,38.131015
190,243,23.840868,38.130855
190,244,23.840948,38.130893
190,245,23.841059,38.130953
190,246,23.841077,38.130973
190,247,23.840828,38.131313
190,248,23.840678,38.131694
190,249,23.840667,38.131683
190,250,23.840317,38.131824
190,251,23.840326,38.131835
