191,1,23.840507,38.131801
191,2,23.840687,38.131179
191,3,23.840816,38.130958
191,4,23.840856,38.13092
191,5,23.840995,38.13087
191,6,23.840866,38.13132
191,7,23.839966,38.13214
191,8,23.841335,38.134822
191,9,23.843465,38.13811
191,10,23.846025,38.139392
191,11,23.850176,38.139483
191,12,23.854577,38.138523
191,13,23.856146,38.13703
191,14,23.856146,38.13705
191,15,23.856065,38.137019
191,16,23.856056,38.137019
191,17,23.855166,38.13782
191,18,23.851295,38.139541
191,19,23.845795,38.139472
191,20,23.843734,38.139804
191,21,23.841995,38.139384
191,22,23.841236,38.135784
191,23,23.838316,38.129943
191,24,23.834886,38.123462
191,25,23.829166,38.11753
191,26,23.823727,38.112121
191,27,23.818146,38.10681
191,28,23.811155,38.102801
191,29,23.803566,38.099803
191,30,23.795977,38.096805
191,31,23.792205,38.093265
191,32,23.791145,38.092025
191,33,23.790494,38.092143
191,34,23.790455,38.092082
191,35,23.790094,38.091853
191,36,23.786813,38.091285
191,37,23.782404,38.091556
191,38,23.777933,38.091067
191,39,23.775593,38.091796
191,40,23.774572,38.092456
191,41,23.774473,38.092494
191,42,23.774464,38.092494
191,43,23.772013,38.092563
191,44,23.768454,38.092101
191,45,23.763113,38.09138
191,46,23.758983,38.090209
191,47,23.758853,38.090159
191,48,23.758824,38.090148
191,49,23.756593,38.091197
191,50,23.752653,38.094058
191,51,23.749282,38.096518
191,52,23.746983,38.09819
191,53,23.744232,38.100188
191,54,23.742841,38.101199
191,55,23.740562,38.10242
191,56,23.737103,38.102309
191,57,23.736303,38.10337
191,58,23.734913,38.104888
191,59,23.733743,38.105296
191,60,23.733223,38.103778
191,61,23.732572,38.103698
191,62,23.732532,38.103747
191,63,23.732532,38.103736
191,64,23.732563,38.103866
191,65,23.732492,38.103737
191,66,23.732693,38.103724
191,67,23.733133,38.103644
191,68,23.733324,38.104354
191,69,23.734175,38.105212
191,70,23.734535,38.105212
191,71,23.735756,38.103614
191,72,23.736595,38.102374
191,73,23.737925,38.102374
191,74,23.740295,38.102424
191,75,23.741396,38.102214
191,76,23.741445,38.102176
191,77,23.742516,38.101406
191,78,23.743897,38.100425
191,79,23.745417,38.099303
191,80,23.746916,38.098212
191,81,23.748627,38.096973
191,82,23.750557,38.095573
191,83,23.751807,38.094661
191,84,23.753135,38.093711
191,85,23.754285,38.092861
191,86,23.754856,38.092429
191,87,23.755466,38.091979
191,88,23.756046,38.09154
191,89,23.757455,38.090522
191,90,23.759565,38.089053
191,91,23.761335,38.087715
191,92,23.762676,38.086673
191,93,23.763626,38.084132
191,94,23.763117,38.082481
191,95,23.763076,38.082332
191,96,23.762987,38.082053
191,97,23.762947,38.081912
191,98,23.762907,38.081802
191,99,23.762888,38.08171
191,100,23.762829,38.08155
191,101,23.762798,38.081371
191,102,23.762709,38.081111
191,103,23.762628,38.08097
191,104,23.762468,38.080661
191,105,23.762409,38.080462
191,106,23.76236,38.080291
191,107,23.762359,38.08023
191,108,23.762289,38.08007
191,109,23.762178,38.07978
191,110,23.762058,38.07957
191,111,23.761907,38.079249
191,112,23.761837,38.079028
191,113,23.761687,38.078749
191,114,23.761485,38.078208
191,115,23.761245,38.077369
191,116,23.761255,38.076907
191,117,23.761595,38.076427
191,118,23.761444,38.075568
191,119,23.760464,38.074729
191,120,23.759684,38.07236
191,121,23.759903,38.070819
191,122,23.758632,38.069301
191,123,23.756992,38.067912
191,124,23.752403,38.065951
191,125,23.749413,38.062663
191,126,23.751833,38.060985
191,127,23.756443,38.060004
191,128,23.763013,38.059806
191,129,23.768104,38.058418
191,130,23.773014,38.056327
191,131,23.776384,38.054649
191,132,23.781235,38.05133
191,133,23.782814,38.0494
191,134,23.782764,38.048389
191,135,23.782444,38.047019
191,136,23.781074,38.044849
191,137,23.779364,38.04322
191,138,23.779013,38.042911
191,139,23.778852,38.042762
191,140,23.778661,38.042564
191,141,23.778341,38.042285
191,142,23.778341,38.042254
191,143,23.778242,38.042136
191,144,23.777862,38.041866
191,145,23.777843,38.041854
191,146,23.777664,38.041633
191,147,23.777235,38.041312
191,148,23.777244,38.041301
191,149,23.776794,38.040943
191,150,23.776714,38.040893
191,151,23.776714,38.040874
191,152,23.776304,38.040393
191,153,23.774624,38.038512
191,154,23.773523,38.037303
191,155,23.773223,38.036995
191,156,23.772663,38.037295
191,157,23.772163,38.037567
191,158,23.771994,38.037708
191,159,23.772164,38.038028
191,160,23.772444,38.038509
191,161,23.772444,38.038509
191,162,23.772554,38.038817
191,163,23.772875,38.038959
191,164,23.773165,38.039211
191,165,23.774235,38.040172
191,166,23.775424,38.041263
191,167,23.775674,38.041152
191,168,23.775835,38.041011
191,169,23.776164,38.040741
191,170,23.776164,38.040741
191,171,23.776286,38.040641
191,172,23.778274,38.041751
191,173,23.781324,38.044643
191,174,23.782845,38.047324
191,175,23.782875,38.047485
191,176,23.782915,38.047683
191,177,23.783036,38.048632
191,178,23.783054,38.049403
191,179,23.783085,38.051173
191,180,23.780904,38.052444
191,181,23.778675,38.053543
191,182,23.770306,38.057753
191,183,23.763154,38.059932
191,184,23.758285,38.060122
191,185,23.751045,38.062412
191,186,23.753204,38.065723
191,187,23.758233,38.067862
191,188,23.763954,38.070083
191,189,23.769974,38.072532
191,190,23.776354,38.075134
191,191,23.781584,38.078913
191,192,23.785364,38.083762
191,193,23.789003,38.088542
191,194,23.791064,38.091224
191,195,23.791874,38.091575
191,196,23.795093,38.091895
191,197,23.797703,38.092155
191,198,23.800552,38.091983
191,199,23.802843,38.092174
191,200,23.803444,38.092025
191,201,23.803503,38.092013
191,202,23.806094,38.091392
191,203,23.808804,38.09077
191,204,23.808813,38.09196
191,205,23.809223,38.09418
191,206,23.809433,38.094822
191,207,23.809923,38.096419
191,208,23.810303,38.097671
191,209,23.810873,38.09891
191,210,23.811033,38.099102
191,211,23.812122,38.100272
191,212,23.812542,38.100723
191,213,23.813042,38.101271
191,214,23.813871,38.101813
191,215,23.815,38.102184
191,216,23.81566,38.102382
191,217,23.81579,38.102443
191,218,23.81723,38.104522
191,219,23.82006,38.108073
191,220,23.823451,38.111293
191,221,23.82704,38.114803
191,222,23.82995,38.117652
191,223,23.83321,38.120994
191,224,23.83639,38.124935
191,225,23.83823,38.128753
191,226,23.839791,38.131862
191,227,23.84086,38.13132
191,228,23.84091,38.130889
191,229,23.84087,38.130908
191,230,23.840941,38.130816
191,231,23.84099,38.130897
191,232,23.840971,38.130916
191,233,23.841011,38.130984
191,234,23.84102,38.130973
191,235,23.840962,38.131244
191,236,23.840721,38.131576
191,237,23.840721,38.131588
191,238,23.840292,38.131809
191,239,23.840113,38.131637
