192,1,23.840165,38.131534
192,2,23.840154,38.131523
192,3,23.840285,38.131454
192,4,23.840064,38.130855
192,5,23.839235,38.130786
192,6,23.838045,38.128536
192,7,23.836056,38.124374
192,8,23.832346,38.120193
192,9,23.829586,38.118274
192,10,23.826906,38.115455
192,11,23.824446,38.113883
192,12,23.823394,38.111903
192,13,23.819635,38.108264
192,14,23.813937,38.103843
192,15,23.806285,38.100833
192,16,23.798425,38.097774
192,17,23.792505,38.093612
192,18,23.791315,38.092052
192,19,23.790504,38.09101
192,20,23.787464,38.08707
192,21,23.783625,38.082019
192,22,23.778626,38.07672
192,23,23.771105,38.07331
192,24,23.763035,38.07009
192,25,23.758835,38.06903
192,26,23.759865,38.067222
192,27,23.758715,38.064571
192,28,23.757244,38.06269
192,29,23.756334,38.060222
192,30,23.755005,38.05786
192,31,23.753105,38.055232
192,32,23.751335,38.052414
192,33,23.749236,38.050403
192,34,23.750195,38.049484
192,35,23.753485,38.048652
192,36,23.756885,38.047081
192,37,23.757956,38.04621
192,38,23.758486,38.045581
192,39,23.760176,38.043102
192,40,23.761227,38.042324
192,41,23.761338,38.042262
192,42,23.761427,38.042171
192,43,23.761578,38.042011
192,44,23.761848,38.04161
192,45,23.761848,38.04161
192,46,23.761749,38.04148
192,47,23.76179,38.0414
192,48,23.761518,38.041701
192,49,23.761718,38.041171
192,50,23.761799,38.04177
192,51,23.761769,38.041861
192,52,23.761139,38.042373
192,53,23.760028,38.043334
192,54,23.758039,38.046146
192,55,23.755039,38.048056
192,56,23.751829,38.049137
192,57,23.74959,38.049377
192,58,23.750271,38.051277
192,59,23.752362,38.053867
192,60,23.75373,38.055969
192,61,23.755351,38.058227
192,62,23.7567,38.060927
192,63,23.757931,38.063468
192,64,23.759741,38.06599
192,65,23.76028,38.068469
192,66,23.763999,38.07014
192,67,23.769069,38.072211
192,68,23.774729,38.0745
192,69,23.779849,38.077338
192,70,23.783687,38.081687
192,71,23.787068,38.086108
192,72,23.790237,38.09024
192,73,23.791637,38.092078
192,74,23.794397,38.095409
192,75,23.799697,38.098048
192,76,23.805409,38.10025
192,77,23.811307,38.102569
192,78,23.815408,38.103328
192,79,23.816718,38.103389
192,80,23.8188,38.106918
192,81,23.8227,38.110637
192,82,23.826629,38.114448
192,83,23.829959,38.117709
192,84,23.83406,38.121871
192,85,23.837172,38.12641
192,86,23.838861,38.130092
192,87,23.840481,38.131942
192,88,23.840971,38.131233
192,89,23.84089,38.130954
192,90,23.84086,38.130794
192,91,23.84103,38.130874
192,92,23.84106,38.130893
192,93,23.84108,38.131064
192,94,23.84108,38.131045
192,95,23.840839,38.131347
192,96,23.840609,38.131755
192,97,23.840337,38.131793
192,98,23.840128,38.131892
