193,1,23.881267,37.989951
193,2,23.881267,37.989989
193,3,23.880887,37.9896
193,4,23.880397,37.989138
193,5,23.879837,37.989207
193,6,23.878057,37.990287
193,7,23.875677,37.991878
193,8,23.874487,37.992007
193,9,23.873047,37.9902
193,10,23.871196,37.990001
193,11,23.870167,37.990882
193,12,23.871717,37.992523
193,13,23.871088,37.994601
193,14,23.870317,37.995749
193,15,23.870308,37.995768
193,16,23.869118,37.996509
193,17,23.866219,37.99815
193,18,23.863139,37.999561
193,19,23.862207,38.000183
193,20,23.861856,38.001472
193,21,23.861347,38.003112
193,22,23.861868,38.004024
193,23,23.862238,38.005252
193,24,23.861948,38.006442
193,25,23.861948,38.006923
193,26,23.863508,38.006682
193,27,23.866438,38.00606
193,28,23.870009,38.005432
193,29,23.871427,38.00516
193,30,23.873297,38.00481
193,31,23.874176,38.004531
193,32,23.874845,38.004832
193,33,23.876215,38.005592
193,34,23.877026,38.005923
193,35,23.877436,38.006572
193,36,23.877416,38.006744
193,37,23.877016,38.006934
193,38,23.877086,38.007064
193,39,23.877327,38.007453
193,40,23.877317,38.007442
193,41,23.877457,38.007701
193,42,23.877457,38.007701
193,43,23.877096,38.006961
193,44,23.877077,38.006991
193,45,23.877286,38.006781
193,46,23.877256,38.006443
193,47,23.876976,38.005832
193,48,23.875925,38.0055
193,49,23.874715,38.00476
193,50,23.874436,38.00452
193,51,23.877176,38.003818
193,52,23.876787,38.002257
193,53,23.876147,38.000396
193,54,23.875826,37.998626
193,55,23.876045,37.997775
193,56,23.875875,37.993865
193,57,23.875416,37.991985
193,58,23.879316,37.989437
193,59,23.881027,37.989727
193,60,23.881258,37.989955
193,61,23.881239,37.989917
193,62,23.881249,37.989997
193,63,23.881218,37.990028
193,64,23.881579,37.990268
193,65,23.881658,37.990318
193,66,23.881708,37.990329
193,67,23.882199,37.990779
193,68,23.881828,37.992198
193,69,23.881209,37.994449
193,70,23.880489,37.997058
193,71,23.88031,37.999889
193,72,23.880739,38.002349
193,73,23.882189,38.002349
193,74,23.88395,38.001979
193,75,23.884819,38.001948
193,76,23.884819,38.002189
193,77,23.88476,38.002448
193,78,23.884751,38.002448
193,79,23.885009,38.00241
193,80,23.885469,38.002491
193,81,23.885749,38.002529
193,82,23.886289,38.00246
193,83,23.884849,38.002261
193,84,23.884159,38.002021
193,85,23.883148,38.002193
193,86,23.882868,38.001651
193,87,23.882438,38.00101
193,88,23.882318,37.99937
193,89,23.880237,37.99924
193,90,23.880817,37.995921
193,91,23.881998,37.991561
193,92,23.881628,37.991001
193,93,23.881277,37.990749
193,94,23.881258,37.99076
193,95,23.881058,37.990532
193,96,23.881388,37.990051
193,97,23.881317,37.989959
193,98,23.881157,37.989948
193,99,23.880417,37.989219
193,100,23.880197,37.989047
193,101,23.878918,37.989749
193,102,23.876397,37.991378
193,103,23.874838,37.99242
193,104,23.874687,37.992419
193,105,23.873507,37.990859
193,106,23.871977,37.989868
193,107,23.869867,37.990749
193,108,23.871347,37.992218
193,109,23.871267,37.994506
193,110,23.870267,37.995758
193,111,23.870267,37.995768
193,112,23.869037,37.996539
193,113,23.866068,37.99821
193,114,23.862907,37.999641
193,115,23.859398,38.001609
193,116,23.857858,38.003657
193,117,23.858199,38.006248
193,118,23.858458,38.007129
193,119,23.858556,38.007461
193,120,23.858566,38.007491
193,121,23.858057,38.007701
193,122,23.856037,38.008403
193,123,23.857008,38.009422
193,124,23.856578,38.010043
193,125,23.854759,38.011554
193,126,23.85327,38.014755
193,127,23.85177,38.018035
193,128,23.850451,38.020785
193,129,23.85038,38.021274
193,130,23.85075,38.021453
193,131,23.85128,38.021552
193,132,23.85218,38.02138
193,133,23.85178,38.021621
193,134,23.85079,38.021792
193,135,23.849871,38.021892
193,136,23.84952,38.021972
193,137,23.84935,38.022033
193,138,23.849211,38.022033
193,139,23.849411,38.021965
193,140,23.850012,38.021854
193,141,23.850902,38.021774
193,142,23.851992,38.021633
193,143,23.852032,38.021491
193,144,23.851431,38.021571
193,145,23.850821,38.02151
193,146,23.85016,38.021312
193,147,23.85022,38.02122
193,148,23.849868,38.021392
193,149,23.849298,38.02151
193,150,23.848688,38.021621
193,151,23.848588,38.021621
193,152,23.848848,38.02161
193,153,23.849219,38.021529
193,154,23.849819,38.02145
193,155,23.850109,38.021278
193,156,23.850278,38.020877
193,157,23.850298,38.020877
193,158,23.850348,38.020839
193,159,23.851707,38.018131
193,160,23.853247,38.014709
193,161,23.854877,38.011768
193,162,23.857658,38.011966
193,163,23.859499,38.011665
193,164,23.86032,38.010974
193,165,23.859509,38.010142
193,166,23.858697,38.009291
193,167,23.858278,38.008811
193,168,23.857939,38.008441
193,169,23.857869,38.008361
193,170,23.857828,38.00833
193,171,23.857779,38.00825
193,172,23.857708,38.00819
193,173,23.857538,38.007961
193,174,23.857507,38.007923
193,175,23.857578,38.007682
193,176,23.857288,38.007152
193,177,23.855459,38.007343
193,178,23.855059,38.006381
193,179,23.855798,38.005703
193,180,23.856429,38.004992
193,181,23.856197,38.003764
193,182,23.856688,38.003043
193,183,23.856807,38.002895
193,184,23.856827,38.002876
193,185,23.857116,38.002757
193,186,23.857166,38.002757
193,187,23.857697,38.002517
193,188,23.861496,38.000167
193,189,23.865955,37.998237
193,190,23.870837,37.995795
193,191,23.874036,37.992904
193,192,23.876667,37.991123
193,193,23.880117,37.988971
193,194,23.881397,37.9901
193,195,23.881397,37.990081
193,196,23.881397,37.990081
193,197,23.881468,37.990241
193,198,23.881968,37.990561
193,199,23.881878,37.990561
193,200,23.881477,37.990283
193,201,23.881438,37.990253
193,202,23.881418,37.990241
193,203,23.880538,37.989272
193,204,23.880228,37.98902
193,205,23.879139,37.989589
193,206,23.876888,37.99105
193,207,23.874699,37.992382
193,208,23.873339,37.990592
193,209,23.871929,37.98989
193,210,23.8701,37.990882
193,211,23.871651,37.992492
193,212,23.870811,37.994773
193,213,23.869291,37.996395
193,214,23.866232,37.998145
193,215,23.862742,37.999717
193,216,23.859411,38.001628
193,217,23.857872,38.003707
193,218,23.858022,38.005539
193,219,23.858102,38.00587
193,220,23.858122,38.00592
193,221,23.858221,38.006228
193,222,23.858221,38.006267
193,223,23.858341,38.006667
193,224,23.85836,38.006767
193,225,23.858369,38.006797
193,226,23.85848,38.007148
193,227,23.858511,38.007228
193,228,23.858631,38.007468
193,229,23.860191,38.007278
193,230,23.86062,38.007629
193,231,23.86104,38.00957
193,232,23.86119,38.011291
193,233,23.860272,38.012832
193,234,23.860392,38.014823
193,235,23.860391,38.017795
193,236,23.860441,38.019874
193,237,23.860441,38.019874
193,238,23.860431,38.020015
193,239,23.860151,38.021564
193,240,23.859751,38.023242
193,241,23.859692,38.024733
193,242,23.859692,38.025844
193,243,23.859652,38.025543
193,244,23.859541,38.024314
193,245,23.859671,38.023113
193,246,23.860139,38.020744
193,247,23.86034,38.018623
193,248,23.860109,38.017013
193,249,23.859539,38.017025
193,250,23.859418,38.017024
193,251,23.859319,38.017024
193,252,23.8592,38.017005
193,253,23.859369,38.016994
193,254,23.859628,38.016955
193,255,23.859628,38.016986
193,256,23.860218,38.016578
193,257,23.860277,38.013556
193,258,23.860527,38.011516
193,259,23.859957,38.010524
193,260,23.858257,38.008803
193,261,23.857507,38.008002
193,262,23.857498,38.007983
193,263,23.857418,38.007434
193,264,23.855688,38.007316
193,265,23.855299,38.007144
193,266,23.855869,38.005836
193,267,23.856369,38.004515
193,268,23.857679,38.002574
193,269,23.858558,38.002124
193,270,23.862169,37.999935
193,271,23.866058,37.998233
193,272,23.869909,37.996112
193,273,23.872809,37.994811
193,274,23.875509,37.991943
193,275,23.879179,37.989573
193,276,23.8811,37.989795
193,277,23.88126,37.990695
193,278,23.881309,37.990745
193,279,23.88114,37.990524
193,280,23.881399,37.990203
193,281,23.88147,37.990054
193,282,23.88147,37.990005
193,283,23.881599,37.990264
193,284,23.88175,37.990393
193,285,23.881769,37.990432
193,286,23.88201,37.990573
193,287,23.88197,37.990611
193,288,23.881509,37.990241
193,289,23.881399,37.990161
193,290,23.881399,37.990142
193,291,23.88138,37.990104
193,292,23.88207,37.990573
193,293,23.882031,37.991714
193,294,23.8813,37.994365
193,295,23.88047,37.997386
193,296,23.88047,38.000296
193,297,23.88079,38.003047
193,298,23.880831,38.003615
193,299,23.879582,38.003775
193,300,23.876602,38.003867
193,301,23.873811,38.004669
193,302,23.872211,38.005149
193,303,23.872011,38.005981
193,304,23.871081,38.008083
193,305,23.871021,38.010623
193,306,23.870512,38.010764
193,307,23.869852,38.010856
193,308,23.869152,38.010925
193,309,23.868522,38.011203
193,310,23.868363,38.011924
193,311,23.868183,38.012744
193,312,23.867992,38.013454
193,313,23.867711,38.014213
193,314,23.867342,38.014972
193,315,23.866912,38.015823
193,316,23.866472,38.016452
193,317,23.865942,38.017013
193,318,23.865143,38.017734
193,319,23.864132,38.018512
193,320,23.862603,38.019424
193,321,23.860993,38.020133
193,322,23.859522,38.020465
193,323,23.857292,38.021033
193,324,23.854912,38.021373
193,325,23.852812,38.021594
193,326,23.851221,38.021793
193,327,23.85085,38.021934
193,328,23.851991,38.021773
193,329,23.852302,38.021712
193,330,23.852623,38.021701
193,331,23.852993,38.021671
193,332,23.851152,38.021869
193,333,23.850862,38.021789
193,334,23.851753,38.021648
193,335,23.851753,38.021666
193,336,23.852363,38.021548
193,337,23.850973,38.02164
193,338,23.850393,38.020999
193,339,23.851623,38.018428
193,340,23.853384,38.014518
193,341,23.855425,38.010886
193,342,23.857136,38.009628
193,343,23.857697,38.008388
193,344,23.857505,38.007808
193,345,23.856336,38.00674
193,346,23.855767,38.005698
193,347,23.856216,38.004127
193,348,23.858067,38.002407
193,349,23.862787,37.999725
193,350,23.867287,37.997585
193,351,23.872997,37.994544
193,352,23.875337,37.992053
193,353,23.879808,37.989192
193,354,23.881208,37.990013
193,355,23.881267,37.99005
193,356,23.881267,37.990119
193,357,23.881317,37.99002
193,358,23.881336,37.9901
193,359,23.881146,37.990352
193,360,23.881105,37.99026
193,361,23.881284,37.990691
193,362,23.88145,37.991603
193,363,23.88145,37.991652
193,364,23.88171,37.991561
193,365,23.881639,37.990413
193,366,23.88138,37.990161
