194,1,23.88134,37.990001
194,2,23.881321,37.98997
194,3,23.881261,37.990008
194,4,23.881202,37.98981
194,5,23.881202,37.98981
194,6,23.880903,37.989589
194,7,23.880302,37.989028
194,8,23.879072,37.989669
194,9,23.876873,37.991088
194,10,23.875022,37.992309
194,11,23.875013,37.992309
194,12,23.874492,37.992038
194,13,23.873013,37.990169
194,14,23.871072,37.990058
194,15,23.870403,37.991039
194,16,23.872133,37.992919
194,17,23.870314,37.995238
194,18,23.870304,37.995727
194,19,23.870295,37.995727
194,20,23.868506,37.996868
194,21,23.865276,37.998618
194,22,23.861967,37.999969
194,23,23.858677,38.002017
194,24,23.857856,38.004077
194,25,23.857947,38.005096
194,26,23.857956,38.005206
194,27,23.857996,38.005484
194,28,23.857996,38.005496
194,29,23.858055,38.005847
194,30,23.858065,38.005927
194,31,23.858065,38.005939
194,32,23.858175,38.00619
194,33,23.858185,38.006252
194,34,23.858274,38.006492
194,35,23.858345,38.006713
194,36,23.858355,38.006732
194,37,23.858466,38.007182
194,38,23.858426,38.007221
194,39,23.858474,38.007461
194,40,23.857445,38.007781
194,41,23.856124,38.008521
194,42,23.857056,38.009761
194,43,23.855665,38.010619
194,44,23.854086,38.012931
194,45,23.852587,38.016299
194,46,23.851236,38.019249
194,47,23.849756,38.02066
194,48,23.847807,38.020809
194,49,23.847428,38.021579
194,50,23.848757,38.023848
194,51,23.849487,38.025131
194,52,23.849956,38.025882
194,53,23.849797,38.026332
194,54,23.847215,38.02727
194,55,23.844446,38.028892
194,56,23.843357,38.027491
194,57,23.841887,38.027652
194,58,23.839237,38.028793
194,59,23.838568,38.029083
194,60,23.838568,38.029083
194,61,23.838377,38.029151
194,62,23.838307,38.029189
194,63,23.838026,38.02933
194,64,23.837887,38.029399
194,65,23.837887,38.029399
194,66,23.837606,38.029518
194,67,23.837606,38.029529
194,68,23.837387,38.02962
194,69,23.837368,38.02962
194,70,23.836798,38.029079
194,71,23.836566,38.028758
194,72,23.836237,38.02827
194,73,23.836077,38.02806
194,74,23.835447,38.02737
194,75,23.835216,38.027149
194,76,23.834606,38.026557
194,77,23.833925,38.025855
194,78,23.832816,38.024677
194,79,23.830545,38.023727
194,80,23.827156,38.023006
194,81,23.823255,38.022277
194,82,23.820575,38.021957
194,83,23.818007,38.021266
194,84,23.815936,38.020858
194,85,23.815286,38.020709
194,86,23.813467,38.020339
194,87,23.810547,38.019729
194,88,23.809377,38.019557
194,89,23.809278,38.019496
194,90,23.807848,38.019195
194,91,23.807167,38.019035
194,92,23.804136,38.018443
194,93,23.802887,38.018184
194,94,23.801407,38.017894
194,95,23.799877,38.017684
194,96,23.799867,38.017654
194,97,23.797749,38.017432
194,98,23.797619,38.017414
194,99,23.796518,38.017665
194,100,23.7965,38.017665
194,101,23.796419,38.017696
194,102,23.796179,38.017806
194,103,23.796169,38.017818
194,104,23.796058,38.017879
194,105,23.794339,38.016788
194,106,23.792858,38.016086
194,107,23.790117,38.015018
194,108,23.787247,38.012908
194,109,23.785967,38.011947
194,110,23.784256,38.010695
194,111,23.783606,38.010226
194,112,23.783415,38.010108
194,113,23.783406,38.010089
194,114,23.783215,38.00996
194,115,23.783195,38.009929
194,116,23.784295,38.00928
194,117,23.784737,38.009109
194,118,23.784856,38.009178
194,119,23.784857,38.009417
194,120,23.784857,38.009407
194,121,23.784837,38.009407
194,122,23.785278,38.009516
194,123,23.785328,38.009528
194,124,23.784848,38.009349
194,125,23.784888,38.009337
194,126,23.784857,38.009307
194,127,23.784087,38.009406
194,128,23.783276,38.009707
194,129,23.783276,38.009707
194,130,23.783646,38.010257
194,131,23.786625,38.012347
194,132,23.789715,38.014606
194,133,23.792256,38.015696
194,134,23.794565,38.016868
194,135,23.795575,38.017737
194,136,23.795595,38.017737
194,137,23.795805,38.017856
194,138,23.797924,38.017207
194,139,23.798393,38.017207
194,140,23.802022,38.017775
194,141,23.804462,38.018287
194,142,23.805562,38.018547
194,143,23.806813,38.018805
194,144,23.806842,38.018817
194,145,23.808514,38.019168
194,146,23.812984,38.02013
194,147,23.819133,38.021308
194,148,23.824514,38.022327
194,149,23.828524,38.023097
194,150,23.831564,38.023875
194,151,23.832165,38.024196
194,152,23.832815,38.024634
194,153,23.833496,38.025195
194,154,23.834136,38.026114
194,155,23.835397,38.027305
194,156,23.836187,38.028224
194,157,23.838057,38.027774
194,158,23.841406,38.026294
194,159,23.842636,38.026324
194,160,23.845266,38.025454
194,161,23.849177,38.024775
194,162,23.847697,38.022075
194,163,23.847777,38.020785
194,164,23.850016,38.020675
194,165,23.851715,38.018104
194,166,23.853426,38.014285
194,167,23.855735,38.010566
194,168,23.857496,38.009235
194,169,23.857767,38.008426
194,170,23.857537,38.008106
194,171,23.857555,38.008075
194,172,23.857386,38.007785
194,173,23.859246,38.007334
194,174,23.861894,38.006557
194,175,23.862234,38.005188
194,176,23.861584,38.003387
194,177,23.861803,38.001258
194,178,23.862103,37.999927
194,179,23.862793,37.999607
194,180,23.865713,37.998317
194,181,23.869083,37.996375
194,182,23.870043,37.995956
194,183,23.871461,37.995555
194,184,23.874391,37.992595
194,185,23.878832,37.989665
194,186,23.880741,37.989414
194,187,23.881321,37.989982
194,188,23.88117,37.990031
194,189,23.881151,37.989871
194,190,23.881081,37.989791
194,191,23.881081,37.98978
194,192,23.88087,37.989539
194,193,23.880242,37.988971
194,194,23.879261,37.989459
194,195,23.876981,37.990939
194,196,23.874722,37.992328
194,197,23.873401,37.990619
194,198,23.872011,37.989818
194,199,23.86993,37.990768
194,200,23.871429,37.992259
194,201,23.87117,37.99454
194,202,23.870239,37.995639
194,203,23.870239,37.995639
194,204,23.868679,37.99673
194,205,23.865438,37.9985
194,206,23.862058,37.999919
194,207,23.858719,38.001979
194,208,23.857859,38.00405
194,209,23.858308,38.00658
194,210,23.858398,38.006869
194,211,23.858429,38.00703
194,212,23.858478,38.007221
194,213,23.858497,38.00722
194,214,23.858528,38.007522
194,215,23.857048,38.007903
194,216,23.856367,38.008674
194,217,23.857028,38.009772
194,218,23.855276,38.010913
194,219,23.854086,38.012973
194,220,23.852704,38.016063
194,221,23.851324,38.019114
194,222,23.849813,38.020655
194,223,23.848094,38.020724
194,224,23.847153,38.021205
194,225,23.848352,38.023044
194,226,23.849552,38.025253
194,227,23.848923,38.025794
194,228,23.849123,38.026603
194,229,23.846803,38.027602
194,230,23.844274,38.028964
194,231,23.843185,38.027214
194,232,23.842676,38.027332
194,233,23.840416,38.028312
194,234,23.837795,38.02946
194,235,23.836895,38.02927
194,236,23.836466,38.028701
194,237,23.834946,38.026912
194,238,23.833315,38.024951
194,239,23.830685,38.023772
194,240,23.826904,38.022964
194,241,23.822794,38.022193
194,242,23.819793,38.021633
194,243,23.816325,38.020961
194,244,23.812774,38.020202
194,245,23.808835,38.019343
194,246,23.807724,38.019122
194,247,23.805143,38.018581
194,248,23.802763,38.018061
194,249,23.801583,38.017833
194,250,23.800692,38.017673
194,251,23.798802,38.017364
194,252,23.796892,38.017585
194,253,23.796861,38.017585
194,254,23.795561,38.018356
194,255,23.79498,38.019126
194,256,23.794962,38.019138
194,257,23.794172,38.020205
194,258,23.794034,38.020377
194,259,23.793392,38.021209
194,260,23.791113,38.022979
194,261,23.789852,38.023731
194,262,23.789852,38.023742
194,263,23.788872,38.024303
194,264,23.787172,38.025443
194,265,23.784243,38.027175
194,266,23.780392,38.029426
194,267,23.779051,38.030097
194,268,23.77902,38.030097
194,269,23.779231,38.029907
194,270,23.77979,38.029395
194,271,23.77944,38.029346
194,272,23.779439,38.029414
194,273,23.77927,38.029304
194,274,23.77886,38.029235
194,275,23.77803,38.029284
194,276,23.7791,38.029765
194,277,23.779091,38.029765
194,278,23.77952,38.029667
194,279,23.78207,38.028125
194,280,23.783961,38.027065
194,281,23.78483,38.026545
194,282,23.787,38.025295
194,283,23.788241,38.024524
194,284,23.79088,38.023085
194,285,23.792931,38.021575
194,286,23.795021,38.018745
194,287,23.795401,38.018336
194,288,23.79541,38.018318
194,289,23.79796,38.017326
194,290,23.800551,38.017665
194,291,23.80316,38.018165
194,292,23.806111,38.018813
194,293,23.807081,38.018992
194,294,23.811882,38.020003
194,295,23.817362,38.021152
194,296,23.822212,38.02209
194,297,23.826952,38.02293
194,298,23.829283,38.02344
194,299,23.833434,38.025012
194,300,23.834743,38.026691
194,301,23.835462,38.027392
194,302,23.837473,38.028041
194,303,23.841223,38.02642
194,304,23.842913,38.026599
194,305,23.846243,38.025359
194,306,23.848932,38.024951
194,307,23.848742,38.024082
194,308,23.848652,38.023891
194,309,23.848162,38.022941
194,310,23.84748,38.02188
194,311,23.847191,38.021498
194,312,23.84698,38.021247
194,313,23.848511,38.020648
194,314,23.85083,38.020137
194,315,23.852791,38.015738
194,316,23.854931,38.01128
194,317,23.855251,38.009379
194,318,23.855202,38.008849
194,319,23.855201,38.0088
194,320,23.854792,38.007739
194,321,23.855292,38.00619
194,322,23.856081,38.005309
194,323,23.856141,38.003711
194,324,23.85766,38.00257
194,325,23.85885,38.001949
194,326,23.862541,37.999778
194,327,23.866902,37.997738
194,328,23.87124,37.995688
194,329,23.87467,37.992457
194,330,23.87978,37.989158
194,331,23.881041,37.989738
194,332,23.88132,37.990138
194,333,23.881391,37.990047
194,334,23.881272,37.989967
194,335,23.881272,37.989967
194,336,23.881141,37.989757
194,337,23.881111,37.989768
194,338,23.880501,37.989227
194,339,23.88022,37.988998
194,340,23.879221,37.989509
194,341,23.876782,37.991081
194,342,23.874582,37.992141
194,343,23.872793,37.989883
194,344,23.870283,37.990333
194,345,23.870514,37.991283
194,346,23.872234,37.993262
194,347,23.870224,37.995532
194,348,23.870295,37.995761
194,349,23.868413,37.996909
194,350,23.865194,37.998641
194,351,23.861695,38.000079
194,352,23.858284,38.002219
194,353,23.857923,38.00447
194,354,23.858133,38.005881
194,355,23.858183,38.00611
194,356,23.858183,38.006122
194,357,23.858294,38.00653
194,358,23.858333,38.00666
194,359,23.858353,38.00671
194,360,23.858503,38.007179
194,361,23.858503,38.00719
194,362,23.858533,38.007499
194,363,23.857844,38.007678
194,364,23.855524,38.008438
194,365,23.851444,38.009296
194,366,23.847083,38.010047
194,367,23.844904,38.010406
194,368,23.842464,38.010677
194,369,23.838714,38.011577
194,370,23.835865,38.012828
194,371,23.835705,38.012866
194,372,23.835214,38.012977
194,373,23.833953,38.013247
194,374,23.833874,38.013259
194,375,23.831925,38.01366
194,376,23.831274,38.013831
194,377,23.829655,38.014011
194,378,23.829225,38.01401
194,379,23.828316,38.014011
194,380,23.826934,38.013999
194,381,23.825834,38.013908
194,382,23.824983,38.013858
194,383,23.824632,38.013858
194,384,23.822723,38.013747
194,385,23.822693,38.013747
194,386,23.822194,38.013747
194,387,23.819772,38.013488
194,388,23.817642,38.012909
194,389,23.816251,38.012519
194,390,23.815731,38.012401
194,391,23.815342,38.012302
194,392,23.814472,38.012092
194,393,23.813402,38.01184
194,394,23.813362,38.01184
194,395,23.811392,38.01139
194,396,23.811152,38.011352
194,397,23.810001,38.011081
194,398,23.80956,38.01094
194,399,23.80928,38.01084
194,400,23.80826,38.010379
194,401,23.80749,38.009997
194,402,23.80749,38.009997
194,403,23.806469,38.009509
194,404,23.80575,38.009177
194,405,23.805479,38.00906
194,406,23.804949,38.0088
194,407,23.803869,38.008349
194,408,23.80381,38.00833
194,409,23.803101,38.008071
194,410,23.80286,38.00798
194,411,23.80283,38.00798
194,412,23.80258,38.00788
194,413,23.801569,38.00753
194,414,23.800929,38.007301
194,415,23.799189,38.006931
194,416,23.796518,38.006019
194,417,23.795508,38.005569
194,418,23.794077,38.004558
194,419,23.793806,38.004367
194,420,23.793495,38.004127
194,421,23.792594,38.003436
194,422,23.792434,38.003295
194,423,23.792324,38.003234
194,424,23.790964,38.002323
194,425,23.790384,38.002162
194,426,23.788793,38.001651
194,427,23.787884,38.001361
194,428,23.785934,38.001662
194,429,23.784134,38.002593
194,430,23.784115,38.002593
194,431,23.782675,38.003284
194,432,23.782165,38.003166
194,433,23.780466,38.001544
194,434,23.777435,38.001292
194,435,23.777085,38.001453
194,436,23.775424,38.001312
194,437,23.774096,38.00191
194,438,23.773766,38.002051
194,439,23.773735,38.002051
194,440,23.772884,38.001762
194,441,23.770405,37.99937
194,442,23.768025,37.9958
194,443,23.767685,37.995151
194,444,23.767556,37.99496
194,445,23.767456,37.994811
194,446,23.766996,37.99372
194,447,23.766917,37.993549
194,448,23.766596,37.992828
194,449,23.766395,37.992397
194,450,23.766156,37.991878
194,451,23.765746,37.991157
194,452,23.765665,37.991015
194,453,23.765224,37.990344
194,454,23.765095,37.990116
194,455,23.764823,37.989665
194,456,23.764645,37.989277
194,457,23.764244,37.988906
194,458,23.763855,37.988555
194,459,23.763294,37.988124
194,460,23.763064,37.987945
194,461,23.762234,37.987174
194,462,23.762184,37.987193
194,463,23.761714,37.987193
194,464,23.761674,37.987212
194,465,23.761505,37.98725
194,466,23.761486,37.987411
194,467,23.761596,37.987372
194,468,23.761867,37.987182
194,469,23.761837,37.987052
194,470,23.761617,37.98688
194,471,23.761598,37.986869
194,472,23.761698,37.986339
194,473,23.762898,37.98606
194,474,23.762996,37.985942
194,475,23.764958,37.985721
194,476,23.766617,37.987239
194,477,23.767597,37.98822
194,478,23.769407,37.98923
194,479,23.770357,37.99002
194,480,23.773647,37.991882
194,481,23.776848,37.993732
194,482,23.778167,37.994743
194,483,23.779099,37.995311
194,484,23.779099,37.995322
194,485,23.780968,37.996452
194,486,23.782778,37.997753
194,487,23.783737,37.998553
194,488,23.784518,37.999176
194,489,23.785407,37.999847
194,490,23.785457,37.999878
194,491,23.786407,38.000445
194,492,23.787037,38.000816
194,493,23.788037,38.001266
194,494,23.790435,38.002075
194,495,23.791135,38.002303
194,496,23.791696,38.002594
194,497,23.792347,38.003124
194,498,23.794077,38.004432
194,499,23.795696,38.005603
194,500,23.799716,38.006953
194,501,23.804068,38.008315
194,502,23.806328,38.009315
194,503,23.807448,38.009876
194,504,23.810427,38.011066
194,505,23.813887,38.011886
194,506,23.817726,38.012866
194,507,23.820976,38.013626
194,508,23.823665,38.013767
194,509,23.828917,38.013939
194,510,23.832756,38.013427
194,511,23.832796,38.013416
194,512,23.833076,38.013378
194,513,23.836826,38.012446
194,514,23.841826,38.010795
194,515,23.846796,38.010146
194,516,23.853126,38.009025
194,517,23.854856,38.007526
194,518,23.855877,38.006088
194,519,23.856377,38.004779
194,520,23.856146,38.003448
194,521,23.857345,38.002727
194,522,23.857345,38.002727
194,523,23.857756,38.002517
194,524,23.861406,38.000258
194,525,23.865785,37.998347
194,526,23.870105,37.996009
194,527,23.873026,37.994518
194,528,23.876596,37.991198
194,529,23.880417,37.989078
194,530,23.881376,37.989989
194,531,23.881706,37.99039
194,532,23.881765,37.990421
194,533,23.882104,37.990642
194,534,23.882095,37.990672
194,535,23.882126,37.990672
194,536,23.881956,37.990573
194,537,23.881786,37.990375
194,538,23.881546,37.990184
194,539,23.881515,37.990196
194,540,23.881515,37.990215
194,541,23.881926,37.990523
194,542,23.882166,37.990714
194,543,23.881986,37.991694
194,544,23.881336,37.994056
194,545,23.880596,37.996727
194,546,23.880217,37.999378
194,547,23.880666,38.001597
194,548,23.880827,38.003478
194,549,23.880845,38.003528
194,550,23.879106,38.003707
194,551,23.876217,38.003898
194,552,23.875026,38.004249
194,553,23.875057,38.004817
194,554,23.876516,38.005595
194,555,23.877127,38.006114
194,556,23.877416,38.006602
194,557,23.877897,38.006713
194,558,23.877916,38.006751
194,559,23.877726,38.006843
194,560,23.877655,38.006873
194,561,23.877295,38.006583
194,562,23.877295,38.006572
194,563,23.877076,38.006091
194,564,23.876616,38.00571
194,565,23.875296,38.005038
194,566,23.874466,38.004496
194,567,23.874876,38.004299
194,568,23.876486,38.003909
194,569,23.877136,38.003471
194,570,23.876507,38.00196
194,571,23.875747,37.999492
194,572,23.876168,37.998714
194,573,23.876008,37.995693
194,574,23.874907,37.992714
194,575,23.877497,37.990604
194,576,23.880216,37.989005
194,577,23.881267,37.990005
194,578,23.881298,37.990054
194,579,23.881338,37.990054
194,580,23.881368,37.990092
194,581,23.881379,37.990104
194,582,23.881379,37.990115
194,583,23.881249,37.990023
194,584,23.881258,37.990054
194,585,23.881177,37.989875
194,586,23.881148,37.989875
194,587,23.881576,37.990314
194,588,23.882137,37.990734
194,589,23.881987,37.991573
194,590,23.881397,37.993713
194,591,23.880678,37.996322
194,592,23.880168,37.998923
194,593,23.880619,38.001453
194,594,23.880718,38.003192
194,595,23.880777,38.003471
194,596,23.880786,38.003521
194,597,23.880787,38.003639
194,598,23.878667,38.00378
194,599,23.877617,38.003791
194,600,23.876907,38.00381
194,601,23.875218,38.004192
194,602,23.874947,38.004821
194,603,23.876427,38.005672
194,604,23.877107,38.006183
194,605,23.877789,38.006813
194,606,23.877698,38.006893
194,607,23.87736,38.006583
194,608,23.87732,38.006545
194,609,23.87732,38.006557
194,610,23.877279,38.006496
194,611,23.877009,38.005824
194,612,23.875889,38.005473
194,613,23.87452,38.004615
194,614,23.875999,38.004047
194,615,23.877038,38.003116
194,616,23.87653,38.001384
194,617,23.87603,37.999923
194,618,23.875999,37.999874
194,619,23.875719,37.998725
194,620,23.87612,37.998085
194,621,23.87628,37.994853
194,622,23.87495,37.992633
194,623,23.874941,37.992614
194,624,23.877661,37.990543
194,625,23.880591,37.989261
194,626,23.881151,37.989803
194,627,23.881301,37.990635
194,628,23.881351,37.990714
194,629,23.881312,37.990703
194,630,23.881061,37.990413
194,631,23.881231,37.990252
194,632,23.881302,37.990192
194,633,23.881453,37.989952
194,634,23.881332,37.990013
194,635,23.881273,37.98984
194,636,23.881254,37.98984
194,637,23.880563,37.989219
194,638,23.880293,37.98902
194,639,23.879233,37.989582
194,640,23.876663,37.99126
194,641,23.874894,37.992439
194,642,23.874202,37.99166
194,643,23.872571,37.989799
194,644,23.869972,37.990657
194,645,23.870203,37.991008
194,646,23.871992,37.992846
194,647,23.870333,37.995266
194,648,23.870273,37.995647
194,649,23.870323,37.995857
194,650,23.870323,37.995868
194,651,23.868393,37.997058
194,652,23.865164,37.99879
194,653,23.861683,38.000228
194,654,23.858232,38.002406
194,655,23.857952,38.004768
194,656,23.858242,38.006278
194,657,23.858261,38.006389
194,658,23.858341,38.00669
194,659,23.858341,38.006702
194,660,23.858452,38.007091
194,661,23.858492,38.00719
194,662,23.858483,38.00719
194,663,23.857893,38.007781
194,664,23.854963,38.00872
194,665,23.851984,38.009361
194,666,23.850004,38.009749
194,667,23.848324,38.01007
194,668,23.845813,38.01052
194,669,23.844584,38.010718
194,670,23.844284,38.010719
194,671,23.844274,38.01068
194,672,23.843555,38.0107
194,673,23.843154,38.010737
194,674,23.842605,38.010799
194,675,23.842365,38.010798
194,676,23.842285,38.010818
194,677,23.841956,38.010855
194,678,23.841575,38.010894
194,679,23.840975,38.010906
194,680,23.840545,38.010955
194,681,23.840077,38.011066
194,682,23.839337,38.011318
194,683,23.838666,38.011626
194,684,23.838158,38.011886
194,685,23.837347,38.012275
194,686,23.837347,38.012287
194,687,23.837117,38.012397
194,688,23.837057,38.012447
194,689,23.836918,38.012515
194,690,23.836908,38.012527
194,691,23.836809,38.012564
194,692,23.836399,38.012714
194,693,23.834768,38.013114
194,694,23.834688,38.013126
194,695,23.834099,38.013244
194,696,23.832948,38.013473
194,697,23.832659,38.013503
194,698,23.83256,38.013553
194,699,23.832319,38.013614
194,700,23.831849,38.013713
194,701,23.83147,38.013804
194,702,23.83139,38.013804
194,703,23.831101,38.013916
194,704,23.83098,38.013927
194,705,23.830209,38.013988
194,706,23.83009,38.013999
194,707,23.828989,38.013987
194,708,23.828798,38.013969
194,709,23.828079,38.013969
194,710,23.827419,38.013877
194,711,23.82658,38.013847
194,712,23.82608,38.013866
194,713,23.82588,38.013896
194,714,23.8255,38.013926
194,715,23.82477,38.013927
194,716,23.823758,38.013889
194,717,23.823349,38.013927
194,718,23.823339,38.013927
194,719,23.82318,38.013938
194,720,23.823019,38.013969
194,721,23.822349,38.013938
194,722,23.822349,38.013927
194,723,23.82201,38.013916
194,724,23.820619,38.013835
194,725,23.82016,38.013755
194,726,23.819509,38.013534
194,727,23.819139,38.013423
194,728,23.81823,38.012962
194,729,23.817459,38.012763
194,730,23.816898,38.012592
194,731,23.816818,38.012603
194,732,23.816389,38.012534
194,733,23.816349,38.012553
194,734,23.815089,38.012264
194,735,23.813629,38.011894
194,736,23.813099,38.011745
194,737,23.81185,38.011504
194,738,23.811751,38.011535
194,739,23.81138,38.011474
194,740,23.811189,38.011436
194,741,23.81102,38.011406
194,742,23.810499,38.011295
194,743,23.810169,38.011226
194,744,23.810089,38.011207
194,745,23.809779,38.011139
194,746,23.808159,38.010437
194,747,23.808099,38.010375
194,748,23.807989,38.010295
194,749,23.80789,38.010284
194,750,23.807421,38.010086
194,751,23.807291,38.010036
194,752,23.807281,38.010036
194,753,23.806871,38.009845
194,754,23.806721,38.009795
194,755,23.806711,38.009795
194,756,23.806532,38.009677
194,757,23.806392,38.009608
194,758,23.806042,38.009448
194,759,23.805292,38.009066
194,760,23.804092,38.008525
194,761,23.803892,38.008445
194,762,23.803062,38.008167
194,763,23.802741,38.007976
194,764,23.802273,38.007785
194,765,23.801452,38.007434
194,766,23.801212,38.007396
194,767,23.801042,38.007366
194,768,23.800833,38.007285
194,769,23.800183,38.007235
194,770,23.799402,38.006965
194,771,23.799282,38.006927
194,772,23.798202,38.006595
194,773,23.797003,38.006164
194,774,23.796984,38.006164
194,775,23.796064,38.005832
194,776,23.794825,38.005
194,777,23.794396,38.004882
194,778,23.794355,38.004863
194,779,23.793725,38.004302
194,780,23.792576,38.003482
194,781,23.792456,38.003402
194,782,23.792015,38.00302
194,783,23.790955,38.002422
194,784,23.790495,38.002262
194,785,23.789585,38.001983
194,786,23.788695,38.001704
194,787,23.787525,38.001285
194,788,23.786936,38.001315
194,789,23.784275,38.002597
194,790,23.783985,38.002745
194,791,23.783424,38.003054
194,792,23.782724,38.003364
194,793,23.781913,38.002876
194,794,23.779743,38.001514
194,795,23.777153,38.001513
194,796,23.775373,38.001395
194,797,23.774563,38.001727
194,798,23.774283,38.001838
194,799,23.773952,38.001987
194,800,23.773943,38.001987
194,801,23.773252,38.002158
194,802,23.772522,38.001308
194,803,23.772512,38.001296
194,804,23.771384,38.000075
194,805,23.770974,37.999725
194,806,23.770373,37.999236
194,807,23.769873,37.998775
194,808,23.769562,37.998496
194,809,23.768701,37.997146
194,810,23.768572,37.996924
194,811,23.76822,37.996215
194,812,23.768131,37.996017
194,813,23.7679,37.995517
194,814,23.767731,37.995109
194,815,23.767681,37.994968
194,816,23.76757,37.994689
194,817,23.767392,37.994258
194,818,23.767301,37.994109
194,819,23.767021,37.99345
194,820,23.767021,37.993411
194,821,23.766941,37.99327
194,822,23.76663,37.992599
194,823,23.76635,37.991927
194,824,23.76634,37.991916
194,825,23.766109,37.991454
194,826,23.766029,37.991416
194,827,23.76599,37.991397
194,828,23.765459,37.990596
194,829,23.765449,37.990558
194,830,23.76473,37.989677
194,831,23.7647,37.989516
194,832,23.76444,37.989116
194,833,23.76476,37.989024
194,834,23.76506,37.988865
194,835,23.763481,37.989116
194,836,23.763451,37.988987
194,837,23.76425,37.989566
194,838,23.764509,37.990337
194,839,23.76516,37.991367
194,840,23.76557,37.991637
194,841,23.766279,37.992889
194,842,23.767331,37.99483
194,843,23.76817,37.996322
194,844,23.76906,37.997791
194,845,23.76909,37.997779
194,846,23.77026,37.999111
194,847,23.772949,38.000362
194,848,23.77397,38.000541
194,849,23.7745,38.000659
194,850,23.77453,38.000629
194,851,23.775021,38.000648
194,852,23.775039,38.000636
194,853,23.775468,38.000705
194,854,23.775499,38.000705
194,855,23.77582,38.000755
194,856,23.775838,38.000766
194,857,23.776338,38.000857
194,858,23.776348,38.000857
194,859,23.776628,38.000869
194,860,23.778679,38.001277
194,861,23.781439,38.002177
194,862,23.783449,38.002708
194,863,23.783789,38.002589
194,864,23.784258,38.002338
194,865,23.784337,38.002338
194,866,23.784418,38.002326
194,867,23.784449,38.002345
194,868,23.784719,38.002227
194,869,23.785031,38.002067
194,870,23.785049,38.002067
194,871,23.785559,38.001826
194,872,23.785639,38.001765
194,873,23.785648,38.001705
194,874,23.786289,38.001395
194,875,23.786329,38.001395
194,876,23.786579,38.001266
194,877,23.786919,38.001075
194,878,23.786919,38.001055
194,879,23.788128,38.001247
194,880,23.789778,38.001777
194,881,23.790828,38.002147
194,882,23.79176,38.002536
194,883,23.79335,38.003776
194,884,23.793461,38.003905
194,885,23.795591,38.005527
194,886,23.799481,38.006877
194,887,23.80052,38.007117
194,888,23.80389,38.008266
194,889,23.808611,38.010406
194,890,23.81291,38.011584
194,891,23.816771,38.012503
194,892,23.81707,38.012584
194,893,23.818519,38.013053
194,894,23.8186,38.013134
194,895,23.82091,38.013663
194,896,23.825159,38.013835
194,897,23.830808,38.013797
194,898,23.833229,38.013278
194,899,23.837478,38.012019
194,900,23.84072,38.01084
194,901,23.844019,38.01049
194,902,23.84787,38.009948
194,903,23.854009,38.008887
194,904,23.85529,38.007186
194,905,23.855829,38.005638
194,906,23.856378,38.004428
194,907,23.857468,38.002848
194,908,23.861147,38.000548
194,909,23.865726,37.998527
194,910,23.870987,37.995845
194,911,23.874666,37.992503
194,912,23.879276,37.989463
194,913,23.881326,37.989993
194,914,23.881237,37.990203
194,915,23.881348,37.990123
194,916,23.881418,37.990073
194,917,23.881887,37.991195
194,918,23.881458,37.991584
194,919,23.881449,37.991623
194,920,23.882028,37.990573
194,921,23.881878,37.990512
194,922,23.881828,37.990432
194,923,23.881667,37.990321
194,924,23.880278,37.989001
194,925,23.877867,37.990401
194,926,23.875086,37.992301
194,927,23.873745,37.993472
194,928,23.871015,37.995822
194,929,23.870766,37.995883
194,930,23.867506,37.997443
194,931,23.862615,37.999743
194,932,23.858036,38.002414
194,933,23.858256,38.006206
194,934,23.858576,38.007297
194,935,23.857946,38.007736
194,936,23.856617,38.008964
194,937,23.856277,38.010302
194,938,23.853987,38.013354
194,939,23.852146,38.017406
194,940,23.850586,38.020755
194,941,23.848335,38.020694
194,942,23.847074,38.021132
194,943,23.848665,38.023581
194,944,23.850205,38.02624
194,945,23.846454,38.027851
194,946,23.844095,38.028621
194,947,23.842065,38.027621
194,948,23.838375,38.029212
194,949,23.837465,38.029582
194,950,23.837286,38.029662
194,951,23.835596,38.027503
194,952,23.833696,38.025352
194,953,23.830727,38.023753
194,954,23.824386,38.022502
194,955,23.818747,38.021434
194,956,23.813827,38.020442
194,957,23.809547,38.019553
194,958,23.803738,38.018325
194,959,23.801237,38.017814
194,960,23.797188,38.017524
194,961,23.793999,38.020515
194,962,23.790588,38.023326
194,963,23.786768,38.025615
194,964,23.783249,38.027785
194,965,23.780239,38.029517
194,966,23.77705,38.031318
194,967,23.7735,38.033286
194,968,23.772501,38.034026
194,969,23.772501,38.034026
194,970,23.770651,38.033828
194,971,23.76807,38.032367
194,972,23.76453,38.029765
194,973,23.76298,38.027885
194,974,23.759849,38.024104
194,975,23.758138,38.022002
194,976,23.756798,38.020171
194,977,23.756338,38.019462
194,978,23.756279,38.019401
194,979,23.753979,38.019751
194,980,23.75356,38.01987
194,981,23.75268,38.020202
194,982,23.75116,38.021652
194,983,23.749649,38.02257
194,984,23.74959,38.022601
194,985,23.747779,38.023402
194,986,23.74573,38.024333
194,987,23.74283,38.025604
194,988,23.741621,38.025092
194,989,23.740792,38.025314
194,990,23.741122,38.025172
194,991,23.741114,38.025112
194,992,23.741184,38.02515
