195,1,23.741366,38.025058
195,2,23.742494,38.024627
195,3,23.745464,38.023296
195,4,23.748015,38.022124
195,5,23.748104,38.022094
195,6,23.750674,38.020915
195,7,23.751843,38.020214
195,8,23.752782,38.019943
195,9,23.753054,38.019862
195,10,23.754583,38.019313
195,11,23.755144,38.019183
195,12,23.755295,38.019194
195,13,23.755675,38.019035
195,14,23.755714,38.019015
195,15,23.756344,38.019557
195,16,23.759104,38.023127
195,17,23.762893,38.027736
195,18,23.764914,38.030204
195,19,23.770323,38.033313
195,20,23.772172,38.033374
195,21,23.773153,38.033603
195,22,23.773203,38.033535
195,23,23.773502,38.033275
195,24,23.774921,38.032504
195,25,23.775131,38.032386
195,26,23.777201,38.031147
195,27,23.777491,38.030967
195,28,23.77907,38.030005
195,29,23.78036,38.029197
195,30,23.780969,38.028827
195,31,23.78237,38.028006
195,32,23.783408,38.027347
195,33,23.784278,38.026786
195,34,23.785898,38.025817
195,35,23.787708,38.024826
195,36,23.789709,38.023623
195,37,23.792969,38.021484
195,38,23.794739,38.019073
195,39,23.795259,38.018432
195,40,23.79734,38.017352
195,41,23.80031,38.017562
195,42,23.80032,38.017581
195,43,23.80349,38.018161
195,44,23.8067,38.018863
195,45,23.806719,38.018901
195,46,23.809279,38.019443
195,47,23.815729,38.020813
195,48,23.821519,38.022094
195,49,23.8276,38.023025
195,50,23.83259,38.024543
195,51,23.83444,38.026332
195,52,23.835729,38.027633
195,53,23.83642,38.028514
195,54,23.838899,38.027514
195,55,23.84211,38.026046
195,56,23.84317,38.026416
195,57,23.84656,38.025325
195,58,23.848758,38.024974
195,59,23.848648,38.023795
195,60,23.847387,38.020934
195,61,23.850227,38.020736
195,62,23.852136,38.017184
195,63,23.854106,38.012893
195,64,23.857077,38.009742
195,65,23.857937,38.008502
195,66,23.857576,38.008144
195,67,23.857497,38.008075
195,68,23.857497,38.008063
195,69,23.857236,38.007174
195,70,23.855368,38.007346
195,71,23.855678,38.006126
195,72,23.855758,38.005325
195,73,23.856187,38.003646
195,74,23.857819,38.002475
195,75,23.861429,38.000193
195,76,23.86525,37.998603
195,77,23.86862,37.996742
195,78,23.87165,37.995513
195,79,23.875161,37.992103
195,80,23.879829,37.989104
195,81,23.881159,37.989864
195,82,23.881379,37.990054
195,83,23.881379,37.990054
195,84,23.881138,37.990283
195,85,23.881187,37.990233
195,86,23.881268,37.990196
195,87,23.881317,37.990047
195,88,23.881336,37.990066
195,89,23.881286,37.990005
195,90,23.881256,37.990066
195,91,23.881256,37.990054
195,92,23.881145,37.989883
195,93,23.881155,37.989883
195,94,23.881084,37.989753
195,95,23.880674,37.989322
195,96,23.880324,37.988933
195,97,23.881544,37.988273
195,98,23.884495,37.987022
195,99,23.888315,37.9849
195,100,23.892555,37.982081
195,101,23.897045,37.979163
195,102,23.901235,37.976455
195,103,23.904505,37.973246
195,104,23.905565,37.969596
195,105,23.905954,37.967456
195,106,23.906754,37.964935
195,107,23.906084,37.964156
195,108,23.904284,37.963775
195,109,23.902494,37.963206
195,110,23.900453,37.962627
195,111,23.900403,37.960925
195,112,23.900503,37.959587
195,113,23.900463,37.957976
195,114,23.900454,37.956317
195,115,23.900213,37.954985
195,116,23.899353,37.953654
195,117,23.898443,37.952083
195,118,23.897253,37.949343
195,119,23.895843,37.946533
195,120,23.894483,37.943862
195,121,23.893864,37.942531
195,122,23.892963,37.940551
195,123,23.891644,37.937713
195,124,23.890253,37.934733
195,125,23.888813,37.932822
195,126,23.887092,37.933471
195,127,23.884872,37.934821
195,128,23.883543,37.934043
195,129,23.882523,37.932311
195,130,23.883133,37.93159
195,131,23.885613,37.929011
195,132,23.883803,37.92612
195,133,23.885752,37.92253
195,134,23.890492,37.92078
195,135,23.893011,37.91656
195,136,23.8952,37.91249
195,137,23.894402,37.908301
195,138,23.894473,37.904292
195,139,23.894811,37.903671
195,140,23.894811,37.903671
195,141,23.895832,37.902721
195,142,23.898552,37.90134
195,143,23.903052,37.900829
195,144,23.907532,37.898147
195,145,23.912351,37.895408
195,146,23.916922,37.892509
195,147,23.920982,37.889518
195,148,23.923802,37.886749
195,149,23.923961,37.886577
195,150,23.926441,37.885886
195,151,23.927752,37.885479
195,152,23.928202,37.885669
195,153,23.929432,37.887477
195,154,23.930521,37.888088
195,155,23.932631,37.887207
195,156,23.935521,37.885986
195,157,23.937379,37.885406
195,158,23.939559,37.886787
195,159,23.942979,37.887668
195,160,23.94498,37.890258
195,161,23.947401,37.892669
195,162,23.951351,37.89363
195,163,23.955971,37.894451
195,164,23.960331,37.895011
195,165,23.964371,37.89511
195,166,23.96928,37.894161
195,167,23.974211,37.893562
195,168,23.979611,37.893581
195,169,23.98368,37.894493
195,170,23.98723,37.894252
195,171,23.991371,37.893131
195,172,23.995171,37.891189
195,173,23.99924,37.889381
195,174,24.003031,37.887511
195,175,24.00638,37.885391
195,176,24.010321,37.884059
195,177,24.01281,37.88229
195,178,24.014799,37.880297
195,179,24.014448,37.879756
195,180,24.013398,37.879706
195,181,24.012777,37.879669
195,182,24.012268,37.87973
195,183,24.012607,37.879631
195,184,24.012257,37.879611
195,185,24.013407,37.879631
195,186,24.014958,37.879721
195,187,24.013538,37.881591
195,188,24.011049,37.883681
195,189,24.007759,37.884891
195,190,24.004419,37.88671
195,191,24.001349,37.888388
195,192,23.997648,37.890059
195,193,23.994028,37.89178
195,194,23.990399,37.89358
195,195,23.986119,37.894381
195,196,23.981567,37.893734
195,197,23.976828,37.893604
195,198,23.972258,37.893684
195,199,23.967827,37.894485
195,200,23.963757,37.895317
195,201,23.959507,37.894668
195,202,23.955017,37.894477
195,203,23.950527,37.893435
195,204,23.946216,37.891837
195,205,23.942636,37.890265
195,206,23.937996,37.889697
195,207,23.933066,37.889457
195,208,23.928286,37.889098
195,209,23.925756,37.886348
195,210,23.924126,37.886638
195,211,23.924116,37.886638
195,212,23.924356,37.885459
195,213,23.924667,37.884819
195,214,23.926307,37.88203
195,215,23.926638,37.879241
195,216,23.924978,37.876101
195,217,23.922677,37.874523
195,218,23.921519,37.872573
195,219,23.920668,37.870532
195,220,23.919228,37.869423
195,221,23.918047,37.868442
195,222,23.916487,37.867851
195,223,23.914867,37.867419
195,224,23.913098,37.866958
195,225,23.911337,37.866779
195,226,23.910846,37.867069
195,227,23.911657,37.868167
195,228,23.911057,37.868889
195,229,23.910627,37.869826
195,230,23.910238,37.869925
195,231,23.909967,37.869876
195,232,23.909197,37.869518
195,233,23.908136,37.869338
195,234,23.907137,37.86885
195,235,23.906897,37.868628
195,236,23.906866,37.868667
195,237,23.907137,37.868587
195,238,23.907987,37.868625
195,239,23.908678,37.868824
195,240,23.909507,37.868743
195,241,23.910427,37.868594
195,242,23.910948,37.868904
195,243,23.911458,37.868435
195,244,23.911516,37.867885
195,245,23.910967,37.867236
195,246,23.910397,37.866748
195,247,23.911328,37.866748
195,248,23.912456,37.866866
195,249,23.913557,37.866985
195,250,23.914556,37.867286
195,251,23.915937,37.867686
195,252,23.917238,37.868068
195,253,23.918197,37.86853
195,254,23.918767,37.86906
195,255,23.919658,37.869709
195,256,23.920787,37.870628
195,257,23.921247,37.871158
195,258,23.921247,37.871158
195,259,23.921467,37.872287
195,260,23.922707,37.874488
195,261,23.925016,37.87611
195,262,23.926836,37.876811
195,263,23.928757,37.877513
195,264,23.929487,37.876624
195,265,23.930967,37.874183
195,266,23.931057,37.874011
195,267,23.931057,37.874011
195,268,23.931288,37.873813
195,269,23.932148,37.875515
195,270,23.933148,37.877734
195,271,23.932997,37.879702
195,272,23.930927,37.880633
195,273,23.928237,37.881744
195,274,23.927168,37.883815
195,275,23.927548,37.884555
195,276,23.927818,37.884986
195,277,23.928758,37.886398
195,278,23.929928,37.888149
195,279,23.931056,37.887859
195,280,23.933626,37.886791
195,281,23.936796,37.88552
195,282,23.937716,37.885692
195,283,23.940285,37.887233
195,284,23.943775,37.888435
195,285,23.945645,37.891284
195,286,23.949094,37.893116
195,287,23.953434,37.894145
195,288,23.957804,37.894466
195,289,23.961604,37.895476
195,290,23.965924,37.894817
195,291,23.971514,37.893775
195,292,23.977023,37.893596
195,293,23.981983,37.893927
195,294,23.985674,37.894389
195,295,23.989923,37.893661
195,296,23.994043,37.89173
195,297,23.998234,37.889781
195,298,24.002323,37.887862
195,299,24.005583,37.885913
195,300,24.009434,37.884384
195,301,24.012394,37.882793
195,302,24.014644,37.880615
195,303,24.014285,37.879733
195,304,24.013125,37.879665
195,305,24.012304,37.879725
195,306,24.012245,37.879626
195,307,24.012295,37.879588
195,308,24.012205,37.879619
195,309,24.012205,37.879619
195,310,24.012205,37.879699
195,311,24.012535,37.879638
195,312,24.012665,37.879626
195,313,24.012405,37.879665
195,314,24.012286,37.879695
195,315,24.013586,37.879696
195,316,24.014995,37.879825
195,317,24.013155,37.881927
195,318,24.010505,37.883888
195,319,24.007506,37.884929
195,320,24.004724,37.88647
195,321,24.003464,37.88726
195,322,23.999784,37.889148
195,323,23.995325,37.891139
195,324,23.990796,37.893451
195,325,23.985305,37.894492
195,326,23.979925,37.893672
195,327,23.974195,37.893642
195,328,23.968475,37.8944
195,329,23.962736,37.895591
195,330,23.956776,37.894481
195,331,23.950555,37.89357
195,332,23.945825,37.89157
195,333,23.941175,37.890151
195,334,23.935705,37.889541
195,335,23.930285,37.889541
195,336,23.926356,37.88734
195,337,23.925366,37.886409
195,338,23.923475,37.887278
195,339,23.920935,37.889789
195,340,23.917385,37.892368
195,341,23.913166,37.895007
195,342,23.908646,37.897868
195,343,23.904865,37.90063
195,344,23.899136,37.901382
195,345,23.895396,37.903151
195,346,23.894334,37.906341
195,347,23.894784,37.910632
195,348,23.895195,37.911994
195,349,23.894245,37.914714
195,350,23.891954,37.918525
195,351,23.888445,37.922306
195,352,23.883655,37.924334
195,353,23.885935,37.928393
195,354,23.882795,37.931972
195,355,23.884295,37.935032
195,356,23.887194,37.933353
195,357,23.890024,37.934184
195,358,23.890684,37.935443
195,359,23.892013,37.938453
195,360,23.893943,37.942622
195,361,23.896134,37.947021
195,362,23.898163,37.951332
195,363,23.900204,37.95465
195,364,23.900434,37.956038
195,365,23.900465,37.95774
195,366,23.900474,37.960029
195,367,23.900456,37.96162
195,368,23.900455,37.96239
195,369,23.900835,37.962851
195,370,23.905165,37.963813
195,371,23.907234,37.964274
195,372,23.907234,37.964546
195,373,23.906304,37.966247
195,374,23.905783,37.968498
195,375,23.905644,37.970488
195,376,23.904333,37.973777
195,377,23.902993,37.975196
195,378,23.900433,37.976997
195,379,23.897494,37.978896
195,380,23.894403,37.980876
195,381,23.892004,37.982448
195,382,23.888035,37.98505
195,383,23.885016,37.986728
195,384,23.882346,37.987899
195,385,23.878046,37.990237
195,386,23.874736,37.992488
195,387,23.872707,37.994888
195,388,23.870758,37.995868
195,389,23.867638,37.997348
195,390,23.863669,37.999358
195,391,23.859678,38.001407
195,392,23.856928,38.002936
195,393,23.857107,38.002685
195,394,23.857167,38.002716
195,395,23.857176,38.002726
195,396,23.859784,38.001258
195,397,23.863754,37.999298
195,398,23.867834,37.997207
195,399,23.872744,37.994758
195,400,23.876194,37.991409
195,401,23.880015,37.989016
195,402,23.882864,37.987716
195,403,23.884174,37.987148
195,404,23.885664,37.986316
195,405,23.888643,37.984664
195,406,23.890632,37.983375
195,407,23.894422,37.980815
195,408,23.898342,37.978294
195,409,23.901823,37.976062
195,410,23.903062,37.975051
195,411,23.904403,37.973453
195,412,23.905564,37.969764
195,413,23.906103,37.966793
195,414,23.906954,37.964344
195,415,23.905915,37.964072
195,416,23.900805,37.962974
195,417,23.900404,37.960662
195,418,23.900503,37.959452
195,419,23.900522,37.958293
195,420,23.900322,37.955981
195,421,23.899672,37.954013
195,422,23.897871,37.950832
195,423,23.89591,37.946723
195,424,23.89381,37.942473
195,425,23.892191,37.938964
195,426,23.890042,37.934383
195,427,23.887482,37.933341
195,428,23.884201,37.935211
195,429,23.882681,37.932551
195,430,23.8836,37.931163
195,431,23.88554,37.927593
195,432,23.88401,37.923484
195,433,23.890291,37.921146
195,434,23.893361,37.915984
195,435,23.894691,37.910636
195,436,23.894321,37.905048
195,437,23.894612,37.903999
195,438,23.896391,37.90237
195,439,23.900131,37.90139
195,440,23.905121,37.899841
195,441,23.91027,37.896739
195,442,23.915371,37.893508
195,443,23.920182,37.890406
195,444,23.923631,37.886897
195,445,23.926052,37.882476
195,446,23.926561,37.879196
195,447,23.924322,37.875354
195,448,23.921642,37.873202
195,449,23.921222,37.871162
195,450,23.920292,37.870193
195,451,23.919062,37.869334
195,452,23.918131,37.868557
195,453,23.916721,37.867996
195,454,23.915303,37.867595
195,455,23.913551,37.867054
195,456,23.911941,37.866832
195,457,23.910461,37.866893
195,458,23.91134,37.867584
195,459,23.91143,37.868514
195,460,23.91081,37.868793
195,461,23.90982,37.868682
195,462,23.908881,37.868923
195,463,23.907791,37.868652
195,464,23.907021,37.868671
195,465,23.906709,37.86856
195,466,23.906769,37.868579
195,467,23.90672,37.868599
195,468,23.9067,37.868587
195,469,23.90678,37.868625
195,470,23.907221,37.868675
195,471,23.90798,37.868705
195,472,23.908769,37.868915
195,473,23.909489,37.868804
195,474,23.910238,37.868644
195,475,23.910408,37.868644
195,476,23.909918,37.868762
195,477,23.909618,37.869243
195,478,23.909468,37.869223
195,479,23.909567,37.869262
195,480,23.909666,37.868984
195,481,23.909906,37.868633
195,482,23.909656,37.868713
195,483,23.909696,37.868701
195,484,23.909527,37.86877
195,485,23.908716,37.86888
195,486,23.907976,37.868682
195,487,23.907137,37.868663
195,488,23.906767,37.868625
195,489,23.906717,37.868575
195,490,23.906766,37.868575
195,491,23.907427,37.868605
195,492,23.908146,37.868717
195,493,23.908786,37.868865
195,494,23.909496,37.868766
195,495,23.910227,37.868594
195,496,23.910298,37.868686
195,497,23.910047,37.868648
195,498,23.910267,37.868648
195,499,23.910286,37.868648
195,500,23.910107,37.868636
195,501,23.909678,37.868888
195,502,23.909498,37.869189
195,503,23.909427,37.869151
195,504,23.909527,37.869201
195,505,23.909397,37.86901
195,506,23.909847,37.868732
195,507,23.910448,37.868743
195,508,23.909779,37.868705
195,509,23.909078,37.868934
195,510,23.908239,37.868804
195,511,23.907401,37.868675
195,512,23.906879,37.868534
195,513,23.90687,37.868652
195,514,23.90719,37.868721
195,515,23.90788,37.86872
195,516,23.908411,37.868892
195,517,23.909052,37.868972
195,518,23.909743,37.868751
195,519,23.910442,37.868659
195,520,23.910371,37.868789
195,521,23.910292,37.868727
195,522,23.910051,37.868716
195,523,23.909681,37.869068
195,524,23.909471,37.869266
195,525,23.909552,37.869266
195,526,23.909561,37.869266
195,527,23.90937,37.869095
195,528,23.90979,37.868865
195,529,23.91032,37.868736
195,530,23.90958,37.868815
195,531,23.908439,37.868877
195,532,23.90732,37.868705
195,533,23.9069,37.868575
195,534,23.90687,37.868655
195,535,23.90743,37.868644
195,536,23.908041,37.868682
195,537,23.908771,37.868892
195,538,23.909582,37.86875
195,539,23.910312,37.868602
195,540,23.910452,37.868762
195,541,23.910112,37.868652
195,542,23.909732,37.868892
195,543,23.909702,37.869121
195,544,23.909452,37.869189
195,545,23.909573,37.869228
195,546,23.909952,37.868716
195,547,23.910843,37.869216
195,548,23.910282,37.869937
195,549,23.910282,37.869937
195,550,23.910732,37.869388
195,551,23.910433,37.868618
195,552,23.909413,37.868839
195,553,23.908352,37.868801
195,554,23.907223,37.868659
195,555,23.906772,37.86856
195,556,23.906813,37.868628
195,557,23.906732,37.868628
195,558,23.906782,37.868667
195,559,23.907562,37.868716
195,560,23.908372,37.868888
195,561,23.909233,37.868968
195,562,23.910063,37.868717
195,563,23.910532,37.868728
195,564,23.910051,37.868759
195,565,23.90974,37.869117
195,566,23.90974,37.869147
195,567,23.90974,37.869159
195,568,23.909451,37.869189
195,569,23.909581,37.86922
195,570,23.909441,37.86917
195,571,23.909791,37.86885
195,572,23.910322,37.868782
195,573,23.910202,37.868682
195,574,23.909382,37.868881
195,575,23.908571,37.868892
195,576,23.907511,37.868682
195,577,23.906931,37.868564
195,578,23.906891,37.868613
195,579,23.90765,37.868633
195,580,23.90851,37.868873
195,581,23.90963,37.868793
195,582,23.910429,37.868712
195,583,23.90988,37.868853
195,584,23.909689,37.869052
195,585,23.90968,37.869063
195,586,23.909599,37.869285
195,587,23.90958,37.869316
195,588,23.90994,37.868766
195,589,23.910329,37.868686
195,590,23.909318,37.868907
195,591,23.908088,37.868747
195,592,23.906939,37.868618
195,593,23.906908,37.868606
195,594,23.906898,37.868606
195,595,23.906828,37.868606
195,596,23.906847,37.868698
195,597,23.906866,37.868606
195,598,23.906866,37.868606
195,599,23.906875,37.868587
195,600,23.907356,37.868648
195,601,23.908247,37.868766
195,602,23.909188,37.868907
195,603,23.910186,37.868629
195,604,23.910828,37.86922
195,605,23.910198,37.86975
195,606,23.910188,37.869632
195,607,23.910247,37.869861
195,608,23.910689,37.869491
195,609,23.911588,37.86835
195,610,23.911018,37.86729
195,611,23.911289,37.866801
195,612,23.91321,37.866973
195,613,23.91451,37.867305
195,614,23.914971,37.867484
195,615,23.916731,37.867984
195,616,23.91809,37.868545
195,617,23.918951,37.869296
195,618,23.920132,37.870116
195,619,23.921171,37.871078
195,620,23.922232,37.874339
195,621,23.925161,37.8763
195,622,23.928261,37.877342
195,623,23.929491,37.876732
195,624,23.931042,37.874111
195,625,23.931421,37.873889
195,626,23.93049,37.875289
195,627,23.927721,37.880019
195,628,23.92518,37.884319
195,629,23.924921,37.884768
195,630,23.924371,37.885917
195,631,23.92402,37.886657
195,632,23.92123,37.889408
195,633,23.91684,37.892688
195,634,23.911641,37.895977
195,635,23.907011,37.899837
195,636,23.901251,37.901489
195,637,23.89532,37.90327
195,638,23.894362,37.907691
195,639,23.894962,37.91133
195,640,23.895212,37.912872
195,641,23.892653,37.917342
195,642,23.889572,37.922042
195,643,23.883892,37.923823
195,644,23.885792,37.927924
195,645,23.883022,37.931834
195,646,23.878692,37.935954
195,647,23.874072,37.940395
195,648,23.869253,37.944125
195,649,23.864733,37.947475
195,650,23.863422,37.949275
195,651,23.863773,37.950736
195,652,23.865533,37.951804
195,653,23.870723,37.952026
195,654,23.876484,37.953086
195,655,23.882275,37.953887
195,656,23.887795,37.956256
195,657,23.893324,37.957877
195,658,23.896645,37.961418
195,659,23.901285,37.962898
195,660,23.906466,37.964167
195,661,23.906746,37.965019
195,662,23.906065,37.96762
195,663,23.905685,37.969402
195,664,23.904495,37.973521
195,665,23.900255,37.97718
195,666,23.895605,37.980178
195,667,23.891175,37.983138
195,668,23.886885,37.985789
195,669,23.882475,37.987949
195,670,23.877935,37.990428
195,671,23.875076,37.992378
195,672,23.872556,37.995139
195,673,23.868797,37.996791
195,674,23.865337,37.998691
195,675,23.861328,38.0004
195,676,23.858038,38.00249
195,677,23.858278,38.00632
195,678,23.858578,38.007369
195,679,23.858608,38.007628
195,680,23.856928,38.008128
195,681,23.856697,38.009078
195,682,23.856466,38.010249
195,683,23.854385,38.012531
195,684,23.852945,38.01575
195,685,23.851696,38.018459
195,686,23.850577,38.020888
195,687,23.850385,38.020908
195,688,23.850385,38.020896
195,689,23.848785,38.020617
195,690,23.847085,38.021148
195,691,23.848387,38.023097
195,692,23.849467,38.025107
195,693,23.849846,38.025687
195,694,23.849145,38.026668
195,695,23.845156,38.028637
195,696,23.843326,38.027426
195,697,23.840227,38.028438
195,698,23.837446,38.029628
195,699,23.836046,38.028048
195,700,23.834295,38.02629
195,701,23.833355,38.025008
195,702,23.830665,38.023818
195,703,23.827635,38.023177
195,704,23.823594,38.022418
195,705,23.818636,38.021479
195,706,23.813215,38.020389
195,707,23.808396,38.01937
195,708,23.807615,38.019221
195,709,23.807215,38.019141
195,710,23.803394,38.018321
195,711,23.801035,38.01784
195,712,23.798515,38.017489
195,713,23.796626,38.01786
195,714,23.796545,38.01789
195,715,23.795975,38.018241
195,716,23.795155,38.019099
195,717,23.795015,38.019297
195,718,23.794626,38.019809
195,719,23.793956,38.020698
195,720,23.793926,38.020778
195,721,23.792566,38.022269
195,722,23.792376,38.022388
195,723,23.791496,38.022998
195,724,23.790815,38.023429
195,725,23.790735,38.023539
195,726,23.788515,38.024822
195,727,23.787414,38.02547
195,728,23.784704,38.027042
195,729,23.782663,38.028282
195,730,23.780993,38.0293
195,731,23.778483,38.03081
195,732,23.777051,38.031611
195,733,23.772852,38.034103
195,734,23.770881,38.034171
195,735,23.767282,38.032241
195,736,23.764502,38.029742
195,737,23.762302,38.027423
195,738,23.759222,38.023372
195,739,23.758941,38.023094
195,740,23.758512,38.022532
195,741,23.758462,38.022472
195,742,23.758204,38.02214
195,743,23.757972,38.02185
195,744,23.757362,38.021072
195,745,23.757242,38.020912
195,746,23.756773,38.020221
195,747,23.756724,38.020141
195,748,23.756353,38.019511
195,749,23.756304,38.019473
195,750,23.756073,38.019252
195,751,23.754583,38.019733
195,752,23.754253,38.019843
195,753,23.753674,38.020053
195,754,23.753683,38.020083
195,755,23.751673,38.021244
195,756,23.750174,38.022545
195,757,23.749563,38.022765
195,758,23.748873,38.023044
195,759,23.748243,38.023345
195,760,23.745684,38.024505
195,761,23.742804,38.025653
195,762,23.742344,38.024951
195,763,23.741523,38.025272
195,764,23.740913,38.025432
195,765,23.741303,38.02521
