196,1,23.741361,38.025054
196,2,23.74179,38.024875
196,3,23.743731,38.024147
196,4,23.74599,38.023085
196,5,23.747621,38.022345
196,6,23.748142,38.022125
196,7,23.748192,38.022094
196,8,23.749452,38.021544
196,9,23.751321,38.020736
196,10,23.751341,38.020717
196,11,23.752831,38.020076
196,12,23.753181,38.019977
196,13,23.754651,38.019397
196,14,23.755121,38.019218
196,15,23.75513,38.019248
196,16,23.7556,38.0191
196,17,23.75564,38.019061
196,18,23.755779,38.018993
196,19,23.757,38.020492
196,20,23.75848,38.022224
196,21,23.761369,38.025875
196,22,23.764161,38.028754
196,23,23.764999,38.030234
196,24,23.769689,38.032782
196,25,23.77248,38.033344
196,26,23.77317,38.033443
196,27,23.77347,38.033202
196,28,23.773489,38.033172
196,29,23.773859,38.03292
196,30,23.775429,38.0322
196,31,23.775558,38.032119
196,32,23.776709,38.031417
196,33,23.776838,38.031337
196,34,23.776928,38.031288
196,35,23.778538,38.030318
196,36,23.780338,38.02922
196,37,23.780659,38.02904
196,38,23.781889,38.028312
196,39,23.782879,38.027721
196,40,23.783739,38.027153
196,41,23.785179,38.026313
196,42,23.78719,38.025142
196,43,23.787529,38.02497
196,44,23.790399,38.023189
196,45,23.79319,38.021099
196,46,23.796231,38.017688
196,47,23.79859,38.01733
196,48,23.798941,38.017367
196,49,23.799511,38.017448
196,50,23.801871,38.017829
196,51,23.80592,38.018688
196,52,23.80666,38.018829
196,53,23.80966,38.01945
196,54,23.81378,38.020389
196,55,23.819169,38.02145
196,56,23.82457,38.022448
196,57,23.82888,38.023338
196,58,23.82947,38.023456
196,59,23.829929,38.023548
196,60,23.830499,38.023647
196,61,23.830579,38.023647
196,62,23.830931,38.023738
196,63,23.831242,38.023799
196,64,23.831791,38.02399
196,65,23.832741,38.02457
196,66,23.83317,38.02484
196,67,23.83419,38.026149
196,68,23.834961,38.026851
196,69,23.836321,38.02843
196,70,23.838371,38.027671
196,71,23.841782,38.026153
196,72,23.842962,38.026554
196,73,23.846413,38.025325
196,74,23.849003,38.024917
196,75,23.849033,38.024906
196,76,23.848944,38.024387
196,77,23.847053,38.021267
196,78,23.847734,38.020847
196,79,23.848944,38.020557
196,80,23.850994,38.019748
196,81,23.852924,38.015468
196,82,23.854934,38.011268
196,83,23.857114,38.009749
196,84,23.857784,38.009139
196,85,23.857843,38.008529
196,86,23.857732,38.008277
196,87,23.857644,38.008136
196,88,23.857573,38.008155
196,89,23.857502,38.007694
196,90,23.855822,38.007285
196,91,23.855023,38.006374
196,92,23.855862,38.005305
196,93,23.856161,38.003787
196,94,23.8572,38.002849
196,95,23.86051,38.000827
196,96,23.863449,37.999465
196,97,23.865389,37.998565
196,98,23.86883,37.996623
196,99,23.871389,37.995643
196,100,23.873419,37.993755
196,101,23.876108,37.991496
196,102,23.878828,37.989726
196,103,23.880687,37.989417
196,104,23.881308,37.990058
196,105,23.881267,37.989967
196,106,23.881539,37.990299
196,107,23.881779,37.990489
196,108,23.881898,37.990501
196,109,23.881898,37.990539
196,110,23.88168,37.99034
196,111,23.881259,37.989859
196,112,23.88122,37.989849
196,113,23.880869,37.989539
196,114,23.880308,37.989009
196,115,23.879678,37.989318
196,116,23.877788,37.990478
196,117,23.875549,37.991958
196,118,23.87471,37.992328
196,119,23.873381,37.990596
196,120,23.87203,37.989868
196,121,23.869791,37.990687
196,122,23.870781,37.991618
196,123,23.872221,37.993518
196,124,23.870232,37.99538
196,125,23.870272,37.995731
196,126,23.869161,37.996471
196,127,23.866232,37.998122
196,128,23.862941,37.999614
196,129,23.859803,38.001323
196,130,23.857992,38.002784
196,131,23.857933,38.004486
196,132,23.857942,38.004626
196,133,23.857962,38.004848
196,134,23.857962,38.004848
196,135,23.857981,38.005069
196,136,23.85799,38.005149
196,137,23.85799,38.005149
196,138,23.85802,38.005347
196,139,23.85802,38.005359
196,140,23.858061,38.00553
196,141,23.858061,38.00553
196,142,23.8581,38.005741
196,143,23.858101,38.005832
196,144,23.858141,38.00603
196,145,23.85816,38.00605
196,146,23.858209,38.006141
196,147,23.858228,38.00619
196,148,23.858238,38.006301
196,149,23.858238,38.006312
196,150,23.858258,38.006362
196,151,23.858257,38.006431
196,152,23.858307,38.00658
196,153,23.858436,38.00695
196,154,23.858467,38.006987
196,155,23.858526,38.007247
196,156,23.858517,38.007247
196,157,23.858547,38.007426
196,158,23.857946,38.007666
196,159,23.856096,38.008265
196,160,23.856966,38.009234
196,161,23.857157,38.009456
196,162,23.857166,38.009536
196,163,23.856466,38.010104
196,164,23.854715,38.011684
196,165,23.853285,38.014793
196,166,23.851984,38.017623
196,167,23.850864,38.020133
196,168,23.849295,38.020572
196,169,23.847624,38.02085
196,170,23.847504,38.02162
196,171,23.848704,38.023699
196,172,23.849304,38.02481
196,173,23.849865,38.025691
196,174,23.850145,38.026061
196,175,23.850164,38.026092
196,176,23.849245,38.026554
196,177,23.846535,38.027743
196,178,23.844404,38.028945
196,179,23.843704,38.027984
196,180,23.842745,38.027312
196,181,23.840475,38.028293
196,182,23.839485,38.028724
196,183,23.839436,38.028735
196,184,23.839235,38.028834
196,185,23.839124,38.028884
196,186,23.838874,38.028995
196,187,23.838865,38.028995
196,188,23.838726,38.029056
196,189,23.838646,38.029087
196,190,23.838596,38.029097
196,191,23.838297,38.029216
196,192,23.838247,38.029246
196,193,23.837927,38.029376
196,194,23.837927,38.029376
196,195,23.837776,38.029437
196,196,23.837575,38.029547
196,197,23.837575,38.029578
196,198,23.837296,38.029708
196,199,23.837265,38.029758
196,200,23.837104,38.029696
196,201,23.837104,38.029696
196,202,23.836765,38.029227
196,203,23.836646,38.029029
196,204,23.836546,38.028857
196,205,23.836346,38.028587
196,206,23.836206,38.028388
196,207,23.836015,38.028129
196,208,23.835985,38.028091
196,209,23.835736,38.02782
196,210,23.835424,38.027481
196,211,23.834844,38.0269
196,212,23.833994,38.0261
196,213,23.833235,38.025031
196,214,23.831385,38.024013
196,215,23.828264,38.023333
196,216,23.825214,38.022773
196,217,23.821484,38.022231
196,218,23.818074,38.021392
196,219,23.814123,38.020614
196,220,23.810843,38.019904
196,221,23.810072,38.019745
196,222,23.809862,38.019706
196,223,23.809171,38.019534
196,224,23.808462,38.019374
196,225,23.807743,38.019233
196,226,23.807703,38.019233
196,227,23.805492,38.018752
196,228,23.803692,38.018321
196,229,23.802052,38.017951
196,230,23.801582,38.01784
196,231,23.800133,38.0176
196,232,23.798573,38.017379
196,233,23.797392,38.017459
196,234,23.797252,38.017471
196,235,23.796803,38.017562
196,236,23.796784,38.017562
196,237,23.796654,38.017592
196,238,23.796404,38.017704
196,239,23.796404,38.017692
196,240,23.796123,38.017833
196,241,23.796092,38.017871
196,242,23.795113,38.017372
196,243,23.792411,38.015891
196,244,23.792032,38.015773
196,245,23.790072,38.014915
196,246,23.788111,38.013514
196,247,23.785711,38.011734
196,248,23.78469,38.010975
196,249,23.784552,38.010875
196,250,23.784981,38.010516
196,251,23.78655,38.009956
196,252,23.786381,38.009334
196,253,23.78585,38.009253
196,254,23.78519,38.009513
196,255,23.785091,38.009494
196,256,23.78523,38.009506
196,257,23.78488,38.009315
196,258,23.78488,38.009315
196,259,23.784839,38.009223
196,260,23.784609,38.009235
196,261,23.783169,38.009753
196,262,23.783149,38.009765
196,263,23.78384,38.010386
196,264,23.78729,38.012896
196,265,23.79088,38.015437
196,266,23.79187,38.015647
196,267,23.7938,38.016376
196,268,23.794441,38.016715
196,269,23.79487,38.017036
196,270,23.79512,38.017264
196,271,23.795339,38.017504
196,272,23.795611,38.017837
196,273,23.79565,38.017837
196,274,23.797581,38.017269
196,275,23.79768,38.017269
196,276,23.798919,38.017337
196,277,23.802109,38.017818
196,278,23.80399,38.018226
196,279,23.80534,38.018546
196,280,23.806549,38.018775
196,281,23.8074,38.018935
196,282,23.81151,38.019767
196,283,23.813699,38.020286
196,284,23.8185,38.021247
196,285,23.822629,38.022025
196,286,23.82762,38.022976
196,287,23.83152,38.023906
196,288,23.83284,38.024684
196,289,23.83344,38.025116
196,290,23.834411,38.026386
196,291,23.834951,38.026897
196,292,23.836391,38.028537
196,293,23.839041,38.027439
196,294,23.8419,38.026107
196,295,23.84259,38.026329
196,296,23.844721,38.025588
196,297,23.847941,38.025138
196,298,23.84863,38.025028
196,299,23.849151,38.024879
196,300,23.84793,38.022518
196,301,23.847921,38.020797
196,302,23.850471,38.020747
196,303,23.85193,38.017615
196,304,23.8537,38.013686
196,305,23.855581,38.010695
196,306,23.857182,38.009475
196,307,23.858021,38.008987
196,308,23.857941,38.008715
196,309,23.857941,38.008705
196,310,23.857851,38.008525
196,311,23.857851,38.008487
196,312,23.857632,38.008209
196,313,23.857632,38.008178
196,314,23.857492,38.00766
196,315,23.856512,38.007049
196,316,23.855852,38.006057
196,317,23.856343,38.004626
196,318,23.856823,38.002975
196,319,23.856823,38.002956
196,320,23.858663,38.001995
196,321,23.862873,37.999614
196,322,23.867243,37.997523
196,323,23.869583,37.996143
196,324,23.872923,37.994582
196,325,23.876632,37.991134
196,326,23.880182,37.988944
196,327,23.881342,37.990042
196,328,23.881342,37.990013
196,329,23.881342,37.990013
196,330,23.881213,37.989864
196,331,23.881222,37.990004
196,332,23.881271,37.989875
196,333,23.881172,37.989776
196,334,23.881132,37.989775
196,335,23.880413,37.989128
196,336,23.879913,37.989116
196,337,23.878942,37.989665
196,338,23.876473,37.991275
196,339,23.874592,37.992156
196,340,23.873013,37.990135
196,341,23.871052,37.990024
196,342,23.870201,37.990913
196,343,23.871801,37.992603
196,344,23.870762,37.994732
196,345,23.869473,37.996242
196,346,23.866593,37.997871
196,347,23.863573,37.999362
196,348,23.860243,38.000961
196,349,23.858083,38.002311
196,350,23.857874,38.0037
196,351,23.858253,38.00629
196,352,23.858503,38.007121
196,353,23.858494,38.00716
196,354,23.858494,38.007179
196,355,23.858534,38.007327
196,356,23.858573,38.007408
196,357,23.859773,38.007289
196,358,23.860424,38.007228
196,359,23.860443,38.007228
196,360,23.860553,38.007228
196,361,23.860794,38.008567
196,362,23.861115,38.010429
196,363,23.861145,38.012
196,364,23.860315,38.013362
196,365,23.860315,38.015723
196,366,23.860355,38.017623
196,367,23.860426,38.019763
196,368,23.860426,38.019802
196,369,23.860315,38.020633
196,370,23.860155,38.021522
196,371,23.859835,38.022724
196,372,23.859684,38.023963
196,373,23.859464,38.026294
196,374,23.859234,38.028835
196,375,23.858584,38.031104
196,376,23.856613,38.031776
196,377,23.856353,38.031917
196,378,23.857063,38.033286
196,379,23.855333,38.034995
196,380,23.852703,38.037265
196,381,23.850264,38.039855
196,382,23.847864,38.041755
196,383,23.844885,38.043365
196,384,23.843515,38.044235
196,385,23.842155,38.044883
196,386,23.839596,38.046584
196,387,23.840706,38.047363
196,388,23.842396,38.048522
196,389,23.843956,38.049502
196,390,23.845337,38.050753
196,391,23.846767,38.051975
196,392,23.849078,38.052455
196,393,23.851846,38.052535
196,394,23.853647,38.053165
196,395,23.854307,38.053035
196,396,23.854307,38.053035
