197,1,23.741431,38.025074
197,2,23.741431,38.025074
197,3,23.74193,38.024864
197,4,23.74415,38.023872
197,5,23.745679,38.023063
197,6,23.74802,38.022052
197,7,23.749889,38.02135
197,8,23.75165,38.020579
197,9,23.75313,38.01997
197,10,23.75475,38.01932
197,11,23.75572,38.01897
197,12,23.75574,38.01897
197,13,23.755919,38.018939
197,14,23.75697,38.020419
197,15,23.758428,38.022159
197,16,23.761209,38.02571
197,17,23.764799,38.029922
197,18,23.767698,38.0321
197,19,23.771198,38.033881
197,20,23.772327,38.0334
197,21,23.773068,38.03342
197,22,23.773438,38.03318
197,23,23.773518,38.033111
197,24,23.773718,38.033
197,25,23.775007,38.032378
197,26,23.775498,38.032127
197,27,23.777236,38.031077
197,28,23.779497,38.029739
197,29,23.780847,38.028918
197,30,23.781276,38.028667
197,31,23.781906,38.028297
197,32,23.783657,38.027236
197,33,23.785127,38.026336
197,34,23.786438,38.025577
197,35,23.788427,38.024406
197,36,23.788508,38.024357
197,37,23.789108,38.023975
197,38,23.791779,38.022495
197,39,23.794218,38.019904
197,40,23.795518,38.018245
197,41,23.79889,38.017345
197,42,23.80214,38.017856
197,43,23.80529,38.018527
197,44,23.80674,38.018859
197,45,23.80675,38.018859
197,46,23.80871,38.01929
197,47,23.813489,38.020309
197,48,23.81924,38.021419
197,49,23.824372,38.02241
197,50,23.829371,38.023429
197,51,23.830601,38.02365
197,52,23.830971,38.02373
197,53,23.831871,38.02404
197,54,23.832281,38.024291
197,55,23.833462,38.024993
197,56,23.833922,38.025771
197,57,23.835192,38.027041
197,58,23.836333,38.028361
197,59,23.838663,38.027583
197,60,23.841583,38.026244
197,61,23.842683,38.026404
197,62,23.845084,38.025523
197,63,23.848823,38.024974
197,64,23.849103,38.024894
197,65,23.849114,38.024883
197,66,23.848653,38.023803
197,67,23.847134,38.021354
197,68,23.848443,38.020633
197,69,23.850713,38.020381
197,70,23.852533,38.016353
197,71,23.854514,38.012012
197,72,23.857113,38.009761
197,73,23.857813,38.009082
197,74,23.857844,38.008361
197,75,23.857513,38.007972
197,76,23.857473,38.007972
197,77,23.857584,38.00772
197,78,23.856193,38.007129
197,79,23.855275,38.006168
197,80,23.856514,38.005176
197,81,23.856573,38.003128
197,82,23.856844,38.002876
197,83,23.856825,38.002876
197,84,23.856955,38.002796
197,85,23.857155,38.002757
197,86,23.857155,38.002746
197,87,23.857515,38.002585
197,88,23.861216,38.000285
197,89,23.865344,37.998546
197,90,23.869425,37.996215
197,91,23.871225,37.995673
197,92,23.874075,37.992854
197,93,23.874886,37.992293
197,94,23.878625,37.989852
197,95,23.880785,37.989482
197,96,23.881356,37.990112
197,97,23.881396,37.99002
197,98,23.881256,37.989951
197,99,23.881266,37.990013
197,100,23.881146,37.989741
197,101,23.880995,37.989551
197,102,23.880995,37.989551
197,103,23.880915,37.989513
197,104,23.880304,37.989001
197,105,23.880085,37.989062
197,106,23.878485,37.990001
197,107,23.876065,37.991599
197,108,23.874985,37.992309
197,109,23.874556,37.992038
197,110,23.872946,37.990046
197,111,23.870707,37.990084
197,112,23.869526,37.990615
197,113,23.867485,37.989414
197,114,23.866156,37.988193
197,115,23.865135,37.986564
197,116,23.864195,37.986255
197,117,23.862165,37.987106
197,118,23.859645,37.988185
197,119,23.857826,37.988993
197,120,23.855606,37.989974
197,121,23.852747,37.991203
197,122,23.850006,37.992392
197,123,23.849456,37.992774
197,124,23.848856,37.992366
197,125,23.849586,37.991137
197,126,23.849716,37.990859
197,127,23.849815,37.99057
197,128,23.849834,37.990508
197,129,23.850025,37.989917
197,130,23.850476,37.988326
197,131,23.850555,37.987636
197,132,23.850715,37.986396
197,133,23.850855,37.985366
197,134,23.850985,37.984885
197,135,23.851475,37.982986
197,136,23.852354,37.979926
197,137,23.851333,37.979655
197,138,23.850104,37.979656
197,139,23.849324,37.979655
197,140,23.848524,37.979636
197,141,23.847985,37.979618
197,142,23.847894,37.979766
197,143,23.847864,37.979778
197,144,23.849335,37.979648
197,145,23.851425,37.979636
197,146,23.852145,37.980598
197,147,23.851195,37.984008
197,148,23.851164,37.984069
197,149,23.850714,37.986461
197,150,23.850233,37.989291
197,151,23.848963,37.992202
197,152,23.851473,37.991691
197,153,23.855303,37.990031
197,154,23.859153,37.98833
197,155,23.862543,37.986831
197,156,23.864522,37.986023
197,157,23.865044,37.986552
197,158,23.866304,37.988544
197,159,23.869046,37.990375
197,160,23.872156,37.989684
197,161,23.873976,37.991546
197,162,23.876196,37.991324
197,163,23.879996,37.988987
197,164,23.880636,37.989467
197,165,23.881136,37.989929
197,166,23.881226,37.990077
197,167,23.881325,37.990039
197,168,23.881306,37.98997
197,169,23.881207,37.990032
197,170,23.881166,37.98989
197,171,23.880447,37.989162
197,172,23.879806,37.989192
197,173,23.878126,37.99021
197,174,23.875727,37.991801
197,175,23.874906,37.992343
197,176,23.874006,37.991412
197,177,23.872587,37.989734
197,178,23.870468,37.990245
197,179,23.868948,37.990325
197,180,23.866777,37.988936
197,181,23.865488,37.987204
197,182,23.864699,37.986095
197,183,23.864097,37.986285
197,184,23.862386,37.987056
197,185,23.859926,37.988124
197,186,23.857826,37.989055
197,187,23.855057,37.990234
197,188,23.851946,37.991584
197,189,23.849926,37.992633
197,190,23.849245,37.992751
197,191,23.848764,37.992591
197,192,23.849523,37.991172
197,193,23.850313,37.989063
197,194,23.850554,37.987384
197,195,23.850724,37.986125
197,196,23.850763,37.985717
197,197,23.851075,37.984378
197,198,23.851124,37.984157
197,199,23.851694,37.982077
197,200,23.852353,37.979747
197,201,23.851243,37.979667
197,202,23.849564,37.979667
197,203,23.847973,37.979637
197,204,23.847893,37.979526
197,205,23.847874,37.979907
197,206,23.848003,37.979606
197,207,23.848703,37.979606
197,208,23.850084,37.979594
197,209,23.851845,37.979605
197,210,23.852246,37.979644
197,211,23.852295,37.979896
197,212,23.852085,37.980754
197,213,23.851814,37.981746
197,214,23.851624,37.982436
197,215,23.851383,37.983295
197,216,23.851223,37.983814
197,217,23.850862,37.985202
197,218,23.850582,37.986991
197,219,23.850462,37.988051
197,220,23.850302,37.989032
197,221,23.848942,37.991981
197,222,23.851352,37.991751
197,223,23.855272,37.99005
197,224,23.858492,37.988689
197,225,23.860971,37.987628
197,226,23.863012,37.986659
197,227,23.864823,37.986148
197,228,23.865513,37.987319
197,229,23.867144,37.989181
197,230,23.869743,37.9906
197,231,23.872512,37.989681
197,232,23.873972,37.99134
197,233,23.875482,37.991851
197,234,23.879353,37.98936
197,235,23.880892,37.989581
197,236,23.881213,37.989951
197,237,23.881272,37.989989
197,238,23.881272,37.990039
197,239,23.881153,37.990004
197,240,23.881193,37.990245
197,241,23.881234,37.990295
197,242,23.881163,37.990314
197,243,23.881153,37.990295
197,244,23.881193,37.990115
197,245,23.881212,37.990115
197,246,23.881202,37.990016
197,247,23.881184,37.990035
197,248,23.880833,37.989573
197,249,23.880191,37.989006
197,250,23.879233,37.989505
197,251,23.877142,37.990844
197,252,23.874952,37.992305
197,253,23.873932,37.991355
197,254,23.872472,37.989756
197,255,23.870163,37.990306
197,256,23.870332,37.991256
197,257,23.871792,37.992747
197,258,23.871211,37.994506
197,259,23.870222,37.995776
197,260,23.870222,37.995776
197,261,23.870281,37.995887
197,262,23.868092,37.997115
197,263,23.865153,37.998687
197,264,23.862103,37.999946
197,265,23.859123,38.001784
197,266,23.857873,38.003543
197,267,23.858155,38.006011
197,268,23.858514,38.00724
197,269,23.858555,38.007469
197,270,23.860084,38.00729
197,271,23.860324,38.00727
197,272,23.860726,38.008269
197,273,23.861037,38.010101
197,274,23.861156,38.011279
197,275,23.862017,38.011531
197,276,23.862566,38.011581
197,277,23.862326,38.011481
197,278,23.862345,38.011661
197,279,23.862175,38.011642
197,280,23.861975,38.011612
197,281,23.861545,38.011599
197,282,23.861157,38.0116
197,283,23.861316,38.01152
197,284,23.861387,38.011359
197,285,23.861288,38.011329
197,286,23.861307,38.011367
197,287,23.861298,38.011248
197,288,23.861388,38.01123
197,289,23.861288,38.011501
197,290,23.860838,38.011512
197,291,23.860347,38.010791
197,292,23.860037,38.010673
197,293,23.859017,38.009632
197,294,23.857827,38.008361
197,295,23.857515,38.00801
197,296,23.857444,38.00801
197,297,23.857115,38.00709
197,298,23.855225,38.007289
197,299,23.855795,38.00587
197,300,23.856304,38.00468
197,301,23.856724,38.003089
197,302,23.859925,38.001281
197,303,23.863365,37.99953
197,304,23.866955,37.99776
197,305,23.871004,37.995819
197,306,23.873484,37.993659
197,307,23.874424,37.992679
197,308,23.877494,37.990631
197,309,23.880185,37.989009
197,310,23.881155,37.98989
197,311,23.881315,37.990088
197,312,23.881345,37.990206
197,313,23.881385,37.990116
197,314,23.881275,37.989997
197,315,23.881365,37.989997
197,316,23.881346,37.989959
197,317,23.881626,37.990077
197,318,23.881626,37.990108
197,319,23.882086,37.990515
197,320,23.881685,37.991527
197,321,23.881085,37.991557
197,322,23.881124,37.991595
197,323,23.881605,37.991596
197,324,23.881266,37.991657
197,325,23.881266,37.991657
197,326,23.881835,37.991355
197,327,23.882176,37.990787
197,328,23.882006,37.991645
197,329,23.881616,37.993064
197,330,23.881197,37.994636
197,331,23.880667,37.996554
197,332,23.880197,37.998676
197,333,23.880517,38.000735
197,334,23.880749,38.002654
197,335,23.880819,38.003555
197,336,23.880779,38.003543
197,337,23.88012,38.003715
197,338,23.878229,38.003745
197,339,23.877119,38.003707
197,340,23.876939,38.003737
197,341,23.876669,38.003837
197,342,23.876299,38.003986
197,343,23.876299,38.003997
197,344,23.87633,38.004028
197,345,23.87545,38.004226
197,346,23.875549,38.004206
197,347,23.875568,38.004157
197,348,23.875668,38.004089
197,349,23.877267,38.003749
197,350,23.876728,38.002189
197,351,23.876287,38.0008
197,352,23.875937,37.99982
197,353,23.875548,37.998988
197,354,23.876248,37.998538
197,355,23.876229,37.994918
197,356,23.874998,37.992748
197,357,23.874998,37.992728
197,358,23.877437,37.990657
197,359,23.880388,37.989078
197,360,23.881208,37.989856
197,361,23.881279,37.989936
197,362,23.881399,37.990127
197,363,23.881819,37.990398
197,364,23.881979,37.990817
197,365,23.881609,37.991478
197,366,23.881498,37.991626
197,367,23.881498,37.991645
197,368,23.881698,37.991565
197,369,23.881708,37.991577
197,370,23.881878,37.991046
197,371,23.881807,37.990485
197,372,23.881378,37.990153
197,373,23.881098,37.989875
197,374,23.881218,37.989924
197,375,23.881289,37.989986
197,376,23.881199,37.989856
197,377,23.881168,37.989875
197,378,23.881308,37.990054
197,379,23.881308,37.990054
197,380,23.881338,37.990073
197,381,23.881227,37.990062
197,382,23.881048,37.989833
197,383,23.881038,37.989833
197,384,23.881229,37.990054
197,385,23.881249,37.990043
197,386,23.881149,37.989963
197,387,23.880918,37.989753
197,388,23.880918,37.989753
197,389,23.880878,37.989672
197,390,23.880238,37.989044
197,391,23.882337,37.987983
197,392,23.885168,37.986702
197,393,23.888459,37.98487
197,394,23.891838,37.98265
197,395,23.895387,37.980312
197,396,23.899168,37.97787
197,397,23.903047,37.975169
197,398,23.905227,37.971889
197,399,23.905709,37.968578
197,400,23.906188,37.966407
197,401,23.907018,37.964667
197,402,23.905079,37.964038
197,403,23.901909,37.963126
197,404,23.899189,37.963047
197,405,23.896519,37.961406
197,406,23.894249,37.958896
197,407,23.891199,37.957145
197,408,23.888418,37.956585
197,409,23.885938,37.955593
197,410,23.882389,37.953963
197,411,23.878279,37.953533
197,412,23.873949,37.952571
197,413,23.86936,37.952011
197,414,23.86538,37.951831
197,415,23.862779,37.951633
197,416,23.86223,37.951693
197,417,23.86218,37.951705
197,418,23.862171,37.951693
197,419,23.86214,37.951182
197,420,23.863321,37.949271
197,421,23.865122,37.94651
197,422,23.866851,37.942951
197,423,23.868092,37.938731
197,424,23.86988,37.934333
197,425,23.871771,37.929893
197,426,23.873442,37.925342
197,427,23.874891,37.92081
197,428,23.875421,37.916629
197,429,23.874012,37.91268
197,430,23.873382,37.909041
197,431,23.872883,37.906371
197,432,23.872623,37.903953
197,433,23.872404,37.901721
197,434,23.873144,37.899841
197,435,23.874285,37.89857
197,436,23.876135,37.896709
197,437,23.878916,37.894908
197,438,23.880426,37.894076
197,439,23.881446,37.892726
197,440,23.881586,37.891597
197,441,23.881596,37.891486
197,442,23.881475,37.889575
197,443,23.879455,37.886813
197,444,23.876495,37.884223
197,445,23.873396,37.881652
197,446,23.870075,37.879252
197,447,23.866994,37.876853
197,448,23.864275,37.875152
197,449,23.861195,37.8735
197,450,23.858155,37.871509
197,451,23.854954,37.869251
197,452,23.851725,37.866412
197,453,23.848755,37.863761
197,454,23.845245,37.861641
197,455,23.842255,37.85926
197,456,23.837924,37.857871
197,457,23.833864,37.856861
197,458,23.832963,37.856361
197,459,23.832214,37.85588
197,460,23.831314,37.854949
197,461,23.831105,37.854499
197,462,23.830685,37.85358
197,463,23.830315,37.852771
197,464,23.829633,37.85126
197,465,23.829513,37.851001
197,466,23.829214,37.85033
197,467,23.829164,37.849979
197,468,23.828875,37.849399
197,469,23.828014,37.848597
197,470,23.827083,37.847988
197,471,23.826353,37.847617
197,472,23.825323,37.847099
197,473,23.824704,37.846778
197,474,23.823874,37.84642
197,475,23.823254,37.846118
197,476,23.822323,37.845649
197,477,23.821083,37.844909
197,478,23.819692,37.84397
197,479,23.817533,37.842453
197,480,23.815054,37.840934
197,481,23.812643,37.839503
197,482,23.810164,37.837974
197,483,23.809873,37.837794
197,484,23.808274,37.836784
197,485,23.806713,37.835814
197,486,23.805874,37.835304
197,487,23.805583,37.835113
197,488,23.804224,37.834255
197,489,23.804183,37.834224
197,490,23.803364,37.833693
197,491,23.800823,37.833793
197,492,23.797684,37.834304
197,493,23.795013,37.834736
197,494,23.792433,37.834987
197,495,23.791583,37.835067
197,496,23.791483,37.835067
197,497,23.788932,37.834746
197,498,23.785843,37.833767
197,499,23.784143,37.835567
197,500,23.780434,37.836306
197,501,23.777784,37.837527
197,502,23.775505,37.839706
197,503,23.773716,37.841365
197,504,23.772325,37.841525
197,505,23.771336,37.843066
197,506,23.770747,37.844398
197,507,23.770176,37.845668
197,508,23.769495,37.847346
197,509,23.768746,37.849357
197,510,23.768384,37.850326
197,511,23.767654,37.852286
197,512,23.767234,37.853877
197,513,23.767614,37.855018
197,514,23.767965,37.857269
197,515,23.769716,37.859527
197,516,23.769685,37.861137
197,517,23.769026,37.863216
197,518,23.767955,37.866054
197,519,23.766297,37.868964
197,520,23.764757,37.871405
197,521,23.764226,37.874267
197,522,23.763757,37.877688
197,523,23.763548,37.880549
197,524,23.762928,37.882782
197,525,23.762598,37.883681
197,526,23.762157,37.88512
197,527,23.761568,37.88763
