199,1,23.76838,38.108772
199,2,23.76791,38.108531
199,3,23.767879,38.10784
199,4,23.767019,38.107909
199,5,23.76606,38.107421
199,6,23.765489,38.107021
199,7,23.764518,38.1067
199,8,23.763759,38.106429
199,9,23.763529,38.10572
199,10,23.761548,38.105521
199,11,23.759548,38.105342
199,12,23.758759,38.104331
199,13,23.757299,38.102241
199,14,23.756069,38.10041
199,15,23.757489,38.100078
199,16,23.759767,38.099376
199,17,23.762457,38.098586
199,18,23.764667,38.097877
199,19,23.766959,38.097148
199,20,23.769369,38.096396
199,21,23.771398,38.095805
199,22,23.772259,38.097034
199,23,23.772958,38.098754
199,24,23.773969,38.100063
199,25,23.775459,38.100494
199,26,23.776628,38.100753
199,27,23.778417,38.100444
199,28,23.779238,38.100234
199,29,23.781758,38.101314
199,30,23.785417,38.103466
199,31,23.788718,38.106384
199,32,23.790747,38.109984
199,33,23.789776,38.114005
199,34,23.789365,38.117564
199,35,23.791367,38.120964
199,36,23.793346,38.124393
199,37,23.793747,38.125324
199,38,23.794517,38.126242
199,39,23.795859,38.123813
199,40,23.797788,38.120365
199,41,23.799869,38.116645
199,42,23.802009,38.112845
199,43,23.80385,38.109626
199,44,23.805639,38.106338
199,45,23.806829,38.107078
199,46,23.80846,38.106288
199,47,23.80998,38.107379
199,48,23.811251,38.10633
199,49,23.81419,38.105689
199,50,23.815919,38.105498
199,51,23.81885,38.10773
199,52,23.822239,38.11101
199,53,23.824379,38.11409
199,54,23.827198,38.115718
199,55,23.829939,38.118678
199,56,23.831129,38.119079
199,57,23.833389,38.121398
199,58,23.836279,38.124976
199,59,23.83816,38.128898
199,60,23.839819,38.131927
199,61,23.840719,38.131439
199,62,23.840869,38.131198
199,63,23.84099,38.131088
199,64,23.8411,38.130989
199,65,23.841029,38.130989
199,66,23.84094,38.131149
199,67,23.840722,38.131427
199,68,23.840641,38.131458
199,69,23.840711,38.131568
199,70,23.840261,38.131819
199,71,23.840002,38.131832
199,72,23.839672,38.131652
199,73,23.838722,38.129763
199,74,23.837211,38.126574
199,75,23.835423,38.123233
199,76,23.832293,38.120063
199,77,23.830313,38.118793
199,78,23.828722,38.117171
199,79,23.826523,38.114993
199,80,23.824534,38.113925
199,81,23.823734,38.112574
199,82,23.822103,38.110553
199,83,23.818964,38.107554
199,84,23.815214,38.104384
199,85,23.810323,38.102394
199,86,23.805464,38.100463
199,87,23.800564,38.098563
199,88,23.798044,38.097602
199,89,23.796595,38.097023
199,90,23.795334,38.096374
199,91,23.795044,38.096175
199,92,23.795034,38.096164
199,93,23.793754,38.095134
199,94,23.793035,38.094253
199,95,23.792055,38.093025
199,96,23.791034,38.092013
199,97,23.789545,38.091365
199,98,23.787226,38.091403
199,99,23.784326,38.090842
199,100,23.781027,38.091651
199,101,23.777907,38.090972
199,102,23.776686,38.091083
199,103,23.776026,38.091453
199,104,23.775966,38.091491
199,105,23.774946,38.09225
199,106,23.774927,38.092261
199,107,23.774316,38.09254
199,108,23.772557,38.092601
199,109,23.769956,38.092262
199,110,23.767736,38.09196
199,111,23.768026,38.092528
199,112,23.769526,38.093627
199,113,23.769785,38.093826
199,114,23.769785,38.093837
199,115,23.770155,38.094157
199,116,23.771195,38.095267
199,117,23.770424,38.096046
199,118,23.767633,38.096916
199,119,23.765173,38.097686
199,120,23.763283,38.098277
199,121,23.760843,38.098987
199,122,23.758062,38.099856
199,123,23.756123,38.100265
199,124,23.756773,38.101066
199,125,23.757954,38.102874
199,126,23.759412,38.105033
199,127,23.760643,38.107444
199,128,23.760803,38.109893
199,129,23.760942,38.111903
199,130,23.762111,38.111984
199,131,23.763043,38.112205
199,132,23.763952,38.112724
199,133,23.765052,38.113425
199,134,23.766262,38.114234
199,135,23.766552,38.113494
199,136,23.766522,38.113033
199,137,23.766481,38.113204
199,138,23.766681,38.114043
199,139,23.767961,38.114204
199,140,23.767962,38.113544
199,141,23.767832,38.112834
199,142,23.766901,38.112796
199,143,23.766472,38.112185
199,144,23.766462,38.112224
199,145,23.765842,38.112273
199,146,23.765201,38.112433
199,147,23.765272,38.112914
199,148,23.765242,38.113055
199,149,23.765062,38.112884
199,150,23.765213,38.112785
199,151,23.765163,38.112224
199,152,23.764843,38.111743
199,153,23.764004,38.111625
199,154,23.763455,38.112155
199,155,23.762705,38.112354
199,156,23.761234,38.112143
199,157,23.760904,38.110835
199,158,23.760704,38.107715
199,159,23.759223,38.104934
199,160,23.758783,38.104385
199,161,23.757284,38.102256
199,162,23.756254,38.100337
199,163,23.758724,38.099788
199,164,23.761653,38.09885
199,165,23.763683,38.098208
199,166,23.765944,38.097468
199,167,23.769363,38.096408
199,168,23.771405,38.09592
199,169,23.772203,38.097041
199,170,23.772774,38.09859
199,171,23.773915,38.10004
199,172,23.775395,38.100521
199,173,23.776825,38.100902
199,174,23.778925,38.100112
199,175,23.780335,38.100742
199,176,23.783835,38.102523
199,177,23.786835,38.104614
199,178,23.789104,38.107154
199,179,23.790523,38.110755
199,180,23.789483,38.114986
199,181,23.789934,38.118606
199,182,23.792004,38.122145
199,183,23.793663,38.125117
199,184,23.794542,38.126338
199,185,23.796062,38.123637
199,186,23.798292,38.119636
199,187,23.800373,38.115806
199,188,23.802503,38.111995
199,189,23.804304,38.108733
199,190,23.806225,38.105525
199,191,23.807415,38.107314
199,192,23.809034,38.106964
199,193,23.809574,38.106532
199,194,23.812694,38.10657
199,195,23.814665,38.10546
199,196,23.817524,38.10641
199,197,23.820675,38.109408
199,198,23.823515,38.112567
199,199,23.825834,38.114349
199,200,23.828585,38.117049
199,201,23.830765,38.11861
199,202,23.832575,38.120441
199,203,23.835896,38.124042
199,204,23.837875,38.128204
199,205,23.839686,38.131843
199,206,23.840635,38.131473
199,207,23.840675,38.131434
199,208,23.840885,38.131243
199,209,23.840956,38.131163
199,210,23.840974,38.131144
199,211,23.841105,38.130973
199,212,23.841085,38.130943
199,213,23.840796,38.131404
199,214,23.840416,38.131812
199,215,23.839636,38.131633
199,216,23.838636,38.129653
199,217,23.837157,38.126521
199,218,23.835457,38.123351
199,219,23.832318,38.120162
199,220,23.830508,38.118862
199,221,23.828897,38.117381
199,222,23.826738,38.115241
199,223,23.824629,38.114002
199,224,23.823738,38.112613
199,225,23.821978,38.110473
199,226,23.818218,38.106894
199,227,23.813549,38.103713
199,228,23.80847,38.101734
199,229,23.803271,38.099655
199,230,23.79776,38.097534
199,231,23.793391,38.094722
199,232,23.79142,38.092242
199,233,23.79007,38.091804
199,234,23.78773,38.091514
199,235,23.785,38.090824
199,236,23.78206,38.091682
199,237,23.778651,38.09122
199,238,23.776501,38.091182
199,239,23.775931,38.091552
199,240,23.77548,38.091933
199,241,23.775119,38.092204
199,242,23.775101,38.092216
199,243,23.77462,38.092437
199,244,23.77247,38.092635
199,245,23.77033,38.092357
199,246,23.76926,38.092208
199,247,23.76762,38.09201
199,248,23.76798,38.092551
199,249,23.769091,38.09341
199,250,23.770581,38.094661
199,251,23.77112,38.095882
199,252,23.768881,38.096591
199,253,23.766501,38.097301
199,254,23.76407,38.098059
199,255,23.76198,38.098709
199,256,23.75937,38.099487
199,257,23.75671,38.100189
199,258,23.75639,38.100639
199,259,23.75728,38.102057
199,260,23.758739,38.104198
199,261,23.760478,38.106589
199,262,23.760759,38.109081
199,263,23.76091,38.111701
199,264,23.761609,38.11201
199,265,23.761971,38.11206
199,266,23.762849,38.112339
199,267,23.76311,38.112307
199,268,23.763569,38.111827
199,269,23.76434,38.111858
199,270,23.76478,38.111766
199,271,23.765061,38.112197
199,272,23.76511,38.112677
199,273,23.765221,38.112807
199,274,23.765051,38.112819
199,275,23.765181,38.112708
199,276,23.7651,38.111949
199,277,23.76457,38.111609
199,278,23.76367,38.111862
199,279,23.762939,38.112411
199,280,23.761549,38.11212
199,281,23.760929,38.111472
199,282,23.760778,38.108871
199,283,23.759918,38.105899
199,284,23.758499,38.10395
199,285,23.757189,38.102008
199,286,23.756099,38.10049
199,287,23.75807,38.099948
199,288,23.76065,38.099097
199,289,23.762791,38.098468
199,290,23.765261,38.097709
199,291,23.768401,38.096698
199,292,23.771259,38.095786
199,293,23.772218,38.096908
199,294,23.772899,38.098709
199,295,23.774309,38.10028
199,296,23.775629,38.10052
199,297,23.776569,38.100718
199,298,23.778358,38.100459
199,299,23.779138,38.100059
199,300,23.779179,38.100169
199,301,23.781008,38.101009
199,302,23.784518,38.102939
199,303,23.788137,38.105678
199,304,23.790567,38.109317
199,305,23.789867,38.113517
199,306,23.789427,38.117679
199,307,23.791277,38.12086
199,308,23.793066,38.123912
199,309,23.794337,38.126582
199,310,23.794736,38.126052
199,311,23.796448,38.123081
199,312,23.798767,38.11901
199,313,23.800857,38.115271
199,314,23.802948,38.111503
199,315,23.804958,38.107932
199,316,23.806838,38.106132
199,317,23.807819,38.106651
199,318,23.809519,38.10783
199,319,23.810249,38.106028
199,320,23.813779,38.10649
199,321,23.81604,38.105529
199,322,23.81929,38.10815
199,323,23.823009,38.111759
199,324,23.82527,38.114089
199,325,23.828239,38.116759
199,326,23.83057,38.118518
199,327,23.83135,38.119078
199,328,23.83395,38.121787
199,329,23.836741,38.125797
199,330,23.8382,38.128848
199,331,23.83989,38.131847
199,332,23.8408,38.131236
199,333,23.840829,38.131168
199,334,23.84084,38.131137
199,335,23.84103,38.130946
199,336,23.84104,38.130897
199,337,23.840839,38.131305
199,338,23.840719,38.131576
199,339,23.840149,38.131805
199,340,23.839628,38.131553
199,341,23.838567,38.129451
199,342,23.836967,38.126059
199,343,23.834648,38.122458
199,344,23.831647,38.11938
199,345,23.829818,38.118571
199,346,23.828258,38.11679
199,347,23.825888,38.11444
199,348,23.823979,38.113738
199,349,23.823399,38.111857
199,350,23.820259,38.108806
199,351,23.816,38.104885
199,352,23.81048,38.102473
199,353,23.80521,38.100372
199,354,23.800029,38.098372
199,355,23.79493,38.096103
199,356,23.791849,38.092674
199,357,23.791069,38.091952
199,358,23.789308,38.091312
199,359,23.786638,38.09112
199,360,23.782938,38.0913
199,361,23.778929,38.0913
199,362,23.776579,38.091151
199,363,23.775148,38.09217
199,364,23.773909,38.092761
199,365,23.771648,38.092502
199,366,23.768947,38.092151
199,367,23.767618,38.092082
199,368,23.768578,38.092921
199,369,23.770498,38.094482
199,370,23.771239,38.09582
199,371,23.768947,38.09653
199,372,23.765857,38.097461
199,373,23.763487,38.098212
199,374,23.761287,38.098872
199,375,23.759518,38.099402
199,376,23.756887,38.100131
199,377,23.756207,38.10039
199,378,23.757076,38.101482
199,379,23.758427,38.103633
199,380,23.760215,38.106132
199,381,23.760777,38.108543
199,382,23.760927,38.111133
199,383,23.761697,38.111984
199,384,23.762937,38.112315
199,385,23.763566,38.111815
199,386,23.764507,38.111496
199,387,23.765007,38.111785
199,388,23.765167,38.112346
199,389,23.765257,38.112785
199,390,23.765447,38.112914
199,391,23.765268,38.112884
199,392,23.765368,38.112853
199,393,23.765228,38.112273
199,394,23.764957,38.111762
199,395,23.764107,38.111602
199,396,23.763457,38.112223
199,397,23.762497,38.112262
199,398,23.761307,38.112162
199,399,23.761036,38.111812
199,400,23.760836,38.108974
199,401,23.759785,38.105613
199,402,23.758074,38.103164
199,403,23.756304,38.100616
199,404,23.757984,38.099967
199,405,23.760754,38.099067
199,406,23.763205,38.098357
199,407,23.765025,38.097796
199,408,23.768176,38.096797
199,409,23.771305,38.095798
199,410,23.772285,38.097
199,411,23.773065,38.098838
199,412,23.774385,38.100318
199,413,23.775554,38.100528
199,414,23.776874,38.100917
199,415,23.778925,38.100158
199,416,23.780276,38.100719
199,417,23.784494,38.102908
199,418,23.788314,38.105849
199,419,23.790754,38.11011
199,420,23.789653,38.114581
199,421,23.789993,38.118602
199,422,23.792093,38.12247
199,423,23.794013,38.126338
199,424,23.795324,38.12495
199,425,23.797665,38.120719
199,426,23.799315,38.117747
199,427,23.801584,38.113666
199,428,23.803864,38.109504
199,429,23.806043,38.105704
199,430,23.807283,38.107406
199,431,23.808914,38.106955
199,432,23.809503,38.106456
199,433,23.812714,38.106635
199,434,23.814804,38.105586
199,435,23.818094,38.107055
199,436,23.821874,38.110675
199,437,23.824354,38.114124
199,438,23.827194,38.115733
199,439,23.830094,38.118785
199,440,23.831173,38.118975
199,441,23.833584,38.121486
199,442,23.836513,38.125316
199,443,23.838514,38.129344
199,444,23.840244,38.131873
199,445,23.840604,38.131774
199,446,23.840774,38.131335
199,447,23.840794,38.131324
199,448,23.841074,38.131003
199,449,23.841105,38.130973
199,450,23.840904,38.131305
199,451,23.840713,38.131656
199,452,23.840334,38.131854
199,453,23.839865,38.131915
199,454,23.839174,38.130714
199,455,23.837614,38.127494
199,456,23.835674,38.123676
199,457,23.832233,38.120067
199,458,23.830534,38.118838
199,459,23.828964,38.11729
199,460,23.826664,38.115039
199,461,23.824583,38.113929
199,462,23.823824,38.112491
199,463,23.821834,38.110271
199,464,23.817893,38.106533
199,465,23.812913,38.103442
199,466,23.807264,38.101222
199,467,23.802204,38.099182
199,468,23.796614,38.097041
199,469,23.792593,38.093681
199,470,23.790894,38.092052
199,471,23.789583,38.09143
199,472,23.786833,38.091281
199,473,23.783453,38.091071
199,474,23.779342,38.091441
199,475,23.776524,38.09122
199,476,23.775343,38.092078
199,477,23.774213,38.092677
199,478,23.772733,38.092677
199,479,23.770723,38.092437
199,480,23.769354,38.092258
199,481,23.767935,38.092086
199,482,23.767944,38.092468
199,483,23.769424,38.093608
199,484,23.771064,38.095008
199,485,23.771845,38.096378
199,486,23.772515,38.098007
199,487,23.773754,38.099727
199,488,23.772704,38.100376
199,489,23.769734,38.101134
199,490,23.767063,38.101913
199,491,23.767383,38.102412
199,492,23.767914,38.103133
199,493,23.768213,38.103713
199,494,23.768254,38.103854
199,495,23.768404,38.104285
199,496,23.768913,38.104483
199,497,23.769563,38.104514
199,498,23.769834,38.104953
199,499,23.770334,38.104965
199,500,23.770695,38.105224
199,501,23.770774,38.105342
199,502,23.770935,38.105262
199,503,23.770954,38.105403
199,504,23.770963,38.105403
199,505,23.770674,38.105231
199,506,23.770322,38.10501
199,507,23.769993,38.105048
199,508,23.769352,38.104568
199,509,23.768562,38.104369
199,510,23.768232,38.103419
199,511,23.767493,38.102508
199,512,23.767822,38.101805
199,513,23.769742,38.101214
199,514,23.772903,38.100364
199,515,23.775034,38.100535
199,516,23.775983,38.100547
199,517,23.777294,38.100799
199,518,23.779144,38.100059
199,519,23.781074,38.10097
199,520,23.784534,38.102851
199,521,23.787464,38.104972
199,522,23.789073,38.106792
199,523,23.789093,38.106811
199,524,23.790052,38.10834
199,525,23.790364,38.111949
199,526,23.789204,38.116557
199,527,23.790983,38.120216
199,528,23.793332,38.124267
199,529,23.794422,38.126616
199,530,23.795671,38.124358
199,531,23.797501,38.121158
199,532,23.79945,38.117656
199,533,23.80155,38.113864
199,534,23.803699,38.110072
199,535,23.80587,38.106143
199,536,23.80698,38.107082
199,537,23.808711,38.10641
199,538,23.809869,38.106952
199,539,23.812219,38.10641
199,540,23.81482,38.105491
199,541,23.818109,38.106891
199,542,23.82176,38.110412
199,543,23.824011,38.114021
199,544,23.827011,38.11544
199,545,23.8299,38.118499
199,546,23.83086,38.11864
199,547,23.832831,38.120681
199,548,23.835991,38.124172
199,549,23.837951,38.128261
199,550,23.83978,38.131869
199,551,23.840641,38.13156
199,552,23.840791,38.13145
199,553,23.840902,38.131339
199,554,23.840973,38.131278
199,555,23.840933,38.131259
199,556,23.840933,38.131228
199,557,23.841003,38.131007
199,558,23.841103,38.130938
199,559,23.841083,38.13095
199,560,23.841043,38.131099
199,561,23.840803,38.131431
199,562,23.840704,38.131732
199,563,23.840593,38.131813
199,564,23.839973,38.131842
199,565,23.839524,38.131404
199,566,23.838364,38.129104
199,567,23.836584,38.125385
199,568,23.834114,38.121944
199,569,23.831265,38.119003
199,570,23.829735,38.118434
199,571,23.828134,38.116684
199,572,23.825815,38.114395
199,573,23.823394,38.113254
199,574,23.821804,38.110583
199,575,23.818554,38.107432
199,576,23.815234,38.105602
199,577,23.814104,38.106262
199,578,23.811564,38.1063
199,579,23.809904,38.106731
199,580,23.809374,38.107612
199,581,23.808134,38.10625
199,582,23.807054,38.10686
199,583,23.806234,38.105689
199,584,23.805325,38.107379
199,585,23.803905,38.109847
199,586,23.802465,38.112396
199,587,23.800806,38.115314
199,588,23.799055,38.118454
199,589,23.797374,38.121524
199,590,23.795775,38.124442
199,591,23.794584,38.126594
199,592,23.794094,38.125964
199,593,23.792904,38.123573
199,594,23.791334,38.120853
199,595,23.789604,38.117912
199,596,23.789594,38.11494
199,597,23.790455,38.111468
199,598,23.789964,38.108348
199,599,23.787665,38.105288
199,600,23.784454,38.102977
199,601,23.780655,38.100967
199,602,23.779104,38.100189
199,603,23.777954,38.10073
199,604,23.776644,38.100761
199,605,23.775454,38.10057
199,606,23.774023,38.100109
199,607,23.772832,38.098529
199,608,23.772262,38.09679
199,609,23.771332,38.09584
199,610,23.769462,38.096431
199,611,23.766813,38.097263
199,612,23.764402,38.097984
199,613,23.762361,38.098625
199,614,23.759771,38.099376
199,615,23.757222,38.100146
199,616,23.756191,38.100448
199,617,23.757061,38.101547
199,618,23.758452,38.103767
199,619,23.760212,38.106246
199,620,23.760752,38.108768
199,621,23.760912,38.111426
199,622,23.761872,38.112075
199,623,23.762942,38.112395
199,624,23.763382,38.112155
199,625,23.763942,38.111625
199,626,23.764673,38.111655
199,627,23.765074,38.111976
199,628,23.765184,38.112395
199,629,23.765194,38.112655
199,630,23.765434,38.112914
199,631,23.765384,38.112975
199,632,23.765194,38.112655
199,633,23.765064,38.111934
199,634,23.764373,38.111632
199,635,23.763655,38.111983
199,636,23.762874,38.112464
199,637,23.761124,38.112194
199,638,23.760893,38.110942
199,639,23.760643,38.107322
199,640,23.758802,38.104381
199,641,23.756801,38.101303
199,642,23.756752,38.100254
199,643,23.758723,38.099773
199,644,23.761541,38.098892
199,645,23.763391,38.098311
199,646,23.765151,38.097762
199,647,23.767881,38.096904
199,648,23.770411,38.096103
199,649,23.77154,38.096073
199,650,23.77232,38.097694
199,651,23.7737,38.099734
199,652,23.775471,38.100555
199,653,23.77691,38.100943
199,654,23.778181,38.100592
199,655,23.779202,38.100162
199,656,23.780961,38.101012
199,657,23.784632,38.103011
199,658,23.787931,38.105472
199,659,23.790451,38.10905
199,660,23.789971,38.113349
199,661,23.789399,38.117598
199,662,23.791151,38.120608
199,663,23.793202,38.124167
199,664,23.794552,38.126468
199,665,23.796242,38.123416
199,666,23.798421,38.119487
199,667,23.800602,38.115577
199,668,23.803032,38.111205
199,669,23.805163,38.107406
199,670,23.806383,38.105606
199,671,23.807074,38.107356
199,672,23.808624,38.106418
199,673,23.810073,38.107429
199,674,23.810844,38.10617
199,675,23.813074,38.10672
199,676,23.815155,38.105578
199,677,23.818615,38.107509
199,678,23.822685,38.111449
199,679,23.825486,38.114158
199,680,23.829025,38.117606
199,681,23.831045,38.119067
199,682,23.834086,38.122169
199,683,23.837225,38.127109
199,684,23.839635,38.13193
199,685,23.840736,38.131419
199,686,23.840777,38.131278
199,687,23.840857,38.131209
199,688,23.841048,38.131011
199,689,23.841158,38.13087
199,690,23.841139,38.130889
199,691,23.841009,38.131148
199,692,23.840848,38.131407
199,693,23.840738,38.131709
199,694,23.840038,38.13187
199,695,23.839569,38.1314
199,696,23.838459,38.129169
199,697,23.836889,38.125747
199,698,23.834639,38.122398
199,699,23.831759,38.119479
199,700,23.830109,38.118709
199,701,23.828868,38.117378
199,702,23.826849,38.115329
199,703,23.824749,38.114078
199,704,23.82362,38.113269
199,705,23.823099,38.11156
199,706,23.820249,38.10881
199,707,23.816598,38.105362
199,708,23.811769,38.103022
199,709,23.806839,38.101081
199,710,23.801859,38.09909
199,711,23.796879,38.097171
199,712,23.793039,38.094279
199,713,23.791149,38.09201
199,714,23.789388,38.091369
199,715,23.7867,38.091197
199,716,23.783258,38.091178
199,717,23.779749,38.091529
199,718,23.777529,38.091041
199,719,23.775669,38.091872
199,720,23.775178,38.092243
199,721,23.774759,38.092452
199,722,23.772678,38.092692
199,723,23.769698,38.092311
199,724,23.76853,38.092151
199,725,23.76777,38.092231
199,726,23.769041,38.09328
199,727,23.77094,38.094852
199,728,23.77094,38.095981
199,729,23.76806,38.096881
199,730,23.764921,38.09785
199,731,23.76258,38.098602
199,732,23.7607,38.099131
199,733,23.75795,38.09999
199,734,23.756199,38.10033
199,735,23.756288,38.10057
199,736,23.757269,38.101932
199,737,23.758548,38.103892
199,738,23.760198,38.106162
199,739,23.760799,38.108741
199,740,23.76095,38.111431
199,741,23.76206,38.112132
199,742,23.76317,38.112354
199,743,23.763879,38.111675
199,744,23.7647,38.111663
199,745,23.7651,38.111983
199,746,23.76518,38.112552
199,747,23.765501,38.112903
199,748,23.765341,38.112964
199,749,23.765501,38.112872
199,750,23.765501,38.112872
199,751,23.766081,38.112872
199,752,23.76663,38.112731
199,753,23.767401,38.11275
199,754,23.76791,38.112361
199,755,23.76785,38.111633
199,756,23.76773,38.110942
199,757,23.76745,38.110241
199,758,23.767241,38.109569
199,759,23.767801,38.109188
199,760,23.768032,38.108688
199,761,23.768553,38.108848
199,762,23.768552,38.108928
199,763,23.768494,38.109046
