20,1,23.881603,37.990226
20,2,23.881193,37.990115
20,3,23.881193,37.990035
20,4,23.880382,37.989234
20,5,23.880142,37.989044
20,6,23.878421,37.990004
20,7,23.875371,37.992053
20,8,23.873222,37.994231
20,9,23.870662,37.995872
20,10,23.865933,37.998233
20,11,23.861162,38.000343
20,12,23.857912,38.00289
20,13,23.858122,38.005912
20,14,23.858502,38.007243
20,15,23.858561,38.007454
20,16,23.85638,38.008182
20,17,23.85235,38.009162
20,18,23.84775,38.009993
20,19,23.844231,38.010593
20,20,23.84387,38.010653
20,21,23.84356,38.012374
20,22,23.844039,38.015064
20,23,23.84548,38.018104
20,24,23.84686,38.020865
20,25,23.848841,38.023967
20,26,23.848911,38.024127
20,27,23.848971,38.024089
20,28,23.8491,38.024318
20,29,23.849199,38.024478
20,30,23.849998,38.025729
20,31,23.851457,38.02732
20,32,23.853798,38.029319
20,33,23.855908,38.031268
20,34,23.856268,38.031757
20,35,23.856518,38.032077
20,36,23.857088,38.033279
20,37,23.855799,38.034717
20,38,23.85266,38.037337
20,39,23.849618,38.040527
20,40,23.846548,38.042438
20,41,23.843498,38.044245
20,42,23.840137,38.046188
20,43,23.839577,38.046569
20,44,23.839577,38.046569
20,45,23.839477,38.046607
20,46,23.838019,38.045589
20,47,23.836328,38.044227
20,48,23.83421,38.042666
20,49,23.83231,38.041267
20,50,23.831129,38.040355
20,51,23.83108,38.040355
20,52,23.83045,38.039946
20,53,23.830049,38.041088
20,54,23.82946,38.043437
20,55,23.828279,38.043456
20,56,23.825549,38.042155
20,57,23.82296,38.040855
20,58,23.82074,38.040294
20,59,23.81947,38.040294
20,60,23.817959,38.040515
20,61,23.815588,38.042297
20,62,23.812769,38.043815
20,63,23.809617,38.044776
20,64,23.807358,38.045565
20,65,23.807358,38.046047
20,66,23.807777,38.046878
20,67,23.808418,38.049056
20,68,23.810287,38.051665
20,69,23.811697,38.054614
20,70,23.810386,38.056872
20,71,23.808687,38.058372
20,72,23.808906,38.060123
20,73,23.808887,38.060504
20,74,23.808767,38.060493
20,75,23.808709,38.060321
20,76,23.808708,38.060283
20,77,23.808708,38.060264
20,78,23.808669,38.060375
20,79,23.808538,38.060466
20,80,23.808489,38.060485
20,81,23.808338,38.060314
20,82,23.808258,38.060295
20,83,23.808277,38.060314
20,84,23.808277,38.060302
20,85,23.808468,38.060314
20,86,23.808628,38.060374
20,87,23.808627,38.060386
20,88,23.808548,38.059527
20,89,23.808489,38.05809
20,90,23.811869,38.055728
20,91,23.810459,38.052527
20,92,23.80802,38.048988
20,93,23.807079,38.04607
20,94,23.804378,38.043548
20,95,23.802699,38.042198
20,96,23.805678,38.040809
20,97,23.808107,38.039679
20,98,23.808536,38.03984
20,99,23.809097,38.042861
20,100,23.809347,38.04483
20,101,23.812678,38.043799
20,102,23.816008,38.041888
20,103,23.819018,38.040019
20,104,23.819498,38.040439
20,105,23.821298,38.040347
20,106,23.824259,38.041736
20,107,23.827728,38.043437
20,108,23.829258,38.043128
20,109,23.830038,38.040606
20,110,23.830658,38.040328
20,111,23.831968,38.041217
20,112,23.832609,38.041679
20,113,23.834449,38.042487
20,114,23.835091,38.042007
20,115,23.83585,38.041465
20,116,23.838359,38.039393
20,117,23.84107,38.037105
20,118,23.84346,38.035346
20,119,23.84674,38.033695
20,120,23.84958,38.032332
20,121,23.853731,38.030402
20,122,23.853972,38.029643
20,123,23.851141,38.027202
20,124,23.851132,38.025993
20,125,23.855221,38.024733
20,126,23.858832,38.024085
20,127,23.859892,38.022205
20,128,23.860281,38.018154
20,129,23.86025,38.014003
20,130,23.85897,38.011851
20,131,23.857392,38.010562
20,132,23.857602,38.009223
20,133,23.858122,38.008914
20,134,23.857733,38.008373
20,135,23.857733,38.008342
20,136,23.857513,38.007812
20,137,23.857804,38.007732
20,138,23.857785,38.007633
20,139,23.860143,38.007213
20,140,23.863254,38.006682
20,141,23.866434,38.006022
20,142,23.867694,38.004134
20,143,23.866344,38.000606
20,144,23.865264,37.998626
20,145,23.866834,37.997707
20,146,23.872046,37.995276
20,147,23.875326,37.991958
20,148,23.877565,37.990467
20,149,23.880486,37.989215
20,150,23.881256,37.989994
20,151,23.881407,37.989993
20,152,23.881687,37.990364
20,153,23.881357,37.990062
20,154,23.881428,37.990013
20,155,23.881227,37.990013
20,156,23.881357,37.990142
20,157,23.881397,37.99018
20,158,23.881397,37.99018
20,159,23.881588,37.99034
20,160,23.882079,37.991062
20,161,23.881529,37.993091
20,162,23.880748,37.995902
20,163,23.880119,37.999141
20,164,23.8806,38.00193
20,165,23.88068,38.002868
20,166,23.88073,38.003138
20,167,23.88076,38.003337
20,168,23.87982,38.003646
20,169,23.877319,38.003677
20,170,23.874559,38.004317
20,171,23.8722,38.005088
20,172,23.87104,38.005309
20,173,23.868009,38.00587
20,174,23.86571,38.00624
20,175,23.86299,38.006831
20,176,23.860409,38.007331
20,177,23.858379,38.00764
20,178,23.85764,38.007819
20,179,23.85583,38.008411
20,180,23.85392,38.008971
20,181,23.852591,38.009181
20,182,23.8507,38.009532
20,183,23.849611,38.009723
20,184,23.84946,38.009772
20,185,23.84923,38.009811
20,186,23.84923,38.009829
20,187,23.84899,38.009818
20,188,23.84557,38.01041
20,189,23.844139,38.010581
20,190,23.844139,38.010592
20,191,23.844719,38.010444
20,192,23.84882,38.009796
20,193,23.853109,38.009075
20,194,23.8548,38.007926
20,195,23.854969,38.006316
20,196,23.85594,38.005348
20,197,23.8561,38.003608
20,198,23.858271,38.002269
20,199,23.862221,37.999908
20,200,23.86623,37.998126
20,201,23.869841,37.996104
20,202,23.872091,37.995315
20,203,23.874752,37.992423
20,204,23.878072,37.990215
20,205,23.882202,37.987964
20,206,23.882903,37.987803
20,207,23.882541,37.989505
20,208,23.881891,37.991024
20,209,23.881342,37.991703
20,210,23.881351,37.991691
20,211,23.881191,37.991691
20,212,23.88133,37.991691
20,213,23.881371,37.991339
20,214,23.882021,37.990809
20,215,23.881771,37.990451
20,216,23.881311,37.990112
20,217,23.881231,37.989531
