201,1,23.768568,38.108921
201,2,23.768578,38.108829
201,3,23.767918,38.108607
201,4,23.767807,38.107776
201,5,23.766968,38.107917
201,6,23.766058,38.107406
201,7,23.765848,38.106986
201,8,23.764787,38.107078
201,9,23.764408,38.106559
201,10,23.763788,38.106307
201,11,23.763699,38.105819
201,12,23.762758,38.105647
201,13,23.760439,38.105396
201,14,23.759479,38.105266
201,15,23.758429,38.103748
201,16,23.756769,38.101207
201,17,23.756159,38.100479
201,18,23.755468,38.099379
201,19,23.754087,38.097431
201,20,23.752577,38.09526
201,21,23.751717,38.094871
201,22,23.749746,38.096282
201,23,23.747097,38.098182
201,24,23.744008,38.100421
201,25,23.741898,38.10194
201,26,23.740907,38.10242
201,27,23.738487,38.102401
201,28,23.737648,38.10237
201,29,23.737639,38.10237
201,30,23.736899,38.102321
201,31,23.736658,38.102962
201,32,23.735989,38.103572
201,33,23.735269,38.104412
201,34,23.73402,38.105213
201,35,23.73341,38.104103
201,36,23.73324,38.103942
201,37,23.73316,38.103962
201,38,23.733049,38.103942
201,39,23.733049,38.103881
201,40,23.733249,38.103801
201,41,23.7335,38.10511
201,42,23.73457,38.10514
201,43,23.735889,38.103679
201,44,23.736509,38.1025
201,45,23.738409,38.102439
201,46,23.741109,38.102378
201,47,23.741869,38.101817
201,48,23.7447,38.099776
201,49,23.74766,38.097617
201,50,23.749929,38.095989
201,51,23.75084,38.095317
201,52,23.752239,38.094936
201,53,23.753528,38.096767
201,54,23.755259,38.099185
201,55,23.757099,38.101757
201,56,23.759069,38.104697
201,57,23.760789,38.105346
201,58,23.763581,38.105647
201,59,23.76378,38.106425
201,60,23.764511,38.106784
201,61,23.765772,38.106875
201,62,23.766241,38.107776
201,63,23.767622,38.107677
201,64,23.767863,38.108497
201,65,23.768463,38.108726
201,66,23.768562,38.108775
201,67,23.768472,38.108683
201,68,23.767923,38.108512
201,69,23.767893,38.107921
201,70,23.768534,38.10765
201,71,23.769464,38.107639
201,72,23.769985,38.107608
201,73,23.770105,38.108096
201,74,23.770015,38.108065
201,75,23.769766,38.108134
201,76,23.770065,38.108043
201,77,23.769155,38.107711
201,78,23.768785,38.108192
201,79,23.768545,38.108711
201,80,23.768535,38.108592
201,81,23.768594,38.108703
201,82,23.768915,38.108982
201,83,23.769186,38.10926
201,84,23.769396,38.109248
201,85,23.769556,38.109317
201,86,23.769496,38.109107
201,87,23.769426,38.109057
201,88,23.769617,38.109176
201,89,23.769817,38.109107
201,90,23.769678,38.109287
201,91,23.769108,38.109287
201,92,23.768678,38.108787
201,93,23.768638,38.108786
201,94,23.768638,38.108817
201,95,23.768528,38.108726
201,96,23.767988,38.108806
201,97,23.767837,38.109226
201,98,23.767277,38.109634
201,99,23.767616,38.110293
201,100,23.767816,38.111293
201,101,23.767947,38.112204
201,102,23.767946,38.112826
201,103,23.767955,38.113017
201,104,23.767486,38.113227
201,105,23.767326,38.113246
201,106,23.767187,38.113227
201,107,23.767221,38.113196
201,108,23.767971,38.113017
201,109,23.767922,38.112529
201,110,23.767922,38.111827
201,111,23.767721,38.111038
201,112,23.767622,38.110179
201,113,23.767211,38.109538
201,114,23.767782,38.109027
201,115,23.768553,38.108798
201,116,23.768584,38.108786
201,117,23.768593,38.108825
201,118,23.768153,38.108757
201,119,23.767791,38.109088
201,120,23.767302,38.10942
201,121,23.767341,38.10995
201,122,23.767692,38.1105
201,123,23.767763,38.111251
201,124,23.767923,38.111831
201,125,23.767853,38.11259
201,126,23.767973,38.112941
201,127,23.767693,38.113181
201,128,23.767692,38.11322
201,129,23.767963,38.113559
201,130,23.767563,38.1137
201,131,23.767023,38.113819
201,132,23.766644,38.113658
201,133,23.766604,38.113337
201,134,23.766544,38.113098
201,135,23.766963,38.113288
201,136,23.766634,38.113479
201,137,23.767103,38.113818
201,138,23.767843,38.113608
201,139,23.767902,38.113318
201,140,23.767911,38.113258
201,141,23.767912,38.113116
201,142,23.767831,38.112235
201,143,23.767773,38.111556
201,144,23.767513,38.110385
201,145,23.767393,38.109424
201,146,23.768204,38.108814
201,147,23.768514,38.108794
201,148,23.768554,38.108775
201,149,23.768604,38.108875
201,150,23.768435,38.108604
201,151,23.768444,38.108615
201,152,23.768805,38.108515
201,153,23.768755,38.108047
201,154,23.768675,38.107737
201,155,23.768675,38.107768
201,156,23.768434,38.107669
201,157,23.767905,38.10815
201,158,23.768043,38.108718
201,159,23.767904,38.108718
201,160,23.768394,38.108779
201,161,23.768514,38.108779
201,162,23.768545,38.108798
201,163,23.768625,38.108829
201,164,23.768626,38.108867
201,165,23.768595,38.108817
201,166,23.767994,38.108737
201,167,23.767864,38.108287
201,168,23.767914,38.107757
201,169,23.768663,38.107727
201,170,23.768663,38.107196
201,171,23.768904,38.106746
201,172,23.769003,38.106746
201,173,23.769052,38.106758
201,174,23.769033,38.106937
201,175,23.769113,38.106898
201,176,23.769104,38.106887
201,177,23.769104,38.106937
201,178,23.769104,38.106967
201,179,23.768734,38.107418
201,180,23.768283,38.107768
201,181,23.767894,38.10823
201,182,23.768295,38.108852
201,183,23.768545,38.108863
201,184,23.768625,38.108783
201,185,23.768024,38.108623
201,186,23.767894,38.108142
201,187,23.768215,38.107681
201,188,23.768775,38.107642
201,189,23.768677,38.107001
201,190,23.769037,38.106731
201,191,23.769037,38.106719
201,192,23.769037,38.106838
201,193,23.769037,38.106788
201,194,23.768707,38.107276
201,195,23.768266,38.107756
201,196,23.767867,38.108298
201,197,23.768396,38.108848
201,198,23.768507,38.108837
201,199,23.768476,38.108847
201,200,23.768566,38.108817
201,201,23.768606,38.108836
201,202,23.768285,38.108696
201,203,23.767897,38.108497
201,204,23.767866,38.107886
201,205,23.768676,38.107665
201,206,23.768627,38.106864
201,207,23.769028,38.106784
201,208,23.769117,38.106704
201,209,23.768876,38.107085
201,210,23.768757,38.107647
201,211,23.767906,38.107776
201,212,23.767937,38.108435
201,213,23.768426,38.108737
201,214,23.768577,38.108748
201,215,23.768608,38.108749
201,216,23.768088,38.108699
201,217,23.767937,38.108809
201,218,23.767906,38.108779
201,219,23.768507,38.10881
201,220,23.768538,38.108871
201,221,23.768597,38.108882
201,222,23.768757,38.108901
201,223,23.768577,38.108741
