202,1,23.768415,38.108703
202,2,23.768595,38.108794
202,3,23.768505,38.108676
202,4,23.768535,38.108627
202,5,23.768276,38.108665
202,6,23.767897,38.108573
202,7,23.767866,38.108112
202,8,23.768137,38.10768
202,9,23.768778,38.107601
202,10,23.769397,38.107639
202,11,23.769987,38.1076
202,12,23.770268,38.107902
202,13,23.770447,38.108352
202,14,23.770737,38.108543
202,15,23.771008,38.108344
202,16,23.771026,38.108646
202,17,23.770407,38.108615
202,18,23.770227,38.108207
202,19,23.770246,38.108177
202,20,23.770265,38.107707
202,21,23.769235,38.107627
202,22,23.768125,38.107665
202,23,23.767906,38.108436
202,24,23.768536,38.108726
202,25,23.768585,38.108676
202,26,23.768526,38.108565
202,27,23.768576,38.108707
202,28,23.768847,38.108878
202,29,23.769026,38.109259
202,30,23.768926,38.10971
202,31,23.768976,38.11032
202,32,23.769257,38.110839
202,33,23.769996,38.110869
202,34,23.770527,38.111091
202,35,23.770586,38.111251
202,36,23.770975,38.111312
202,37,23.770885,38.111404
202,38,23.770506,38.111182
202,39,23.769615,38.111042
202,40,23.768974,38.1104
202,41,23.768975,38.109592
202,42,23.768924,38.109283
202,43,23.768604,38.108894
202,44,23.768514,38.108722
202,45,23.768515,38.108603
202,46,23.768455,38.108714
202,47,23.768245,38.108684
202,48,23.768276,38.108775
202,49,23.767897,38.108577
202,50,23.767878,38.107929
202,51,23.767237,38.107867
202,52,23.766346,38.107906
202,53,23.766265,38.107875
202,54,23.766225,38.107844
202,55,23.766086,38.107585
202,56,23.766007,38.107124
202,57,23.765976,38.106963
202,58,23.765406,38.107013
202,59,23.764585,38.107105
202,60,23.764594,38.107093
202,61,23.764595,38.107074
202,62,23.764625,38.107505
202,63,23.764625,38.107517
202,64,23.764625,38.107047
202,65,23.764616,38.107047
202,66,23.766016,38.106906
202,67,23.767126,38.106887
202,68,23.767206,38.106887
202,69,23.767305,38.106887
202,70,23.767296,38.106857
202,71,23.768186,38.107066
202,72,23.768716,38.107608
202,73,23.767866,38.10783
202,74,23.767866,38.10791
202,75,23.767857,38.108241
202,76,23.767986,38.108691
202,77,23.768346,38.108802
202,78,23.768446,38.108802
202,79,23.768227,38.108691
202,80,23.767887,38.108432
202,81,23.767887,38.107833
202,82,23.768658,38.107635
202,83,23.768697,38.107173
202,84,23.768978,38.106975
202,85,23.768947,38.107024
202,86,23.769438,38.107093
202,87,23.769789,38.106791
202,88,23.769638,38.106551
202,89,23.769287,38.106113
202,90,23.769796,38.106231
202,91,23.769407,38.106563
202,92,23.769077,38.106902
202,93,23.769096,38.106891
202,94,23.769167,38.106861
202,95,23.768738,38.107562
202,96,23.768729,38.108043
202,97,23.768818,38.108623
202,98,23.768587,38.108692
202,99,23.768587,38.108832
202,100,23.767828,38.108821
202,101,23.767827,38.108802
202,102,23.767847,38.108821
202,103,23.768497,38.108832
202,104,23.768528,38.108951
202,105,23.768678,38.109149
