203,1,23.767937,38.108516
203,2,23.767906,38.108066
203,3,23.768106,38.107677
203,4,23.768985,38.107646
203,5,23.769115,38.107635
203,6,23.769396,38.107615
203,7,23.769975,38.107627
203,8,23.770276,38.107986
203,9,23.770445,38.108504
203,10,23.770725,38.108435
203,11,23.771036,38.108467
203,12,23.771006,38.108706
203,13,23.770426,38.108718
203,14,23.770306,38.108218
203,15,23.770235,38.107859
203,16,23.769606,38.107741
203,17,23.768675,38.10781
203,18,23.767885,38.108031
203,19,23.767925,38.108672
203,20,23.768434,38.108882
203,21,23.768416,38.108871
203,22,23.768455,38.108699
203,23,23.768015,38.108661
203,24,23.767905,38.108211
203,25,23.768014,38.107699
203,26,23.769124,38.10765
203,27,23.769844,38.10765
203,28,23.770263,38.107959
203,29,23.770483,38.108528
203,30,23.770794,38.108516
203,31,23.770964,38.108467
203,32,23.770612,38.108626
203,33,23.770443,38.108176
203,34,23.770023,38.107635
203,35,23.769203,38.107647
203,36,23.768272,38.107684
203,37,23.767883,38.108066
203,38,23.767954,38.108585
203,39,23.767984,38.108764
203,40,23.767873,38.108734
203,41,23.768185,38.108703
203,42,23.768536,38.108764
203,43,23.768545,38.108813
203,44,23.768545,38.108813
203,45,23.768585,38.108703
203,46,23.768675,38.108703
203,47,23.768655,38.108821
203,48,23.768357,38.108753
203,49,23.767967,38.108672
203,50,23.767917,38.108081
203,51,23.768457,38.107699
203,52,23.768827,38.107601
203,53,23.768757,38.10728
203,54,23.768707,38.10702
203,55,23.769288,38.106571
203,56,23.769427,38.106559
203,57,23.769815,38.10638
203,58,23.769346,38.106208
203,59,23.769328,38.106197
203,60,23.769007,38.106235
203,61,23.769266,38.106154
203,62,23.769285,38.106593
203,63,23.768745,38.107063
203,64,23.768816,38.107383
203,65,23.768825,38.107531
203,66,23.768125,38.107703
203,67,23.767906,38.108093
203,68,23.767897,38.108073
203,69,23.767887,38.108695
203,70,23.767887,38.108775
203,71,23.767887,38.108775
203,72,23.768267,38.108775
203,73,23.768467,38.108764
203,74,23.768526,38.108646
203,75,23.768637,38.108646
203,76,23.768637,38.108825
203,77,23.768618,38.108776
203,78,23.768057,38.108714
203,79,23.767887,38.108344
203,80,23.767857,38.107803
203,81,23.767576,38.107943
203,82,23.767036,38.107852
203,83,23.767406,38.107772
203,84,23.767866,38.10818
203,85,23.768026,38.108611
203,86,23.768307,38.108771
203,87,23.768526,38.108772
203,88,23.768636,38.108741
203,89,23.768546,38.108642
203,90,23.767958,38.108562
203,91,23.767877,38.108123
203,92,23.767668,38.107742
203,93,23.766838,38.10786
203,94,23.766798,38.107898
203,95,23.766798,38.107937
203,96,23.766548,38.107905
203,97,23.766859,38.107956
203,98,23.767819,38.107864
203,99,23.767889,38.108642
203,100,23.768529,38.108661
203,101,23.768589,38.108821
203,102,23.768539,38.108741
203,103,23.767869,38.108833
203,104,23.767851,38.108833
203,105,23.767851,38.108833
203,106,23.768491,38.108821
203,107,23.768572,38.10894
