204,1,23.768709,38.108699
204,2,23.76869,38.108718
204,3,23.76863,38.10881
204,4,23.768761,38.10873
204,5,23.768831,38.108939
204,6,23.768982,38.10923
204,7,23.769001,38.109408
204,8,23.769091,38.109359
204,9,23.768819,38.108939
204,10,23.768629,38.10881
204,11,23.768629,38.10873
204,12,23.768438,38.10876
204,13,23.768558,38.10884
204,14,23.768879,38.109092
204,15,23.769039,38.109393
204,16,23.769088,38.109313
204,17,23.769148,38.109302
204,18,23.768848,38.108821
204,19,23.768589,38.108622
204,20,23.768648,38.108783
204,21,23.768827,38.108642
204,22,23.769007,38.10916
204,23,23.769026,38.109309
204,24,23.768946,38.108977
204,25,23.768517,38.108688
204,26,23.768576,38.108836
204,27,23.768625,38.108638
204,28,23.768745,38.108337
204,29,23.768696,38.107875
204,30,23.768706,38.107314
204,31,23.768675,38.107074
204,32,23.768625,38.106544
204,33,23.768665,38.106772
204,34,23.768786,38.107273
204,35,23.768746,38.107741
204,36,23.768816,38.10823
204,37,23.768717,38.108741
204,38,23.768566,38.108569
204,39,23.768616,38.108741
204,40,23.768785,38.10857
204,41,23.768785,38.108238
204,42,23.768715,38.107756
204,43,23.768754,38.107078
204,44,23.768714,38.107097
204,45,23.768705,38.106738
204,46,23.768705,38.106727
204,47,23.768705,38.107657
204,48,23.768816,38.108558
204,49,23.768576,38.108707
204,50,23.768616,38.108776
204,51,23.768794,38.108515
204,52,23.768705,38.107917
204,53,23.768674,38.107165
204,54,23.768725,38.107066
204,55,23.768706,38.106678
204,56,23.768776,38.107478
204,57,23.768816,38.108416
204,58,23.768656,38.108718
204,59,23.768596,38.108779
204,60,23.768578,38.10876
204,61,23.768519,38.10881
204,62,23.768268,38.108619
204,63,23.767868,38.108268
204,64,23.767738,38.1077
204,65,23.76698,38.10781
204,66,23.76681,38.107841
204,67,23.766819,38.107871
204,68,23.766679,38.107883
204,69,23.766569,38.107844
204,70,23.76677,38.107863
204,71,23.766829,38.107864
204,72,23.767028,38.107852
204,73,23.768198,38.107673
204,74,23.768657,38.107161
204,75,23.769727,38.107063
204,76,23.769558,38.106574
204,77,23.769777,38.106414
204,78,23.769627,38.106113
204,79,23.769488,38.106093
204,80,23.769607,38.106094
204,81,23.769518,38.106544
204,82,23.769058,38.106932
204,83,23.768768,38.107483
204,84,23.768768,38.108241
204,85,23.768549,38.108649
204,86,23.768579,38.108821
204,87,23.768,38.108703
204,88,23.767839,38.108783
204,89,23.767821,38.108783
204,90,23.7679,38.108783
204,91,23.768501,38.108813
204,92,23.768582,38.108672
204,93,23.768551,38.108783
204,94,23.768681,38.108462
204,95,23.76861,38.108104
204,96,23.768591,38.107524
204,97,23.768702,38.107204
204,98,23.768662,38.106833
204,99,23.768732,38.107482
204,100,23.768713,38.107993
204,101,23.768793,38.108604
204,102,23.768663,38.108665
204,103,23.768624,38.108776
204,104,23.768534,38.108764
204,105,23.768374,38.108753
204,106,23.768182,38.108733
204,107,23.767973,38.108882
204,108,23.767853,38.108783
204,109,23.768522,38.108813
204,110,23.768803,38.109195
