205,1,23.767934,38.108558
205,2,23.767864,38.107757
205,3,23.766724,38.107887
205,4,23.766033,38.107184
205,5,23.765343,38.107024
205,6,23.764463,38.106536
205,7,23.763773,38.106364
205,8,23.763763,38.105945
205,9,23.763714,38.105735
205,10,23.763544,38.105716
205,11,23.762055,38.105544
205,12,23.760284,38.105354
205,13,23.759594,38.105316
205,14,23.758693,38.104186
205,15,23.757204,38.101886
205,16,23.755804,38.100036
205,17,23.754864,38.098586
205,18,23.753673,38.097415
205,19,23.752154,38.096927
205,20,23.751114,38.096416
205,21,23.750654,38.095886
205,22,23.750494,38.095786
205,23,23.748955,38.096866
205,24,23.746364,38.098697
205,25,23.743685,38.100646
205,26,23.741875,38.101947
205,27,23.741825,38.101977
205,28,23.740475,38.102409
205,29,23.737785,38.10237
205,30,23.736706,38.102371
205,31,23.736056,38.10366
205,32,23.735016,38.104739
205,33,23.734285,38.10525
205,34,23.733446,38.104881
205,35,23.733227,38.1039
205,36,23.733217,38.10374
205,37,23.733127,38.103801
205,38,23.733278,38.103911
205,39,23.733679,38.10522
205,40,23.734928,38.104769
205,41,23.736097,38.103629
205,42,23.736637,38.102328
205,43,23.736927,38.102309
205,44,23.739267,38.10237
205,45,23.741558,38.10208
205,46,23.744448,38.09999
205,47,23.747677,38.097651
205,48,23.750427,38.095672
205,49,23.751578,38.096652
205,50,23.753908,38.097533
205,51,23.754988,38.098663
205,52,23.756578,38.100902
205,53,23.757358,38.102202
205,54,23.759098,38.104651
205,55,23.760819,38.105361
205,56,23.763138,38.105613
205,57,23.763677,38.105774
205,58,23.763777,38.106414
205,59,23.764536,38.106555
205,60,23.765307,38.106944
205,61,23.766065,38.107353
205,62,23.766904,38.10784
205,63,23.767885,38.107959
205,64,23.768145,38.108711
205,65,23.768565,38.10868
205,66,23.768644,38.108779
205,67,23.768163,38.108661
205,68,23.767954,38.108779
205,69,23.767325,38.109408
205,70,23.767565,38.110209
205,71,23.767765,38.111068
205,72,23.768035,38.111919
205,73,23.767936,38.112609
205,74,23.768036,38.113071
205,75,23.767706,38.113162
205,76,23.767706,38.113181
205,77,23.767516,38.113231
205,78,23.767195,38.11323
205,79,23.767164,38.113242
205,80,23.766643,38.113204
205,81,23.766714,38.113932
205,82,23.767315,38.114291
205,83,23.767956,38.114253
205,84,23.768026,38.113723
205,85,23.767955,38.113052
205,86,23.767956,38.112422
205,87,23.767765,38.111331
205,88,23.767595,38.110141
205,89,23.767325,38.109389
205,90,23.767985,38.108821
205,91,23.768434,38.108802
205,92,23.768454,38.108783
205,93,23.768583,38.108665
205,94,23.768564,38.108783
205,95,23.768694,38.108432
205,96,23.768613,38.107703
205,97,23.768604,38.106792
205,98,23.768975,38.106681
205,99,23.769683,38.106582
205,100,23.769875,38.10596
205,101,23.769764,38.10517
205,102,23.769764,38.10498
205,103,23.769894,38.105018
205,104,23.770424,38.104987
205,105,23.770193,38.104896
205,106,23.769922,38.105346
205,107,23.769972,38.106136
205,108,23.769362,38.106525
205,109,23.768662,38.106876
205,110,23.768571,38.107627
205,111,23.767881,38.107948
205,112,23.767961,38.108589
205,113,23.768391,38.10876
205,114,23.768409,38.10879
205,115,23.768548,38.108779
205,116,23.768549,38.108649
205,117,23.768608,38.10876
205,118,23.768698,38.108668
205,119,23.768827,38.108939
205,120,23.768827,38.108908
205,121,23.768908,38.108798
205,122,23.768927,38.108818
205,123,23.768947,38.108813
205,124,23.768877,38.108882
205,125,23.768726,38.10879
205,126,23.768736,38.109
205,127,23.768636,38.108771
205,128,23.768606,38.10881
205,129,23.768606,38.10881
205,130,23.768866,38.10905
205,131,23.769406,38.109248
205,132,23.769556,38.109218
205,133,23.769796,38.109229
205,134,23.770046,38.10921
205,135,23.770116,38.109229
205,136,23.769546,38.109268
205,137,23.769565,38.109279
205,138,23.769085,38.109317
205,139,23.768804,38.109065
205,140,23.768804,38.109054
205,141,23.768764,38.108993
205,142,23.768774,38.108924
205,143,23.768543,38.108695
205,144,23.768562,38.108775
205,145,23.768303,38.108725
205,146,23.767482,38.109356
205,147,23.767582,38.110294
205,148,23.767712,38.111053
205,149,23.767672,38.111041
205,150,23.767681,38.111041
205,151,23.767422,38.11008
205,152,23.767612,38.10934
205,153,23.768473,38.108859
205,154,23.768491,38.108821
205,155,23.768572,38.108802
205,156,23.76859,38.108821
205,157,23.767962,38.108821
205,158,23.767251,38.1095
205,159,23.767641,38.110339
205,160,23.767761,38.111141
205,161,23.76794,38.112059
205,162,23.767931,38.112731
205,163,23.76777,38.113162
205,164,23.767321,38.113242
205,165,23.76713,38.113192
205,166,23.767099,38.113182
205,167,23.767479,38.113212
205,168,23.767919,38.112971
205,169,23.767879,38.112182
205,170,23.76791,38.11164
205,171,23.767669,38.1105
205,172,23.76726,38.109458
205,173,23.76817,38.108817
205,174,23.76849,38.108829
205,175,23.76852,38.108798
205,176,23.768131,38.108779
205,177,23.767891,38.108749
205,178,23.76789,38.108737
205,179,23.768131,38.108767
205,180,23.768501,38.108829
205,181,23.768541,38.108829
205,182,23.768611,38.10868
205,183,23.768593,38.10884
205,184,23.767933,38.10868
205,185,23.767822,38.108081
205,186,23.768322,38.1077
205,187,23.768633,38.107188
205,188,23.769083,38.106738
205,189,23.769093,38.106777
205,190,23.769093,38.106807
205,191,23.769124,38.106876
205,192,23.769124,38.106876
205,193,23.769083,38.106937
205,194,23.768784,38.107608
205,195,23.768783,38.10844
205,196,23.768354,38.10879
205,197,23.768505,38.108821
205,198,23.768515,38.108859
205,199,23.768626,38.10889
205,200,23.768644,38.10887
205,201,23.767855,38.10839
205,202,23.768184,38.107718
205,203,23.768715,38.107418
205,204,23.768975,38.106727
205,205,23.769073,38.106887
205,206,23.769083,38.106826
205,207,23.769024,38.106986
205,208,23.769024,38.106986
205,209,23.768734,38.107447
205,210,23.768243,38.107787
205,211,23.767865,38.108177
205,212,23.767975,38.108745
205,213,23.768585,38.108806
205,214,23.768586,38.108885
205,215,23.768604,38.108875
205,216,23.767935,38.108664
205,217,23.767845,38.107955
205,218,23.768625,38.107715
205,219,23.768615,38.107024
205,220,23.768996,38.106925
205,221,23.769026,38.106784
205,222,23.768727,38.107204
205,223,23.768446,38.107692
205,224,23.767886,38.108043
205,225,23.767925,38.108672
205,226,23.767925,38.108691
205,227,23.767935,38.108703
205,228,23.768545,38.108875
205,229,23.768564,38.108912
