207,1,23.768438,38.108611
207,2,23.768438,38.108592
207,3,23.768078,38.108871
207,4,23.767678,38.108489
207,5,23.767708,38.108039
207,6,23.768328,38.107768
207,7,23.769157,38.1077
207,8,23.769719,38.1077
207,9,23.769379,38.107738
207,10,23.769089,38.107799
207,11,23.769058,38.107799
207,12,23.769538,38.107669
207,13,23.768619,38.10773
207,14,23.768749,38.108561
207,15,23.768759,38.108981
207,16,23.768289,38.10918
207,17,23.768009,38.109329
207,18,23.767869,38.109218
207,19,23.767811,38.108836
207,20,23.767811,38.108836
207,21,23.76783,38.108725
207,22,23.76782,38.108295
207,23,23.76782,38.107925
207,24,23.76823,38.107715
207,25,23.768711,38.108096
207,26,23.76811,38.108786
207,27,23.767839,38.108775
207,28,23.76783,38.108787
207,29,23.768101,38.108806
207,30,23.768271,38.108844
207,31,23.768382,38.108844
207,32,23.768471,38.108832
207,33,23.768582,38.108653
207,34,23.768601,38.108794
207,35,23.768721,38.108283
207,36,23.768641,38.107703
207,37,23.76926,38.107612
207,38,23.770151,38.107631
207,39,23.770481,38.108383
207,40,23.770761,38.108481
207,41,23.770841,38.108642
207,42,23.771041,38.108611
207,43,23.771011,38.108482
207,44,23.771041,38.108573
207,45,23.770623,38.108611
207,46,23.770403,38.108181
207,47,23.770123,38.107631
207,48,23.769382,38.107631
207,49,23.768652,38.107711
207,50,23.768751,38.10831
207,51,23.768621,38.108791
207,52,23.768742,38.108642
207,53,23.768772,38.109103
207,54,23.768772,38.109134
207,55,23.768772,38.109252
207,56,23.768032,38.10916
207,57,23.767792,38.10881
207,58,23.767792,38.10881
207,59,23.767783,38.108901
207,60,23.768201,38.10889
207,61,23.767881,38.10878
207,62,23.767832,38.108817
207,63,23.768371,38.108817
207,64,23.768442,38.108818
207,65,23.768532,38.108817
207,66,23.768631,38.108676
207,67,23.768641,38.108817
207,68,23.76865,38.108817
207,69,23.76823,38.108657
207,70,23.76791,38.107886
207,71,23.766951,38.107856
207,72,23.76687,38.107867
207,73,23.766852,38.107898
207,74,23.767132,38.107898
207,75,23.767872,38.107929
207,76,23.767952,38.108688
207,77,23.768442,38.108847
207,78,23.768473,38.108818
207,79,23.768593,38.108737
207,80,23.768602,38.108817
207,81,23.768112,38.108668
207,82,23.767862,38.10786
207,83,23.766872,38.10786
207,84,23.766832,38.10786
207,85,23.766813,38.107891
207,86,23.766974,38.107921
207,87,23.767853,38.10802
207,88,23.768192,38.108798
207,89,23.768423,38.108836
207,90,23.768433,38.108837
207,91,23.768544,38.108848
207,92,23.768544,38.108848
207,93,23.767843,38.108467
207,94,23.767573,38.107825
207,95,23.767353,38.107875
207,96,23.767013,38.107914
207,97,23.767014,38.107852
207,98,23.767344,38.107791
207,99,23.768744,38.107631
207,100,23.769345,38.107642
207,101,23.769264,38.107593
207,102,23.769544,38.107604
207,103,23.769505,38.107585
207,104,23.769505,38.107573
207,105,23.769115,38.107635
207,106,23.768335,38.107066
207,107,23.767186,38.106868
207,108,23.766994,38.106837
207,109,23.766415,38.106837
207,110,23.766044,38.107078
207,111,23.766044,38.107097
207,112,23.766015,38.107108
207,113,23.766024,38.107097
207,114,23.765993,38.107189
207,115,23.767374,38.107768
207,116,23.767994,38.108669
207,117,23.768573,38.10876
207,118,23.768573,38.108772
207,119,23.768554,38.108692
207,120,23.767944,38.108642
207,121,23.767904,38.108722
207,122,23.767945,38.108852
207,123,23.768534,38.108943
207,124,23.768553,38.109244
