209,1,23.88132,37.990157
209,2,23.881512,37.990169
209,3,23.881511,37.990367
209,4,23.881361,37.990379
209,5,23.881201,37.990108
209,6,23.881191,37.990108
209,7,23.88125,37.990016
209,8,23.88118,37.989845
209,9,23.88112,37.989814
209,10,23.88105,37.989746
209,11,23.880261,37.988955
209,12,23.87945,37.989326
209,13,23.877409,37.990615
209,14,23.875099,37.992156
209,15,23.874399,37.991855
209,16,23.873098,37.990203
209,17,23.871047,37.989963
209,18,23.870118,37.990913
209,19,23.871628,37.992504
209,20,23.870947,37.994594
209,21,23.870256,37.995734
209,22,23.870256,37.995734
209,23,23.870127,37.995986
209,24,23.867835,37.997188
209,25,23.864545,37.998946
209,26,23.861176,38.000297
209,27,23.858105,38.002277
209,28,23.857914,38.003146
209,29,23.858044,38.005546
209,30,23.858383,38.006847
209,31,23.858503,38.007186
209,32,23.858503,38.007216
209,33,23.858433,38.007495
209,34,23.856904,38.007927
209,35,23.854363,38.008705
209,36,23.851182,38.009326
209,37,23.848984,38.009716
209,38,23.848133,38.009876
209,39,23.847134,38.010036
209,40,23.846573,38.010135
209,41,23.845762,38.010265
209,42,23.844612,38.010436
209,43,23.843872,38.010516
209,44,23.843222,38.010597
209,45,23.843071,38.010615
209,46,23.842521,38.010684
209,47,23.841572,38.010784
209,48,23.840822,38.010875
209,49,23.839262,38.011294
209,50,23.838621,38.011604
209,51,23.836891,38.012424
209,52,23.836092,38.012714
209,53,23.834723,38.013015
209,54,23.833523,38.013285
209,55,23.833033,38.013385
209,56,23.829902,38.013945
209,57,23.828552,38.013957
209,58,23.828432,38.013968
209,59,23.827692,38.013988
209,60,23.827532,38.014106
209,61,23.827272,38.014167
209,62,23.826772,38.014099
209,63,23.826501,38.01406
209,64,23.825962,38.01403
209,65,23.825533,38.013991
209,66,23.824642,38.01393
209,67,23.824041,38.0139
209,68,23.822542,38.01377
209,69,23.822533,38.01377
209,70,23.821863,38.01374
209,71,23.820324,38.01366
209,72,23.820074,38.01361
209,73,23.819214,38.013389
209,74,23.819173,38.01337
209,75,23.818893,38.01329
209,76,23.818473,38.013159
209,77,23.818354,38.01303
209,78,23.818193,38.012992
209,79,23.817863,38.012931
209,80,23.817844,38.012942
209,81,23.817564,38.012912
209,82,23.817504,38.012893
209,83,23.817135,38.012782
209,84,23.817055,38.012752
209,85,23.816534,38.012542
209,86,23.815963,38.012371
209,87,23.815653,38.01229
209,88,23.815573,38.012279
209,89,23.815222,38.01221
209,90,23.814692,38.012099
209,91,23.814553,38.01208
209,92,23.814242,38.012019
209,93,23.8138,38.01184
209,94,23.813621,38.011821
209,95,23.812401,38.011569
209,96,23.811791,38.011439
209,97,23.811791,38.011439
209,98,23.81134,38.011359
209,99,23.81004,38.011058
209,100,23.809929,38.011027
209,101,23.809769,38.010989
209,102,23.809599,38.010921
209,103,23.80943,38.01086
209,104,23.809078,38.010711
209,105,23.808798,38.01057
209,106,23.808548,38.010459
209,107,23.808539,38.010459
209,108,23.808418,38.010398
209,109,23.808308,38.010337
209,110,23.808009,38.010165
209,111,23.807488,38.009906
209,112,23.807398,38.009868
209,113,23.806997,38.009677
209,114,23.806766,38.009566
209,115,23.806656,38.009528
209,116,23.806295,38.00938
209,117,23.806046,38.009261
209,118,23.805946,38.009223
209,119,23.805727,38.009124
209,120,23.805197,38.008872
209,121,23.804997,38.008773
209,122,23.804786,38.008682
209,123,23.804507,38.008571
209,124,23.804386,38.008521
209,125,23.804306,38.008491
209,126,23.804196,38.00846
209,127,23.804096,38.008441
209,128,23.803627,38.008261
209,129,23.803276,38.00812
209,130,23.803156,38.008082
209,131,23.803156,38.008082
209,132,23.802866,38.007965
209,133,23.802866,38.007965
209,134,23.802755,38.007927
209,135,23.802546,38.007834
209,136,23.802526,38.007823
209,137,23.802347,38.007712
209,138,23.802227,38.007644
209,139,23.801456,38.007366
209,140,23.800396,38.007106
209,141,23.799676,38.007007
209,142,23.799458,38.006976
209,143,23.799328,38.006957
209,144,23.798847,38.006728
209,145,23.798558,38.006637
209,146,23.798228,38.006568
209,147,23.798087,38.006557
209,148,23.797528,38.006366
209,149,23.797058,38.006176
209,150,23.795627,38.005614
209,151,23.795568,38.005584
209,152,23.795448,38.005523
209,153,23.794899,38.005084
209,154,23.794588,38.004874
209,155,23.794198,38.004622
209,156,23.794079,38.004554
209,157,23.793609,38.004215
209,158,23.793609,38.004215
209,159,23.793329,38.004005
209,160,23.79332,38.003925
209,161,23.7926,38.003345
209,162,23.792431,38.003184
209,163,23.792372,38.003146
209,164,23.791993,38.002776
209,165,23.791832,38.002727
209,166,23.791072,38.002327
209,167,23.790712,38.002208
209,168,23.790453,38.00217
209,169,23.790234,38.002078
209,170,23.789633,38.001857
209,171,23.789282,38.001678
209,172,23.788761,38.001449
209,173,23.788601,38.001411
209,174,23.787561,38.001059
209,175,23.786862,38.000689
209,176,23.786621,38.000591
209,177,23.785671,38.000072
209,178,23.785001,37.999671
209,179,23.784292,37.999129
209,180,23.782972,37.998039
209,181,23.782892,37.998
209,182,23.780952,37.99657
209,183,23.777764,37.994578
209,184,23.774124,37.992217
209,185,23.771574,37.991187
209,186,23.770075,37.990119
209,187,23.768465,37.989089
209,188,23.767995,37.988799
209,189,23.767786,37.988658
209,190,23.767136,37.9883
209,191,23.767117,37.9883
209,192,23.766306,37.987941
209,193,23.765917,37.987651
209,194,23.765636,37.987491
209,195,23.764886,37.98706
209,196,23.763826,37.98627
209,197,23.763826,37.986239
209,198,23.762216,37.985599
209,199,23.760776,37.985069
209,200,23.760086,37.985057
209,201,23.759256,37.984328
209,202,23.756715,37.9827
209,203,23.756305,37.982379
209,204,23.755346,37.981449
209,205,23.753067,37.979209
209,206,23.752577,37.978759
209,207,23.751687,37.977981
209,208,23.749416,37.976409
209,209,23.747797,37.975299
209,210,23.747727,37.975269
209,211,23.746647,37.974547
209,212,23.744947,37.973407
209,213,23.743436,37.972365
209,214,23.741916,37.971336
209,215,23.741447,37.971016
209,216,23.739156,37.969757
209,217,23.736396,37.969505
209,218,23.733537,37.970634
209,219,23.733227,37.970775
209,220,23.732268,37.970603
209,221,23.731558,37.968643
209,222,23.730389,37.967551
209,223,23.728819,37.966411
209,224,23.728609,37.96622
209,225,23.726539,37.964611
209,226,23.724169,37.962779
209,227,23.721448,37.960658
209,228,23.718919,37.958709
209,229,23.718229,37.958198
209,230,23.718239,37.958289
209,231,23.718238,37.958209
209,232,23.718168,37.958148
209,233,23.717478,37.957686
209,234,23.716538,37.956958
209,235,23.716578,37.956928
209,236,23.716618,37.956859
209,237,23.716587,37.956821
209,238,23.716556,37.956939
209,239,23.716217,37.95716
209,240,23.716377,37.957271
209,241,23.716127,37.957153
209,242,23.716029,37.957084
209,243,23.716308,37.956886
209,244,23.7163,37.956787
209,245,23.716049,37.956535
209,246,23.715419,37.955985
209,247,23.714029,37.956016
209,248,23.713218,37.955546
209,249,23.712499,37.954955
209,250,23.712929,37.954124
209,251,23.713687,37.953475
209,252,23.714749,37.953975
209,253,23.715458,37.954604
209,254,23.715029,37.955413
209,255,23.717859,37.957633
209,256,23.72101,37.960052
209,257,23.72419,37.961711
209,258,23.72496,37.962181
209,259,23.725041,37.96228
209,260,23.726631,37.963581
209,261,23.727121,37.964332
209,262,23.72714,37.964332
209,263,23.727541,37.964683
209,264,23.730741,37.965824
209,265,23.732992,37.967124
209,266,23.733011,37.967124
209,267,23.73344,37.967163
209,268,23.736141,37.967902
209,269,23.737252,37.968204
209,270,23.739521,37.969714
209,271,23.741692,37.971095
209,272,23.745041,37.973155
209,273,23.747952,37.974696
209,274,23.749571,37.974998
209,275,23.74965,37.975029
209,276,23.7523,37.975589
209,277,23.75371,37.976291
209,278,23.75424,37.97663
209,279,23.755609,37.97858
209,280,23.756698,37.980658
209,281,23.757408,37.980789
209,282,23.758098,37.981109
209,283,23.761327,37.982238
209,284,23.761858,37.982959
209,285,23.762549,37.98347
209,286,23.764318,37.985301
209,287,23.765839,37.986819
209,288,23.767929,37.988891
209,289,23.771049,37.990859
209,290,23.771808,37.991241
209,291,23.775488,37.992869
209,292,23.779158,37.99533
209,293,23.781687,37.996929
209,294,23.781866,37.997046
209,295,23.783366,37.998195
209,296,23.786045,38.000186
209,297,23.790054,38.001895
209,298,23.793254,38.003757
209,299,23.794955,38.005038
209,300,23.798164,38.006458
209,301,23.802845,38.007808
209,302,23.806616,38.009407
209,303,23.810455,38.011035
209,304,23.810845,38.011134
209,305,23.812185,38.011443
209,306,23.816105,38.012355
209,307,23.819586,38.013324
209,308,23.823276,38.013682
209,309,23.827587,38.013855
209,310,23.830507,38.013793
209,311,23.832327,38.013454
209,312,23.832336,38.013442
209,313,23.832937,38.013313
209,314,23.836206,38.012592
209,315,23.840786,38.01084
209,316,23.845356,38.010322
209,317,23.850607,38.009391
209,318,23.854536,38.008663
209,319,23.855165,38.007381
209,320,23.855835,38.00606
209,321,23.856365,38.004939
209,322,23.856696,38.003028
209,323,23.860235,38.000937
209,324,23.863905,37.999237
209,325,23.867444,37.997406
209,326,23.871454,37.995574
209,327,23.874614,37.992454
209,328,23.878275,37.990035
209,329,23.880375,37.989104
209,330,23.881214,37.989963
209,331,23.881343,37.990123
209,332,23.881374,37.990085
209,333,23.881393,37.990085
209,334,23.881893,37.990493
209,335,23.881903,37.990504
209,336,23.881883,37.990566
209,337,23.881402,37.990177
209,338,23.881332,37.990107
209,339,23.881323,37.990107
209,340,23.880653,37.989379
209,341,23.879653,37.98933
209,342,23.877273,37.99081
209,343,23.874744,37.992382
209,344,23.873354,37.99058
209,345,23.871125,37.990051
209,346,23.870194,37.990932
209,347,23.871634,37.992473
209,348,23.870853,37.994742
209,349,23.870323,37.995803
209,350,23.870323,37.995803
209,351,23.870243,37.996002
209,352,23.868072,37.997142
209,353,23.864853,37.998863
209,354,23.861233,38.000343
209,355,23.857963,38.002494
209,356,23.857954,38.004936
209,357,23.858234,38.006244
209,358,23.858234,38.006255
209,359,23.858264,38.006366
209,360,23.858386,38.006748
209,361,23.858385,38.006758
209,362,23.858505,38.00716
209,363,23.858545,38.00724
209,364,23.858565,38.00724
209,365,23.858875,38.007438
209,366,23.860375,38.007239
209,367,23.860375,38.007239
209,368,23.860615,38.007351
209,369,23.860815,38.008571
209,370,23.861105,38.010089
209,371,23.861244,38.011741
209,372,23.860335,38.013259
209,373,23.860324,38.015678
209,374,23.860485,38.018817
209,375,23.860435,38.019836
209,376,23.860435,38.019855
209,377,23.860256,38.021064
209,378,23.859725,38.023322
209,379,23.858896,38.024074
209,380,23.855686,38.024753
209,381,23.852337,38.025611
209,382,23.850746,38.026111
209,383,23.849216,38.026599
209,384,23.846166,38.02803
209,385,23.844116,38.028701
209,386,23.843106,38.02714
209,387,23.840746,38.02819
209,388,23.838335,38.029209
209,389,23.837734,38.029479
209,390,23.837725,38.029479
209,391,23.837494,38.02959
209,392,23.836683,38.028991
209,393,23.836193,38.02832
209,394,23.835024,38.027037
209,395,23.833605,38.025367
209,396,23.832744,38.024997
209,397,23.832514,38.025226
209,398,23.831974,38.025478
209,399,23.832125,38.025379
209,400,23.832504,38.02555
209,401,23.832183,38.025668
209,402,23.830794,38.026409
209,403,23.829193,38.027457
209,404,23.828854,38.027709
209,405,23.823043,38.032687
209,406,23.822864,38.032878
209,407,23.822954,38.03284
209,408,23.823084,38.032741
209,409,23.822615,38.033149
209,410,23.822525,38.03326
209,411,23.822824,38.032989
209,412,23.823324,38.032599
209,413,23.829923,38.026981
209,414,23.831583,38.025981
209,415,23.832773,38.025001
209,416,23.833242,38.024871
209,417,23.834504,38.02645
209,418,23.836293,38.02843
209,419,23.838182,38.027801
209,420,23.839662,38.027191
209,421,23.842382,38.025989
209,422,23.844001,38.025989
209,423,23.847462,38.025218
209,424,23.84892,38.02428
209,425,23.847401,38.021659
209,426,23.847981,38.020778
209,427,23.85029,38.020747
209,428,23.85164,38.018409
209,429,23.85309,38.01512
209,430,23.854771,38.01152
209,431,23.855331,38.009379
209,432,23.855171,38.008571
209,433,23.855361,38.00724
209,434,23.855952,38.006019
209,435,23.856482,38.005027
209,436,23.856231,38.003295
209,437,23.859262,38.001704
209,438,23.862612,37.999763
209,439,23.866041,37.998233
209,440,23.86964,37.996162
209,441,23.873319,37.994083
209,442,23.87664,37.991183
209,443,23.880069,37.989032
209,444,23.881159,37.989833
209,445,23.881408,37.990104
209,446,23.881458,37.990092
209,447,23.881338,37.989914
209,448,23.881338,37.989974
209,449,23.881369,37.989924
209,450,23.881329,37.989765
209,451,23.880859,37.989356
209,452,23.880369,37.988925
209,453,23.879509,37.989375
209,454,23.87711,37.990917
209,455,23.87479,37.992328
209,456,23.87332,37.990397
209,457,23.871029,37.990047
209,458,23.870169,37.990848
209,459,23.871639,37.992389
209,460,23.87085,37.99472
209,461,23.870329,37.995681
209,462,23.87032,37.995681
209,463,23.870359,37.995879
209,464,23.86809,37.99713
209,465,23.86541,37.998679
209,466,23.86631,38.00027
209,467,23.867041,38.002121
209,468,23.86755,38.00346
209,469,23.867479,38.00542
209,470,23.86751,38.00577
209,471,23.86832,38.005733
209,472,23.871391,38.005221
209,473,23.871571,38.00521
209,474,23.87183,38.005328
209,475,23.872219,38.007278
209,476,23.87093,38.00967
209,477,23.870831,38.010791
209,478,23.870211,38.010859
209,479,23.86931,38.010958
209,480,23.8685,38.01152
209,481,23.868189,38.012851
209,482,23.86773,38.014251
209,483,23.867168,38.015372
209,484,23.866768,38.016151
209,485,23.865969,38.017039
209,486,23.86493,38.017939
209,487,23.863418,38.018988
209,488,23.861259,38.02008
209,489,23.860489,38.02032
209,490,23.859079,38.020308
209,491,23.855739,38.020931
209,492,23.852909,38.021319
209,493,23.852089,38.021541
209,494,23.851099,38.021701
209,495,23.850089,38.021792
209,496,23.849219,38.021991
209,497,23.848258,38.021991
209,498,23.84747,38.022109
209,499,23.846309,38.022319
209,500,23.845039,38.022479
209,501,23.84395,38.022628
209,502,23.843981,38.02277
209,503,23.84416,38.022738
209,504,23.84433,38.022738
209,505,23.844389,38.02272
209,506,23.844099,38.022818
209,507,23.844029,38.02272
209,508,23.844788,38.022601
209,509,23.845728,38.022483
209,510,23.846708,38.022334
209,511,23.847679,38.022205
209,512,23.848419,38.022193
209,513,23.848449,38.022162
209,514,23.84914,38.022071
209,515,23.84999,38.021881
209,516,23.850632,38.021911
209,517,23.850651,38.021911
209,518,23.851671,38.02169
209,519,23.852691,38.021419
209,520,23.854542,38.021159
209,521,23.856802,38.020858
209,522,23.858482,38.02058
209,523,23.860243,38.020092
209,524,23.861942,38.01974
209,525,23.864023,38.018569
209,526,23.865734,38.017189
209,527,23.866675,38.016128
209,528,23.867084,38.01535
209,529,23.867714,38.01406
209,530,23.868142,38.012729
209,531,23.868414,38.011428
209,532,23.869323,38.010967
209,533,23.870514,38.010867
209,534,23.870914,38.010189
209,535,23.871543,38.007858
209,536,23.871704,38.005656
209,537,23.869454,38.005675
209,538,23.867674,38.005965
209,539,23.867524,38.005275
209,540,23.867252,38.002807
209,541,23.866383,38.000587
209,542,23.865343,37.998706
209,543,23.866454,37.998027
209,544,23.869972,37.996066
209,545,23.873423,37.993846
209,546,23.876771,37.991096
209,547,23.879831,37.989166
209,548,23.880492,37.989215
209,549,23.881302,37.990104
209,550,23.881311,37.990023
209,551,23.881351,37.990024
209,552,23.881703,37.990405
209,553,23.881934,37.990554
209,554,23.881934,37.990592
209,555,23.881692,37.990451
209,556,23.881723,37.990413
209,557,23.881584,37.990104
209,558,23.881565,37.990116
209,559,23.881225,37.989734
209,560,23.880386,37.989074
209,561,23.878927,37.989906
209,562,23.876358,37.991546
209,563,23.874758,37.992305
209,564,23.873258,37.990394
209,565,23.871168,37.990116
209,566,23.870197,37.991054
209,567,23.871798,37.992706
209,568,23.870848,37.994777
209,569,23.870317,37.995826
209,570,23.870317,37.995814
209,571,23.870118,37.996067
209,572,23.867548,37.997428
209,573,23.864048,37.999237
209,574,23.860368,38.000938
209,575,23.857978,38.002837
209,576,23.857979,38.005119
209,577,23.858448,38.0069
209,578,23.858548,38.007201
209,579,23.858557,38.007201
209,580,23.858596,38.007343
209,581,23.859797,38.007304
209,582,23.860466,38.007274
209,583,23.860765,38.008075
209,584,23.861105,38.010043
209,585,23.861225,38.011894
209,586,23.860334,38.013411
209,587,23.860303,38.01588
209,588,23.860483,38.018908
209,589,23.860114,38.02172
209,590,23.859373,38.023971
209,591,23.856314,38.0246
209,592,23.853023,38.025401
209,593,23.850893,38.02608
209,594,23.850322,38.026278
209,595,23.847733,38.027118
209,596,23.844902,38.028777
209,597,23.844112,38.028659
209,598,23.843052,38.02719
209,599,23.840612,38.02827
209,600,23.838312,38.029281
209,601,23.837932,38.029452
209,602,23.837843,38.029502
209,603,23.837393,38.029712
209,604,23.837384,38.029723
209,605,23.837143,38.029613
209,606,23.835934,38.027954
209,607,23.834164,38.026184
209,608,23.832943,38.024925
209,609,23.832653,38.025333
209,610,23.832172,38.025722
209,611,23.830893,38.026423
209,612,23.829622,38.027274
209,613,23.828873,38.027793
209,614,23.823282,38.032813
209,615,23.823121,38.032924
209,616,23.823042,38.032954
209,617,23.822542,38.033214
209,618,23.822442,38.033343
209,619,23.823513,38.032584
209,620,23.822723,38.033095
209,621,23.822564,38.033236
209,622,23.823053,38.032798
209,623,23.823284,38.032599
209,624,23.822974,38.032291
209,625,23.823003,38.03226
209,626,23.830593,38.02592
209,627,23.830772,38.02592
209,628,23.830803,38.026031
209,629,23.831693,38.025611
209,630,23.832644,38.025192
209,631,23.832934,38.024833
209,632,23.833344,38.024993
209,633,23.833864,38.025794
209,634,23.834654,38.026603
209,635,23.835835,38.027843
209,636,23.836355,38.028533
209,637,23.838184,38.027794
209,638,23.839643,38.027213
209,639,23.842163,38.026073
209,640,23.843593,38.026183
209,641,23.846693,38.025344
209,642,23.849123,38.024753
209,643,23.847742,38.022174
209,644,23.845982,38.019355
209,645,23.844452,38.016616
209,646,23.843573,38.013854
209,647,23.843573,38.011584
209,648,23.843573,38.011565
209,649,23.844643,38.010394
209,650,23.848861,38.009723
209,651,23.8532,38.009021
209,652,23.85486,38.007831
209,653,23.85502,38.006339
209,654,23.8558,38.00531
209,655,23.856251,38.00394
209,656,23.857861,38.00249
209,657,23.86123,38.00035
209,658,23.86453,37.999042
209,659,23.86763,37.99739
209,660,23.87006,37.996039
209,661,23.872129,37.995311
209,662,23.874818,37.992401
209,663,23.878319,37.990089
209,664,23.880388,37.989089
209,665,23.881399,37.990107
209,666,23.881408,37.99007
209,667,23.881508,37.990188
