21,1,23.881264,37.990078
21,2,23.881294,37.990039
21,3,23.881574,37.990058
21,4,23.881495,37.990176
21,5,23.881633,37.990417
21,6,23.881633,37.990429
21,7,23.881754,37.990466
21,8,23.881994,37.991336
21,9,23.881334,37.993747
21,10,23.880495,37.996787
21,11,23.880144,37.999446
21,12,23.880625,38.001968
21,13,23.880675,38.002818
21,14,23.880704,38.00283
21,15,23.880714,38.003119
21,16,23.880745,38.00323
21,17,23.880764,38.003471
21,18,23.880774,38.003501
21,19,23.880064,38.003753
21,20,23.877044,38.003753
21,21,23.875435,38.004153
21,22,23.874365,38.004486
21,23,23.872746,38.005016
21,24,23.871836,38.005237
21,25,23.869026,38.005767
21,26,23.866106,38.006278
21,27,23.863436,38.00679
21,28,23.860405,38.007412
21,29,23.856745,38.00814
21,30,23.854164,38.008899
21,31,23.853174,38.009121
21,32,23.851734,38.009372
21,33,23.851173,38.009463
21,34,23.849324,38.009784
21,35,23.847283,38.010135
21,36,23.844602,38.010585
21,37,23.844523,38.010597
21,38,23.844452,38.010597
21,39,23.844212,38.010615
21,40,23.844201,38.010615
21,41,23.842873,38.010726
21,42,23.840162,38.011066
21,43,23.839703,38.011184
21,44,23.839511,38.011264
21,45,23.839191,38.011393
21,46,23.838171,38.011882
21,47,23.837891,38.012012
21,48,23.837021,38.01242
21,49,23.835691,38.012881
21,50,23.835632,38.012893
21,51,23.834072,38.013225
21,52,23.833631,38.013316
21,53,23.833631,38.013316
21,54,23.831732,38.013706
21,55,23.830131,38.013946
21,56,23.829861,38.013946
21,57,23.829171,38.013946
21,58,23.82851,38.013946
21,59,23.827551,38.013976
21,60,23.826681,38.013957
21,61,23.82599,38.013927
21,62,23.82535,38.013908
21,63,23.82494,38.013889
21,64,23.82384,38.013771
21,65,23.823229,38.01374
21,66,23.822298,38.013739
21,67,23.822279,38.013739
21,68,23.821869,38.01369
21,69,23.820049,38.013449
21,70,23.816889,38.012592
21,71,23.813308,38.011753
21,72,23.812579,38.011604
21,73,23.810108,38.011035
21,74,23.808569,38.010444
21,75,23.808109,38.010192
21,76,23.807879,38.010101
21,77,23.807278,38.009822
21,78,23.806917,38.00965
21,79,23.806806,38.009601
21,80,23.806627,38.009509
21,81,23.806538,38.00946
21,82,23.806227,38.009311
21,83,23.805407,38.00893
21,84,23.805357,38.008918
21,85,23.804207,38.00843
21,86,23.803306,38.008071
21,87,23.803236,38.00801
21,88,23.802386,38.007678
21,89,23.802305,38.007598
21,90,23.801645,38.007327
21,91,23.798934,38.006736
21,92,23.797044,38.006015
21,93,23.796576,38.005867
21,94,23.796015,38.005668
21,95,23.795704,38.005477
21,96,23.795654,38.005447
21,97,23.795414,38.005298
21,98,23.795173,38.005149
21,99,23.793583,38.00407
21,100,23.793232,38.003829
21,101,23.792862,38.003539
21,102,23.792073,38.003501
21,103,23.789902,38.005351
21,104,23.788862,38.00627
21,105,23.788702,38.006431
21,106,23.788431,38.006732
21,107,23.788172,38.006931
21,108,23.787742,38.007331
21,109,23.787623,38.0074
21,110,23.787122,38.007819
21,111,23.785874,38.008708
21,112,23.783373,38.0097
21,113,23.783213,38.00975
21,114,23.783092,38.00978
21,115,23.782673,38.009811
21,116,23.782543,38.009811
21,117,23.782423,38.009822
21,118,23.781403,38.009834
21,119,23.780532,38.009864
21,120,23.780462,38.009875
21,121,23.779901,38.009875
21,122,23.779301,38.009246
21,123,23.777731,38.007575
21,124,23.777281,38.007087
21,125,23.777129,38.006938
21,126,23.77647,38.006148
21,127,23.775949,38.005527
21,128,23.775629,38.005126
21,129,23.774439,38.003505
21,130,23.772039,38.000724
21,131,23.768731,37.997275
21,132,23.767959,37.995647
21,133,23.767709,37.994975
21,134,23.76753,37.994426
21,135,23.767271,37.993785
21,136,23.76708,37.993484
21,137,23.76677,37.992835
21,138,23.766631,37.992534
21,139,23.766509,37.992313
21,140,23.76628,37.991882
21,141,23.76626,37.99171
21,142,23.765961,37.991199
21,143,23.76585,37.991019
21,144,23.765381,37.990459
21,145,23.76534,37.990378
21,146,23.76515,37.990138
21,147,23.764771,37.989669
21,148,23.76427,37.989158
21,149,23.763521,37.988418
21,150,23.763401,37.988269
21,151,23.763111,37.988059
21,152,23.76275,37.987708
21,153,23.762611,37.98767
21,154,23.762001,37.987201
21,155,23.761791,37.987453
21,156,23.761381,37.987441
21,157,23.761511,37.987071
21,158,23.761542,37.987059
21,159,23.761411,37.986862
21,160,23.761431,37.98685
21,161,23.761921,37.986259
21,162,23.762221,37.986221
21,163,23.763679,37.986011
21,164,23.7654,37.986312
21,165,23.76736,37.988272
21,166,23.770451,37.990214
21,167,23.77466,37.992286
21,168,23.77873,37.995147
21,169,23.779101,37.995345
21,170,23.78198,37.997195
21,171,23.785431,37.999896
21,172,23.78985,38.001887
21,173,23.79271,38.003398
21,174,23.794859,38.00505
21,175,23.799179,38.00682
21,176,23.800179,38.007011
21,177,23.802928,38.007869
21,178,23.806028,38.00912
21,179,23.810499,38.011008
21,180,23.815579,38.012149
21,181,23.817799,38.01274
21,182,23.818819,38.013061
21,183,23.818838,38.013092
21,184,23.821318,38.013553
21,185,23.825637,38.013781
21,186,23.830408,38.013801
21,187,23.834718,38.012981
21,188,23.838619,38.011489
21,189,23.842449,38.010699
21,190,23.847159,38.010058
21,191,23.852959,38.00904
21,192,23.854919,38.007468
21,193,23.85562,38.006137
21,194,23.85644,38.005145
21,195,23.856109,38.003444
21,196,23.8591,38.001815
21,197,23.86334,37.999504
21,198,23.86771,37.997333
21,199,23.8718,37.995494
21,200,23.874979,37.992263
21,201,23.87942,37.989372
21,202,23.880949,37.989673
21,203,23.881379,37.990092
21,204,23.881408,37.990054
21,205,23.881258,37.989986
21,206,23.881208,37.989997
21,207,23.881988,37.990588
21,208,23.881899,37.991607
21,209,23.881199,37.994197
21,210,23.880518,37.996638
21,211,23.880129,37.998519
21,212,23.880509,38.00109
21,213,23.880668,38.002581
21,214,23.880687,38.002692
21,215,23.880697,38.002853
21,216,23.880697,38.002872
21,217,23.880756,38.003051
21,218,23.880776,38.003082
21,219,23.880795,38.003193
21,220,23.880804,38.003333
21,221,23.880804,38.003364
21,222,23.880805,38.003494
21,223,23.880804,38.003524
21,224,23.880773,38.003685
21,225,23.879673,38.003715
21,226,23.877863,38.003734
21,227,23.877332,38.003733
21,228,23.876783,38.003802
21,229,23.874822,38.004283
21,230,23.873432,38.004771
21,231,23.870922,38.00534
21,232,23.868302,38.005821
21,233,23.866541,38.006141
21,234,23.865141,38.006363
21,235,23.861622,38.00714
21,236,23.860801,38.008132
21,237,23.861152,38.010402
21,238,23.860842,38.012344
21,239,23.860173,38.012824
21,240,23.859972,38.013393
21,241,23.859972,38.013412
21,242,23.859352,38.013492
21,243,23.859242,38.014053
21,244,23.860041,38.014384
21,245,23.860321,38.015533
21,246,23.86042,38.018233
21,247,23.86022,38.021095
21,248,23.85981,38.022815
21,249,23.859659,38.023555
21,250,23.859659,38.023574
21,251,23.858969,38.024024
21,252,23.855468,38.024726
21,253,23.852089,38.025657
21,254,23.85179,38.025737
21,255,23.851589,38.025798
21,256,23.851399,38.025859
21,257,23.851219,38.025928
21,258,23.851219,38.025928
21,259,23.85075,38.026088
21,260,23.85063,38.026126
21,261,23.85063,38.026126
21,262,23.84931,38.026546
21,263,23.84575,38.028225
21,264,23.843721,38.027996
21,265,23.841912,38.027675
21,266,23.838451,38.029167
21,267,23.837391,38.029636
21,268,23.836591,38.028876
21,269,23.836162,38.028228
21,270,23.834642,38.026607
21,271,23.832903,38.024856
21,272,23.831984,38.025657
21,273,23.830694,38.026359
21,274,23.830114,38.026691
21,275,23.830025,38.026728
21,276,23.830244,38.026618
21,277,23.830614,38.02642
21,278,23.831693,38.025771
21,279,23.832233,38.025642
21,280,23.831044,38.026252
21,281,23.830253,38.02674
21,282,23.829733,38.027098
21,283,23.829553,38.027217
21,284,23.828983,38.027576
21,285,23.828844,38.027736
21,286,23.823114,38.032585
21,287,23.823055,38.032535
21,288,23.823145,38.032466
21,289,23.823145,38.032477
21,290,23.823145,38.032477
21,291,23.823115,38.032466
21,292,23.822914,38.032676
21,293,23.822884,38.032726
21,294,23.822954,38.032424
21,295,23.822815,38.032554
21,296,23.822494,38.032814
21,297,23.822445,38.032882
21,298,23.822445,38.032894
21,299,23.822495,38.032855
21,300,23.822495,38.032867
21,301,23.822874,38.032497
21,302,23.822855,38.032508
21,303,23.822926,38.032439
21,304,23.822926,38.032439
21,305,23.822906,38.032451
21,306,23.823296,38.032569
21,307,23.830196,38.026858
21,308,23.830857,38.026397
21,309,23.831927,38.025829
21,310,23.832917,38.024848
21,311,23.833896,38.025878
21,312,23.835315,38.027259
21,313,23.836925,38.02835
21,314,23.839685,38.02721
21,315,23.842294,38.026061
21,316,23.844296,38.02587
21,317,23.848776,38.025061
21,318,23.850435,38.026172
21,319,23.853984,38.025024
21,320,23.857845,38.024192
21,321,23.859135,38.024021
21,322,23.859495,38.02388
21,323,23.859935,38.021998
21,324,23.860256,38.017997
21,325,23.860266,38.014709
21,326,23.859245,38.014499
21,327,23.859026,38.01364
21,328,23.857657,38.01369
21,329,23.858566,38.013019
21,330,23.858427,38.012
21,331,23.857397,38.01052
21,332,23.857668,38.009219
21,333,23.857828,38.008388
21,334,23.857678,38.008228
21,335,23.857658,38.008209
21,336,23.857958,38.007678
21,337,23.859938,38.007308
21,338,23.863998,38.006606
21,339,23.867199,38.005958
21,340,23.867378,38.003249
21,341,23.866419,38.000708
21,342,23.865318,37.998668
21,343,23.868378,37.996959
21,344,23.869889,37.996109
21,345,23.870739,37.995868
21,346,23.873999,37.992987
21,347,23.878908,37.989707
21,348,23.881098,37.989825
21,349,23.881168,37.990585
21,350,23.881267,37.990703
21,351,23.881418,37.990863
21,352,23.881998,37.990672
21,353,23.881317,37.990192
21,354,23.881298,37.990161
21,355,23.881308,37.990043
21,356,23.881348,37.990024
21,357,23.881277,37.990013
21,358,23.881438,37.990112
21,359,23.881438,37.990123
21,360,23.881998,37.990672
21,361,23.882029,37.99071
21,362,23.882139,37.990771
21,363,23.881711,37.992572
21,364,23.88081,37.995841
21,365,23.88016,37.999393
21,366,23.880699,38.002323
21,367,23.880739,38.003123
21,368,23.88077,38.003272
21,369,23.880779,38.003311
21,370,23.880779,38.003562
21,371,23.880779,38.003562
21,372,23.880958,38.003703
21,373,23.883518,38.003432
21,374,23.887219,38.003921
21,375,23.889729,38.004322
21,376,23.892628,38.004322
21,377,23.897768,38.00341
21,378,23.902939,38.002761
21,379,23.908718,38.00254
21,380,23.912458,38.000758
21,381,23.917278,37.99889
21,382,23.922949,37.997669
21,383,23.928819,37.997939
21,384,23.934559,37.999457
21,385,23.939718,38.001667
21,386,23.941298,38.002116
21,387,23.942608,38.002517
21,388,23.947128,38.003929
21,389,23.952478,38.005447
21,390,23.956817,38.006785
21,391,23.959417,38.007957
21,392,23.957447,38.009456
21,393,23.954377,38.011585
21,394,23.951336,38.014113
21,395,23.950676,38.017345
21,396,23.950435,38.020133
21,397,23.950485,38.023143
21,398,23.951315,38.025295
21,399,23.951534,38.027816
21,400,23.949594,38.028926
21,401,23.948204,38.030757
21,402,23.947824,38.032805
21,403,23.946933,38.034015
21,404,23.946933,38.034026
21,405,23.946813,38.034168
21,406,23.945843,38.035186
21,407,23.945744,38.036624
21,408,23.945114,38.038062
21,409,23.944344,38.039023
21,410,23.941534,38.039383
21,411,23.939033,38.038131
21,412,23.936903,38.038291
21,413,23.935603,38.03847
21,414,23.933992,38.038829
21,415,23.932302,38.038497
21,416,23.928473,38.037886
21,417,23.927092,38.037837
21,418,23.926253,38.038177
21,419,23.925062,38.038745
21,420,23.925192,38.038665
21,421,23.925531,38.038493
21,422,23.928351,38.037833
21,423,23.92917,38.037944
21,424,23.92905,38.037963
21,425,23.92905,38.037963
21,426,23.92856,38.037402
21,427,23.927941,38.036551
21,428,23.927281,38.035831
21,429,23.926821,38.035072
21,430,23.92658,38.033931
21,431,23.926211,38.033451
21,432,23.92547,38.033339
21,433,23.924971,38.033371
21,434,23.924961,38.033371
21,435,23.925112,38.03361
21,436,23.925352,38.033851
21,437,23.925333,38.03384
21,438,23.925003,38.033549
21,439,23.925124,38.033351
21,440,23.925124,38.033351
21,441,23.925323,38.033313
21,442,23.926294,38.033424
21,443,23.926454,38.033664
21,444,23.926504,38.033885
21,445,23.926603,38.034385
21,446,23.926723,38.034953
21,447,23.927224,38.035754
21,448,23.927682,38.036353
21,449,23.928482,38.037273
21,450,23.929022,38.037974
21,451,23.932712,38.038585
21,452,23.937064,38.038307
21,453,23.940384,38.038966
21,454,23.943444,38.039016
21,455,23.945063,38.037474
21,456,23.947182,38.033614
21,457,23.949291,38.029174
21,458,23.95141,38.025966
21,459,23.95023,38.021606
21,460,23.950639,38.016605
21,461,23.952851,38.012286
21,462,23.957321,38.009547
21,463,23.959462,38.007716
21,464,23.955391,38.006495
21,465,23.94964,38.004764
21,466,23.94384,38.002975
21,467,23.9405,38.001994
21,468,23.936331,38.000343
21,469,23.931271,37.998443
21,470,23.924921,37.997714
21,471,23.918481,37.998634
21,472,23.912662,38.000644
21,473,23.908312,38.002612
21,474,23.902462,38.002891
21,475,23.900001,38.003162
21,476,23.89623,38.003791
21,477,23.891041,38.004623
21,478,23.886931,38.003974
21,479,23.885829,38.003795
21,480,23.88484,38.003597
21,481,23.88456,38.003559
21,482,23.884791,38.00241
21,483,23.88364,38.002372
21,484,23.88196,38.00249
21,485,23.88178,38.002501
21,486,23.8808,38.00228
21,487,23.88023,37.99863
21,488,23.88145,37.993651
21,489,23.881971,37.990573
21,490,23.881472,37.990005
21,491,23.881311,37.990054
21,492,23.881432,37.990264
21,493,23.882092,37.991195
21,494,23.881441,37.993556
21,495,23.880492,37.996986
21,496,23.880361,38.000236
21,497,23.880713,38.002425
21,498,23.880783,38.003314
21,499,23.880783,38.003475
21,500,23.882312,38.003673
21,501,23.885911,38.003833
21,502,23.890371,38.004523
21,503,23.895821,38.003852
21,504,23.90015,38.003143
21,505,23.904221,38.002681
21,506,23.90848,38.00262
21,507,23.91219,38.00138
21,508,23.915889,37.99929
21,509,23.921129,37.998
21,510,23.92647,37.99781
21,511,23.93174,37.998588
21,512,23.934049,37.999347
21,513,23.93656,38.000438
21,514,23.940238,38.001819
21,515,23.942499,38.002467
21,516,23.942499,38.002479
21,517,23.943298,38.002757
21,518,23.946958,38.003905
21,519,23.95172,38.005366
21,520,23.955808,38.006668
21,521,23.959519,38.007679
21,522,23.958528,38.00838
21,523,23.956498,38.010341
21,524,23.953799,38.012031
21,525,23.951409,38.01393
21,526,23.950678,38.016612
21,527,23.950567,38.018901
21,528,23.950277,38.021369
21,529,23.950758,38.023879
21,530,23.951458,38.025989
21,531,23.951649,38.027709
21,532,23.950299,38.02835
21,533,23.948759,38.029681
21,534,23.948089,38.031722
21,535,23.94727,38.033553
21,536,23.946159,38.034743
21,537,23.945771,38.035995
21,538,23.94516,38.037394
21,539,23.944981,38.038966
21,540,23.94223,38.039028
21,541,23.93973,38.038539
21,542,23.937189,38.038318
21,543,23.936209,38.038329
21,544,23.935258,38.038589
21,545,23.933899,38.03884
21,546,23.93141,38.03836
21,547,23.928749,38.03765
21,548,23.928089,38.036739
21,549,23.9273,38.035899
21,550,23.926729,38.034919
21,551,23.926519,38.033828
21,552,23.926059,38.033427
21,553,23.92532,38.033336
21,554,23.924919,38.033355
21,555,23.924919,38.033355
21,556,23.925019,38.033583
21,557,23.925299,38.033824
21,558,23.925299,38.033824
21,559,23.925058,38.033564
21,560,23.926239,38.033393
21,561,23.92659,38.034003
21,562,23.92694,38.035285
21,563,23.92745,38.035964
21,564,23.928131,38.036754
21,565,23.92872,38.037574
21,566,23.92996,38.038105
21,567,23.93409,38.038844
21,568,23.937439,38.038166
21,569,23.940279,38.038814
21,570,23.942799,38.038932
21,571,23.944988,38.038112
21,572,23.945827,38.035011
21,573,23.948057,38.031482
21,574,23.950327,38.028293
21,575,23.951407,38.025813
21,576,23.950226,38.022273
21,577,23.950626,38.017623
21,578,23.951576,38.013461
21,579,23.955166,38.011131
21,580,23.957985,38.008602
21,581,23.958635,38.00722
21,582,23.953905,38.005679
21,583,23.949095,38.004558
21,584,23.943606,38.002868
21,585,23.937895,38.001086
21,586,23.932335,37.998775
21,587,23.926186,37.997764
21,588,23.919765,37.998294
21,589,23.913484,37.999946
21,590,23.910034,38.002547
21,591,23.904773,38.002616
21,592,23.899273,38.003215
21,593,23.893852,38.004177
21,594,23.888533,38.004176
21,595,23.883922,38.003486
21,596,23.882352,38.003684
21,597,23.881042,38.003753
21,598,23.880682,38.001231
21,599,23.880682,37.996433
21,600,23.881792,37.992331
21,601,23.881931,37.990894
21,602,23.881301,37.990623
21,603,23.881272,37.990623
21,604,23.881191,37.990322
21,605,23.881441,37.99002
21,606,23.881331,37.99002
21,607,23.881331,37.989951
21,608,23.881389,37.989933
21,609,23.881371,37.989963
21,610,23.882151,37.990741
21,611,23.882012,37.991451
21,612,23.881272,37.99414
21,613,23.8803,37.99763
21,614,23.880581,38.000972
21,615,23.880741,38.00273
21,616,23.880741,38.002921
21,617,23.8808,38.003222
21,618,23.8808,38.003314
21,619,23.8808,38.003413
21,620,23.8808,38.003494
21,621,23.880279,38.003703
21,622,23.878211,38.003753
21,623,23.875931,38.004012
21,624,23.874022,38.004603
21,625,23.872341,38.005122
21,626,23.869791,38.005603
21,627,23.868081,38.005904
21,628,23.865789,38.006274
21,629,23.86286,38.006896
21,630,23.85961,38.007465
21,631,23.85758,38.007846
21,632,23.85692,38.008098
21,633,23.85647,38.008807
21,634,23.856821,38.009955
21,635,23.85534,38.010955
21,636,23.85359,38.014137
21,637,23.853541,38.014327
21,638,23.85353,38.014347
21,639,23.853508,38.014357
21,640,23.853027,38.015448
21,641,23.851697,38.01836
21,642,23.850458,38.020919
21,643,23.850858,38.021529
21,644,23.852049,38.02145
21,645,23.852199,38.02148
21,646,23.85219,38.021491
21,647,23.85234,38.021591
21,648,23.85214,38.02151
21,649,23.8507,38.021522
21,650,23.850321,38.021164
21,651,23.850271,38.021224
21,652,23.850271,38.021205
21,653,23.850601,38.020664
21,654,23.851921,38.017764
21,655,23.853951,38.013244
21,656,23.85654,38.010166
21,657,23.858061,38.008975
21,658,23.857691,38.008247
21,659,23.857481,38.008048
21,660,23.857481,38.008017
21,661,23.85785,38.007777
21,662,23.859401,38.007446
21,663,23.864151,38.006614
21,664,23.867571,38.005114
21,665,23.866791,38.001765
21,666,23.86536,37.998775
21,667,23.866041,37.998245
21,668,23.869942,37.996104
21,669,23.873151,37.994354
21,670,23.875801,37.991752
21,671,23.879502,37.989383
21,672,23.880652,37.989475
21,673,23.880593,37.989425
21,674,23.881402,37.990153
21,675,23.881492,37.990253
21,676,23.881461,37.990215
21,677,23.881462,37.990116
21,678,23.881472,37.990066
