210,1,23.881395,37.989959
210,2,23.881325,37.989959
210,3,23.881146,37.98976
210,4,23.881095,37.98978
210,5,23.880495,37.989157
210,6,23.880335,37.989047
210,7,23.880155,37.989009
210,8,23.878775,37.989787
210,9,23.876335,37.991386
210,10,23.874775,37.992385
210,11,23.873755,37.991066
210,12,23.872014,37.989837
210,13,23.869865,37.990718
210,14,23.870756,37.991576
210,15,23.872206,37.993667
210,16,23.870256,37.995616
210,17,23.870297,37.995788
210,18,23.868526,37.996856
210,19,23.865406,37.998534
210,20,23.861976,37.999972
210,21,23.858646,38.002013
210,22,23.857976,38.002754
210,23,23.857967,38.004985
210,24,23.858569,38.007454
210,25,23.856468,38.008143
210,26,23.856678,38.009025
210,27,23.856958,38.009834
210,28,23.855028,38.011142
210,29,23.853568,38.01414
210,30,23.852029,38.017562
210,31,23.850701,38.020534
210,32,23.84967,38.020633
210,33,23.848,38.020751
210,34,23.84722,38.021281
210,35,23.848369,38.023021
210,36,23.849689,38.02542
210,37,23.85066,38.026481
210,38,23.851909,38.028052
210,39,23.852409,38.028732
210,40,23.85261,38.029354
210,41,23.85137,38.029975
210,42,23.85152,38.029987
210,43,23.85162,38.030177
210,44,23.85149,38.030067
210,45,23.852221,38.029555
210,46,23.852221,38.029555
210,47,23.85256,38.029395
210,48,23.852261,38.028827
210,49,23.850761,38.026748
210,50,23.85045,38.026507
210,51,23.849149,38.024818
210,52,23.847849,38.022357
210,53,23.847399,38.021007
210,54,23.850149,38.020778
210,55,23.85166,38.01831
210,56,23.853331,38.014591
210,57,23.85507,38.01118
210,58,23.855289,38.0092
210,59,23.854889,38.00785
210,60,23.855068,38.00627
210,61,23.856088,38.00534
210,62,23.856119,38.003539
210,63,23.857938,38.002441
210,64,23.861448,38.000232
210,65,23.864967,37.998783
210,66,23.868548,37.996822
210,67,23.872667,37.994853
210,68,23.875788,37.991695
210,69,23.879137,37.989535
210,70,23.880687,37.989497
210,71,23.881368,37.990226
210,72,23.881339,37.990188
210,73,23.881578,37.990466
210,74,23.881748,37.990577
210,75,23.881948,37.990669
210,76,23.881829,37.990607
210,77,23.881609,37.990287
210,78,23.881359,37.990088
210,79,23.881319,37.9901
210,80,23.88094,37.989589
210,81,23.880169,37.988998
210,82,23.878868,37.989749
210,83,23.876697,37.991149
210,84,23.874807,37.992377
210,85,23.873547,37.990799
210,86,23.871986,37.989837
210,87,23.869957,37.990848
210,88,23.871067,37.991946
210,89,23.872097,37.993926
210,90,23.870326,37.995814
210,91,23.867746,37.997306
210,92,23.864266,37.999114
210,93,23.860476,38.000804
210,94,23.858105,38.002315
210,95,23.857874,38.003715
210,96,23.858074,38.005626
210,97,23.858084,38.005638
210,98,23.858124,38.005836
210,99,23.858183,38.006107
210,100,23.858183,38.006107
210,101,23.858294,38.006465
210,102,23.858344,38.006637
210,103,23.858414,38.006816
210,104,23.858503,38.007125
210,105,23.858503,38.007156
210,106,23.858734,38.007408
210,107,23.860214,38.007198
210,108,23.860474,38.007228
210,109,23.860754,38.008247
210,110,23.861003,38.009658
210,111,23.861164,38.011039
210,112,23.860424,38.012531
210,113,23.860384,38.014472
210,114,23.860344,38.017341
210,115,23.860353,38.020171
210,116,23.859924,38.02243
210,117,23.859705,38.023361
210,118,23.859705,38.023361
210,119,23.859045,38.023952
210,120,23.856396,38.02452
210,121,23.853476,38.025168
210,122,23.850706,38.026069
210,123,23.848847,38.026679
210,124,23.845936,38.028118
210,125,23.844326,38.028926
210,126,23.843497,38.027587
210,127,23.841896,38.027656
210,128,23.838837,38.028987
210,129,23.837575,38.029547
210,130,23.837316,38.029659
210,131,23.836327,38.028377
210,132,23.834426,38.026306
210,133,23.833036,38.024795
210,134,23.832426,38.025313
210,135,23.831446,38.025664
210,136,23.830475,38.026225
210,137,23.822886,38.032447
210,138,23.822846,38.032447
210,139,23.822945,38.032485
210,140,23.823074,38.032737
210,141,23.822584,38.033118
210,142,23.822485,38.033198
210,143,23.821526,38.034057
210,144,23.821025,38.034545
210,145,23.820106,38.035297
210,146,23.819317,38.035976
210,147,23.817707,38.037246
210,148,23.814916,38.038676
210,149,23.812737,38.039417
210,150,23.811318,38.039878
210,151,23.810007,38.040309
210,152,23.809628,38.040401
210,153,23.807037,38.041251
210,154,23.804098,38.042182
210,155,23.803937,38.042202
210,156,23.803919,38.042171
210,157,23.803978,38.041819
210,158,23.805748,38.04132
210,159,23.807117,38.040912
210,160,23.807117,38.040912
210,161,23.807348,38.040851
210,162,23.806368,38.041152
210,163,23.803808,38.041904
210,164,23.804268,38.042064
210,165,23.806439,38.041404
210,166,23.808399,38.040775
210,167,23.808699,38.040744
210,168,23.8086,38.040824
210,169,23.809029,38.040664
210,170,23.809078,38.040626
210,171,23.809078,38.040626
210,172,23.809097,38.040545
210,173,23.809047,38.040557
210,174,23.809458,38.040447
210,175,23.810077,38.040126
210,176,23.810599,38.039928
210,177,23.810668,38.039836
210,178,23.811609,38.039504
210,179,23.814449,38.038593
210,180,23.817159,38.037204
210,181,23.8197,38.035182
210,182,23.82045,38.034442
210,183,23.821209,38.033733
210,184,23.821089,38.033363
210,185,23.820608,38.033615
210,186,23.820127,38.034076
210,187,23.819908,38.034705
210,188,23.819279,38.035236
210,189,23.818449,38.036006
210,190,23.816968,38.037025
210,191,23.815868,38.037673
210,192,23.814659,38.038215
210,193,23.811929,38.039146
210,194,23.809849,38.039768
210,195,23.808939,38.039996
210,196,23.808729,38.040046
210,197,23.808699,38.040107
210,198,23.808948,38.040107
210,199,23.809738,38.039886
210,200,23.811208,38.039466
210,201,23.812068,38.039187
210,202,23.81436,38.038436
210,203,23.815929,38.037765
210,204,23.81608,38.037673
210,205,23.81766,38.036692
210,206,23.819259,38.035342
210,207,23.820239,38.033981
210,208,23.82118,38.033401
210,209,23.820671,38.034221
210,210,23.820162,38.034842
210,211,23.820781,38.034213
210,212,23.821491,38.033602
210,213,23.82291,38.032294
210,214,23.822991,38.032264
210,215,23.831021,38.025885
210,216,23.831671,38.025516
210,217,23.83214,38.025317
210,218,23.83271,38.024986
210,219,23.83309,38.024837
210,220,23.83387,38.025798
210,221,23.83535,38.027248
210,222,23.83692,38.028259
210,223,23.838921,38.0275
210,224,23.841501,38.026271
210,225,23.843,38.026511
210,226,23.845529,38.02542
210,227,23.84853,38.02502
210,228,23.848811,38.024959
210,229,23.848811,38.024959
210,230,23.84893,38.024448
210,231,23.84745,38.021796
210,232,23.847219,38.020996
210,233,23.849569,38.020644
210,234,23.85134,38.018966
210,235,23.85295,38.015395
210,236,23.854549,38.011874
210,237,23.85532,38.009555
210,238,23.855049,38.008384
210,239,23.855209,38.006915
210,240,23.855839,38.005805
210,241,23.856369,38.004676
210,242,23.856889,38.002975
210,243,23.86039,38.000866
210,244,23.863751,37.999324
210,245,23.86727,37.997535
210,246,23.870829,37.995803
210,247,23.873548,37.993465
210,248,23.877279,37.990695
210,249,23.87998,37.989024
210,250,23.88081,37.989535
210,251,23.881019,37.990436
210,252,23.881239,37.990626
210,253,23.881379,37.990768
210,254,23.881807,37.990508
210,255,23.881866,37.990527
210,256,23.881897,37.990547
210,257,23.881557,37.990268
210,258,23.881357,37.990097
210,259,23.881357,37.990097
210,260,23.880988,37.989628
210,261,23.880108,37.989078
210,262,23.878369,37.990096
210,263,23.875688,37.991855
210,264,23.874829,37.992396
210,265,23.873927,37.991287
210,266,23.872118,37.989825
210,267,23.869947,37.990764
210,268,23.870787,37.991573
210,269,23.872276,37.99338
210,270,23.870256,37.995429
210,271,23.870257,37.995997
210,272,23.867806,37.99728
210,273,23.865354,37.99863
210,274,23.866055,37.999831
210,275,23.866294,38.000301
210,276,23.866495,38.000922
210,277,23.867105,38.002384
210,278,23.867845,38.004462
210,279,23.868046,38.005752
210,280,23.870716,38.005302
210,281,23.870725,38.005302
210,282,23.871087,38.005271
210,283,23.871166,38.00526
210,284,23.871166,38.00526
210,285,23.871496,38.005221
210,286,23.871496,38.005221
210,287,23.871966,38.00608
210,288,23.871046,38.008151
210,289,23.871036,38.01063
210,290,23.870487,38.010822
210,291,23.869596,38.010902
210,292,23.868597,38.01102
210,293,23.868297,38.012168
210,294,23.867958,38.013499
210,295,23.867388,38.014807
210,296,23.866958,38.015659
210,297,23.86649,38.01641
210,298,23.8654,38.017421
210,299,23.864139,38.018451
210,300,23.862419,38.01942
210,301,23.860509,38.020259
210,302,23.860211,38.020247
210,303,23.859661,38.020408
210,304,23.85798,38.020729
210,305,23.856041,38.021068
210,306,23.85424,38.021327
210,307,23.8536,38.021388
210,308,23.852439,38.021548
210,309,23.85136,38.021708
210,310,23.85059,38.02185
210,311,23.849689,38.021991
210,312,23.84968,38.021991
210,313,23.84951,38.022052
210,314,23.84947,38.021941
210,315,23.8503,38.021849
210,316,23.851179,38.02172
210,317,23.852159,38.021579
210,318,23.85228,38.021449
210,319,23.851409,38.021568
210,320,23.85099,38.021579
210,321,23.85035,38.021617
210,322,23.850399,38.021678
210,323,23.850469,38.02164
210,324,23.850081,38.02172
210,325,23.850111,38.02172
210,326,23.85017,38.021709
210,327,23.850401,38.02167
210,328,23.85029,38.021651
210,329,23.85058,38.021633
210,330,23.850661,38.021671
210,331,23.85095,38.02161
210,332,23.85034,38.021278
210,333,23.85071,38.020339
210,334,23.852051,38.017428
210,335,23.853691,38.013778
210,336,23.855442,38.010848
210,337,23.855212,38.008709
210,338,23.854841,38.007579
210,339,23.85542,38.006179
210,340,23.856331,38.005298
210,341,23.856152,38.003718
210,342,23.857351,38.002769
210,343,23.859321,38.001658
210,344,23.862932,37.99966
210,345,23.866562,37.997939
210,346,23.869762,37.996139
210,347,23.871273,37.9957
210,348,23.874132,37.992851
210,349,23.877993,37.990272
210,350,23.880132,37.989001
210,351,23.881212,37.990013
210,352,23.881413,37.990112
210,353,23.881221,37.990032
210,354,23.881052,37.989753
210,355,23.880262,37.989001
210,356,23.879403,37.989432
210,357,23.876981,37.990982
210,358,23.874641,37.992282
210,359,23.873201,37.990413
210,360,23.870972,37.990112
210,361,23.870141,37.990963
210,362,23.871702,37.992591
210,363,23.870703,37.994831
210,364,23.870292,37.995811
210,365,23.870292,37.995811
210,366,23.870243,37.996009
210,367,23.867773,37.997309
210,368,23.864383,37.99911
210,369,23.860773,38.000651
210,370,23.858073,38.002353
210,371,23.857992,38.001624
210,372,23.858402,37.999744
210,373,23.857622,37.997936
210,374,23.856962,37.997683
210,375,23.854433,37.997973
210,376,23.852694,37.998153
210,377,23.852634,37.998973
210,378,23.852264,37.999405
210,379,23.851024,37.998534
210,380,23.849754,37.997714
210,381,23.848564,37.997275
210,382,23.847564,37.996906
210,383,23.846344,37.996604
210,384,23.844944,37.996955
210,385,23.844503,37.997226
210,386,23.844574,37.997066
210,387,23.844574,37.997104
210,388,23.844633,37.997004
210,389,23.844513,37.997016
210,390,23.844513,37.997016
210,391,23.844463,37.997134
210,392,23.844534,37.997165
210,393,23.845113,37.996783
210,394,23.846504,37.996543
210,395,23.847806,37.996913
210,396,23.849195,37.997504
210,397,23.850416,37.998145
210,398,23.851637,37.999004
210,399,23.852607,37.999095
210,400,23.852638,37.998065
210,401,23.856018,37.997734
210,402,23.857557,37.997905
210,403,23.858297,37.999316
210,404,23.857918,38.001636
210,405,23.857908,38.002196
210,406,23.857908,38.002196
210,407,23.859548,38.001407
210,408,23.863208,37.999495
210,409,23.866768,37.997775
210,410,23.870777,37.995815
210,411,23.874098,37.992866
210,412,23.877838,37.990356
210,413,23.880348,37.989066
210,414,23.881249,37.990005
210,415,23.881308,37.990035
210,416,23.881317,37.990066
210,417,23.881697,37.990474
210,418,23.881776,37.990512
210,419,23.881906,37.990523
210,420,23.881887,37.990424
210,421,23.881598,37.990325
210,422,23.881579,37.990337
210,423,23.881319,37.990066
210,424,23.880569,37.989265
210,425,23.87965,37.989265
210,426,23.87755,37.990573
210,427,23.87504,37.992244
210,428,23.87466,37.992282
210,429,23.87355,37.990821
210,430,23.871991,37.989822
210,431,23.86997,37.990771
210,432,23.87121,37.992011
210,433,23.87159,37.994323
210,434,23.870261,37.995624
210,435,23.870279,37.995715
210,436,23.868339,37.996936
210,437,23.864899,37.998786
210,438,23.861139,38.000335
210,439,23.857951,38.002444
210,440,23.85788,38.004493
210,441,23.858219,38.006343
210,442,23.858238,38.006382
210,443,23.858319,38.006611
210,444,23.858428,38.00695
210,445,23.858428,38.006961
210,446,23.858579,38.007411
210,447,23.858579,38.007411
210,448,23.85865,38.007449
210,449,23.86006,38.00727
210,450,23.860429,38.007251
210,451,23.860649,38.007793
210,452,23.861019,38.009631
210,453,23.86121,38.011402
210,454,23.860239,38.012881
210,455,23.860359,38.014713
210,456,23.860309,38.016921
210,457,23.86044,38.01918
210,458,23.860159,38.021358
210,459,23.859669,38.023616
210,460,23.85949,38.026236
210,461,23.859259,38.029055
210,462,23.858479,38.031184
210,463,23.856369,38.031974
210,464,23.856989,38.033122
210,465,23.855608,38.034854
210,466,23.852598,38.037383
210,467,23.849878,38.040263
210,468,23.846767,38.042312
210,469,23.843208,38.044372
210,470,23.840048,38.046203
210,471,23.839847,38.046363
210,472,23.839847,38.046363
210,473,23.839577,38.046584
210,474,23.839577,38.046584
210,475,23.839028,38.046424
210,476,23.836977,38.044864
210,477,23.836747,38.044654
210,478,23.834325,38.042884
210,479,23.831875,38.041095
210,480,23.830685,38.040237
210,481,23.830515,38.040076
210,482,23.830025,38.041015
210,483,23.829364,38.043395
210,484,23.828205,38.043395
210,485,23.825266,38.041995
210,486,23.822675,38.040676
210,487,23.820705,38.040267
210,488,23.819426,38.040016
210,489,23.819406,38.038654
210,490,23.819536,38.037795
210,491,23.819705,38.037993
210,492,23.819595,38.037963
210,493,23.819705,38.038002
210,494,23.819636,38.038001
210,495,23.819425,38.038753
210,496,23.819777,38.040432
210,497,23.821386,38.040351
210,498,23.822916,38.04103
210,499,23.825787,38.04251
210,500,23.828716,38.043972
210,501,23.829516,38.042552
210,502,23.830286,38.040171
210,503,23.832506,38.041862
210,504,23.834566,38.042614
210,505,23.837375,38.040275
210,506,23.840025,38.038066
210,507,23.842094,38.036407
210,508,23.844864,38.034625
210,509,23.847494,38.033397
210,510,23.850133,38.032169
210,511,23.854093,38.030318
210,512,23.853184,38.029326
210,513,23.850514,38.026637
210,514,23.849965,38.026149
210,515,23.848565,38.023757
210,516,23.846994,38.021129
210,517,23.849684,38.02074
210,518,23.851513,38.018638
210,519,23.853363,38.014518
210,520,23.855623,38.010726
210,521,23.857653,38.009166
210,522,23.857652,38.008315
210,523,23.857652,38.008327
210,524,23.857433,38.008068
210,525,23.857433,38.008048
210,526,23.857303,38.0074
210,527,23.855873,38.007282
210,528,23.855062,38.00653
210,529,23.855753,38.005519
210,530,23.856324,38.004539
210,531,23.856533,38.0032
210,532,23.858254,38.0023
210,533,23.861803,38.000098
210,534,23.865383,37.998587
210,535,23.868554,37.996848
210,536,23.869972,37.996078
210,537,23.871392,37.995658
210,538,23.874132,37.99287
210,539,23.877343,37.990699
210,540,23.880293,37.989047
210,541,23.881333,37.990196
210,542,23.881332,37.990104
210,543,23.881373,37.990092
210,544,23.881283,37.989951
210,545,23.881283,37.990001
210,546,23.881283,37.98994
210,547,23.881113,37.989811
210,548,23.881113,37.989821
210,549,23.880293,37.98902
210,550,23.880973,37.988589
210,551,23.884064,37.987269
210,552,23.888214,37.984958
210,553,23.892124,37.98241
210,554,23.896115,37.979789
210,555,23.900184,37.977168
210,556,23.903854,37.974357
210,557,23.905565,37.970618
210,558,23.906456,37.968158
210,559,23.909626,37.968158
210,560,23.913845,37.967918
210,561,23.917955,37.966907
210,562,23.921866,37.965969
210,563,23.923386,37.966697
210,564,23.926016,37.968638
210,565,23.928575,37.97124
210,566,23.931875,37.973911
210,567,23.934145,37.977432
210,568,23.934885,37.981273
210,569,23.934965,37.985042
210,570,23.937145,37.988772
210,571,23.939735,37.99198
210,572,23.940325,37.99454
210,573,23.940864,37.99668
210,574,23.941925,37.999961
210,575,23.941475,38.002082
210,576,23.941475,38.002082
210,577,23.942275,38.002414
210,578,23.945845,38.003562
210,579,23.950785,38.00508
210,580,23.955274,38.006389
210,581,23.959545,38.007659
210,582,23.964235,38.008059
210,583,23.968654,38.010291
210,584,23.973194,38.011729
210,585,23.977034,38.014591
210,586,23.979313,38.017799
210,587,23.980152,38.018249
210,588,23.980162,38.01826
210,589,23.980901,38.019221
210,590,23.982262,38.021323
210,591,23.983051,38.023822
210,592,23.983291,38.024913
210,593,23.982832,38.026061
210,594,23.982293,38.027201
210,595,23.982452,38.028411
210,596,23.983112,38.029571
210,597,23.984083,38.031222
210,598,23.984863,38.033603
210,599,23.987624,38.035781
210,600,23.990094,38.038661
210,601,23.989804,38.041819
210,602,23.988823,38.044501
210,603,23.988113,38.047049
210,604,23.987234,38.050232
210,605,23.985554,38.052772
210,606,23.985314,38.053104
210,607,23.984253,38.055434
210,608,23.982923,38.058795
210,609,23.981873,38.061214
210,610,23.981793,38.061862
210,611,23.981931,38.063861
210,612,23.982043,38.065773
210,613,23.982052,38.065993
210,614,23.982162,38.067115
210,615,23.982162,38.067165
210,616,23.982132,38.067203
210,617,23.982232,38.067264
210,618,23.982051,38.067294
210,619,23.982172,38.067203
210,620,23.982132,38.067172
210,621,23.982043,38.066413
210,622,23.981852,38.064083
210,623,23.982061,38.060714
210,624,23.983541,38.057093
210,625,23.985053,38.053374
210,626,23.987352,38.049694
210,627,23.988404,38.045723
210,628,23.989643,38.041961
210,629,23.989732,38.038249
210,630,23.986982,38.035419
210,631,23.984342,38.032439
210,632,23.982382,38.028708
210,633,23.983192,38.02505
210,634,23.981963,38.021022
210,635,23.980402,38.018653
210,636,23.980303,38.018543
210,637,23.977943,38.01644
210,638,23.975504,38.013469
210,639,23.971724,38.01105
210,640,23.967283,38.009631
210,641,23.962842,38.00793
210,642,23.958223,38.007072
210,643,23.953564,38.005611
210,644,23.948775,38.004489
210,645,23.944025,38.003028
210,646,23.939625,38.00172
210,647,23.935215,37.999778
210,648,23.930494,37.99818
210,649,23.925304,37.997749
210,650,23.920225,37.998217
210,651,23.915255,37.999488
210,652,23.911925,38.002059
210,653,23.907224,38.00265
210,654,23.902174,38.002929
210,655,23.897443,38.003589
210,656,23.893123,38.004379
210,657,23.890043,38.00447
210,658,23.887483,38.00407
210,659,23.883944,38.003551
210,660,23.883355,38.00362
210,661,23.882383,38.003799
210,662,23.882213,38.003829
210,663,23.881143,38.003848
210,664,23.880884,38.003769
210,665,23.880803,38.003436
210,666,23.880755,38.002578
210,667,23.880434,38.000438
210,668,23.880374,37.997668
210,669,23.881306,37.994247
210,670,23.882156,37.991146
210,671,23.882137,37.990794
210,672,23.881597,37.990246
210,673,23.881498,37.990207
210,674,23.881439,37.990146
210,675,23.881439,37.990116
210,676,23.881439,37.990116
210,677,23.881399,37.990104
210,678,23.881739,37.990383
210,679,23.882038,37.990821
210,680,23.881829,37.991271
210,681,23.881458,37.991672
210,682,23.881347,37.991703
210,683,23.881407,37.991714
210,684,23.881466,37.991683
210,685,23.881436,37.991294
210,686,23.882086,37.990825
210,687,23.881546,37.990275
210,688,23.881385,37.990085
210,689,23.881346,37.990085
210,690,23.881256,37.990085
