211,1,23.881239,37.989959
211,2,23.881748,37.99039
211,3,23.881508,37.990352
211,4,23.881517,37.990352
211,5,23.881237,37.990131
211,6,23.881218,37.99018
211,7,23.881199,37.990119
211,8,23.881139,37.990119
211,9,23.88109,37.98989
211,10,23.8811,37.98986
211,11,23.88047,37.989219
211,12,23.87969,37.989238
211,13,23.87767,37.990489
211,14,23.87504,37.992248
211,15,23.87369,37.990996
211,16,23.871979,37.989837
211,17,23.869879,37.990817
211,18,23.871078,37.991988
211,19,23.871578,37.994327
211,20,23.870258,37.995696
211,21,23.868648,37.996745
211,22,23.865287,37.998584
211,23,23.861618,38.000125
211,24,23.858257,38.002246
211,25,23.857878,38.004317
211,26,23.858288,38.006496
211,27,23.858297,38.006496
211,28,23.858458,38.006965
211,29,23.858458,38.006965
211,30,23.858537,38.007255
211,31,23.859937,38.007243
211,32,23.860548,38.007255
211,33,23.860768,38.008445
211,34,23.861057,38.009963
211,35,23.861208,38.011542
211,36,23.860288,38.013221
211,37,23.860289,38.015792
211,38,23.860458,38.018871
211,39,23.860439,38.019573
211,40,23.860199,38.021262
211,41,23.860008,38.022152
211,42,23.859737,38.023101
211,43,23.859377,38.023921
211,44,23.856318,38.024543
211,45,23.853117,38.025283
211,46,23.851167,38.025924
211,47,23.850098,38.026274
211,48,23.847288,38.027294
211,49,23.844538,38.028892
211,50,23.843348,38.027351
211,51,23.841626,38.02777
211,52,23.838587,38.02909
211,53,23.838167,38.029289
211,54,23.838157,38.029289
211,55,23.837597,38.02954
211,56,23.837597,38.02954
211,57,23.837427,38.029609
211,58,23.836928,38.029239
211,59,23.836748,38.028988
211,60,23.835897,38.027846
211,61,23.835617,38.027538
211,62,23.834437,38.026359
211,63,23.833776,38.02558
211,64,23.832787,38.024878
211,65,23.832527,38.02486
211,66,23.832536,38.024848
211,67,23.832377,38.02478
211,68,23.832716,38.02484
211,69,23.832725,38.024841
211,70,23.833386,38.025069
211,71,23.833685,38.025588
211,72,23.834675,38.026679
211,73,23.835745,38.027759
211,74,23.836824,38.02832
211,75,23.839565,38.027198
211,76,23.842464,38.02613
211,77,23.844515,38.025698
211,78,23.848344,38.025069
211,79,23.849036,38.024669
211,80,23.848675,38.023979
211,81,23.847595,38.02206
211,82,23.847925,38.020777
211,83,23.850556,38.02071
211,84,23.851986,38.017578
211,85,23.853636,38.013889
211,86,23.855616,38.01068
211,87,23.855215,38.008639
211,88,23.855215,38.008628
211,89,23.854875,38.007746
211,90,23.855205,38.006175
211,91,23.856216,38.005317
211,92,23.856097,38.003429
211,93,23.858856,38.001949
211,94,23.862536,37.999797
211,95,23.866465,37.997988
211,96,23.871106,37.995758
211,97,23.874917,37.992297
211,98,23.879415,37.989379
211,99,23.880776,37.989589
211,100,23.881235,37.9901
211,101,23.881306,37.990069
211,102,23.881376,37.990199
211,103,23.881716,37.990451
211,104,23.881765,37.990451
211,105,23.881985,37.990581
211,106,23.881895,37.990532
211,107,23.881886,37.990532
211,108,23.881675,37.990321
211,109,23.881836,37.990493
211,110,23.881626,37.990294
211,111,23.881355,37.990073
211,112,23.881266,37.990062
211,113,23.881126,37.989913
211,114,23.880546,37.989292
211,115,23.879757,37.989241
211,116,23.877817,37.990401
211,117,23.875516,37.991893
211,118,23.874736,37.992355
211,119,23.873787,37.991126
211,120,23.872017,37.989818
211,121,23.869847,37.990718
211,122,23.870935,37.991798
211,123,23.871987,37.994006
211,124,23.870275,37.995776
211,125,23.870275,37.995925
211,126,23.867976,37.997134
211,127,23.864505,37.998965
211,128,23.860675,38.000617
211,129,23.858036,38.002318
211,130,23.857826,38.003719
211,131,23.858246,38.006419
211,132,23.858385,38.0069
211,133,23.858466,38.00719
211,134,23.858466,38.00719
211,135,23.858496,38.007289
211,136,23.857256,38.00775
211,137,23.854397,38.00867
211,138,23.850896,38.009349
211,139,23.847607,38.009917
211,140,23.845407,38.010288
211,141,23.843067,38.010578
211,142,23.839508,38.011168
211,143,23.835888,38.012741
211,144,23.834208,38.013111
211,145,23.831328,38.01372
211,146,23.827288,38.013961
211,147,23.826727,38.01395
211,148,23.824217,38.013839
211,149,23.824047,38.01385
211,150,23.823998,38.013869
211,151,23.821638,38.013751
211,152,23.818178,38.01308
211,153,23.813818,38.01197
211,154,23.812779,38.011729
211,155,23.812229,38.011611
211,156,23.808759,38.01062
211,157,23.804279,38.008528
211,158,23.799579,38.007068
211,159,23.79793,38.006587
211,160,23.796789,38.006199
211,161,23.794619,38.00497
211,162,23.792208,38.003188
211,163,23.791508,38.002578
211,164,23.791489,38.002547
211,165,23.789929,38.002036
211,166,23.788787,38.001655
211,167,23.788428,38.001544
211,168,23.787117,38.001003
211,169,23.786957,38.000903
211,170,23.786636,38.000694
211,171,23.784357,37.999182
211,172,23.783386,37.998424
211,173,23.782297,37.997524
211,174,23.782057,37.997295
211,175,23.779396,37.995593
211,176,23.776366,37.993644
211,177,23.776195,37.993526
211,178,23.776726,37.991935
211,179,23.777114,37.990837
211,180,23.777305,37.990558
211,181,23.778675,37.988838
211,182,23.780334,37.986968
211,183,23.782255,37.984588
211,184,23.781256,37.983046
211,185,23.781175,37.982967
211,186,23.780796,37.982368
211,187,23.781755,37.981898
211,188,23.781715,37.980979
211,189,23.780475,37.98014
211,190,23.779526,37.979331
211,191,23.778736,37.978031
211,192,23.779927,37.976989
211,193,23.779828,37.97697
211,194,23.779808,37.976982
211,195,23.779897,37.976962
211,196,23.779807,37.976871
211,197,23.779793,37.976863
211,198,23.779832,37.976883
211,199,23.779873,37.976733
211,200,23.779943,37.977172
211,201,23.778854,37.978443
211,202,23.779564,37.979701
211,203,23.781143,37.98043
211,204,23.781954,37.981398
211,205,23.780853,37.982448
211,206,23.781914,37.983378
211,207,23.782555,37.984568
211,208,23.780103,37.987548
211,209,23.777794,37.990248
211,210,23.776613,37.992419
211,211,23.776502,37.99256
211,212,23.776172,37.992919
211,213,23.778103,37.994678
211,214,23.778853,37.995189
211,215,23.778893,37.995208
211,216,23.781252,37.996658
211,217,23.784282,37.999007
211,218,23.786904,38.000727
211,219,23.788214,38.00135
211,220,23.790054,38.001949
211,221,23.791553,38.00262
211,222,23.793554,38.004138
211,223,23.794004,38.004508
211,224,23.796104,38.00587
211,225,23.800545,38.007129
211,226,23.801344,38.00735
211,227,23.802244,38.007701
211,228,23.806503,38.009452
211,229,23.808883,38.010581
211,230,23.810894,38.011203
211,231,23.811204,38.011264
211,232,23.812555,38.011573
211,233,23.813514,38.011794
211,234,23.813534,38.011794
211,235,23.814604,38.012095
211,236,23.815375,38.012316
211,237,23.816914,38.012725
211,238,23.817533,38.012916
211,239,23.818273,38.013107
211,240,23.821024,38.013675
211,241,23.825254,38.013896
211,242,23.830074,38.013927
211,243,23.834854,38.012977
211,244,23.836874,38.012317
211,245,23.838105,38.011725
211,246,23.838764,38.011405
211,247,23.839035,38.011295
211,248,23.839146,38.011256
211,249,23.839245,38.011219
211,250,23.839395,38.011168
211,251,23.839494,38.011131
211,252,23.840135,38.01097
211,253,23.841215,38.010829
211,254,23.841804,38.010761
211,255,23.843284,38.0106
211,256,23.845064,38.010402
211,257,23.847365,38.010021
211,258,23.851454,38.009281
211,259,23.854044,38.008831
211,260,23.855105,38.007442
211,261,23.855804,38.006103
211,262,23.856344,38.004932
211,263,23.856104,38.003402
211,264,23.858845,38.001964
211,265,23.862576,37.999793
211,266,23.866267,37.998092
211,267,23.870387,37.995941
211,268,23.873797,37.993152
211,269,23.877836,37.990371
211,270,23.880417,37.989181
211,271,23.881327,37.990242
211,272,23.881346,37.990112
211,273,23.881297,37.990051
211,274,23.881286,37.990013
211,275,23.881327,37.989864
211,276,23.881037,37.989543
211,277,23.880146,37.988982
211,278,23.878256,37.990111
211,279,23.875345,37.992053
211,280,23.873806,37.991042
211,281,23.871977,37.989742
211,282,23.870028,37.990722
211,283,23.871348,37.992103
211,284,23.872087,37.993892
211,285,23.870268,37.995612
211,286,23.868438,37.996883
211,287,23.865117,37.998683
211,288,23.862318,37.999854
211,289,23.858768,38.002006
211,290,23.857998,38.001746
211,291,23.858408,37.999416
211,292,23.857689,37.997996
211,293,23.856498,37.997756
211,294,23.853129,37.998035
211,295,23.852758,37.998504
211,296,23.852759,37.999183
211,297,23.851948,37.999145
211,298,23.850538,37.998134
211,299,23.849878,37.997733
211,300,23.848518,37.997234
211,301,23.847399,37.996844
211,302,23.845699,37.996672
211,303,23.84449,37.997184
211,304,23.844549,37.997054
211,305,23.844719,37.996943
211,306,23.844599,37.997023
211,307,23.844599,37.997013
211,308,23.8445,37.99713
211,309,23.84454,37.997168
211,310,23.844839,37.996917
211,311,23.846069,37.996577
211,312,23.847688,37.996898
211,313,23.849147,37.997466
211,314,23.849197,37.997497
211,315,23.850418,37.998088
211,316,23.851799,37.999088
211,317,23.852588,37.998916
211,318,23.8527,37.998046
211,319,23.85441,37.997966
211,320,23.85754,37.997664
211,321,23.858009,37.998565
211,322,23.858089,38.000835
211,323,23.85829,38.002155
211,324,23.861228,38.000266
211,325,23.865,37.998718
211,326,23.8689,37.996539
211,327,23.871891,37.995391
211,328,23.87438,37.992641
211,329,23.877769,37.99039
211,330,23.880329,37.989001
211,331,23.881319,37.99018
211,332,23.881399,37.990062
211,333,23.881399,37.99018
211,334,23.881439,37.990211
211,335,23.881988,37.990581
211,336,23.881898,37.990561
211,337,23.881779,37.990482
211,338,23.881309,37.990081
211,339,23.881309,37.990081
211,340,23.881149,37.98981
211,341,23.880159,37.989009
211,342,23.87796,37.99036
211,343,23.875,37.992328
211,344,23.87461,37.992187
211,345,23.87281,37.989887
211,346,23.870041,37.990535
211,347,23.867981,37.989844
211,348,23.86573,37.987506
211,349,23.86437,37.985698
211,350,23.86248,37.984508
211,351,23.86227,37.983539
211,352,23.86186,37.983577
211,353,23.86239,37.983615
211,354,23.86241,37.983684
211,355,23.86244,37.983672
211,356,23.862551,37.984344
211,357,23.86404,37.985492
211,358,23.865539,37.987224
211,359,23.8668,37.988895
211,360,23.869301,37.990486
211,361,23.87157,37.989944
211,362,23.87331,37.990715
211,363,23.87446,37.992095
211,364,23.874969,37.992236
211,365,23.875179,37.992046
211,366,23.875198,37.992026
211,367,23.875679,37.991718
211,368,23.878859,37.989658
211,369,23.880348,37.989036
211,370,23.881248,37.989917
211,371,23.881368,37.990058
211,372,23.881399,37.990058
211,373,23.881109,37.990409
211,374,23.8811,37.990409
211,375,23.88109,37.990409
211,376,23.881269,37.990638
211,377,23.881349,37.990699
211,378,23.88205,37.99065
211,379,23.881969,37.990558
211,380,23.881979,37.990558
211,381,23.881929,37.990558
211,382,23.881929,37.990558
211,383,23.88188,37.99044
211,384,23.88139,37.990081
211,385,23.881371,37.990081
211,386,23.880631,37.98925
211,387,23.879851,37.989238
211,388,23.877661,37.990577
211,389,23.875021,37.992335
211,390,23.874512,37.992004
211,391,23.872772,37.989833
211,392,23.870191,37.990505
211,393,23.87058,37.991313
211,394,23.872301,37.993404
211,395,23.87029,37.995612
211,396,23.87022,37.996051
211,397,23.867559,37.99744
211,398,23.86402,37.999271
211,399,23.8603,38.001011
211,400,23.85796,38.003001
211,401,23.858039,38.005443
211,402,23.858561,38.007274
211,403,23.858601,38.007415
211,404,23.857241,38.007926
211,405,23.85643,38.008785
211,406,23.857099,38.009803
211,407,23.855619,38.010734
211,408,23.853839,38.013664
211,409,23.85208,38.017482
211,410,23.85067,38.020591
211,411,23.85031,38.021109
211,412,23.850689,38.02143
211,413,23.851438,38.02151
211,414,23.852088,38.021579
211,415,23.850708,38.021838
211,416,23.849517,38.022037
211,417,23.848308,38.022087
211,418,23.847108,38.022277
211,419,23.845518,38.022529
211,420,23.844247,38.02275
211,421,23.842918,38.022811
211,422,23.842079,38.022953
211,423,23.841469,38.023082
211,424,23.841388,38.02312
211,425,23.841488,38.023189
211,426,23.841019,38.02315
211,427,23.841499,38.023032
211,428,23.84166,38.023002
211,429,23.841999,38.022922
211,430,23.842138,38.022891
211,431,23.841858,38.022983
211,432,23.841657,38.023013
211,433,23.841738,38.023025
211,434,23.842398,38.022884
211,435,23.843418,38.022792
211,436,23.844649,38.022651
211,437,23.845909,38.022479
211,438,23.847139,38.022258
211,439,23.84833,38.022109
211,440,23.849409,38.022098
211,441,23.849369,38.022098
211,442,23.849739,38.022017
211,443,23.850698,38.021877
211,444,23.85196,38.021655
211,445,23.851649,38.021617
211,446,23.850849,38.021606
211,447,23.850131,38.021297
211,448,23.850941,38.019966
211,449,23.852109,38.017375
211,450,23.8537,38.013835
211,451,23.855141,38.011127
211,452,23.85526,38.008815
211,453,23.855221,38.008673
211,454,23.854921,38.007503
211,455,23.855431,38.006172
211,456,23.85631,38.005282
211,457,23.85612,38.003402
211,458,23.85883,38.001941
211,459,23.862339,37.999831
211,460,23.86582,37.998313
211,461,23.869369,37.996272
211,462,23.870079,37.996002
211,463,23.872239,37.9952
211,464,23.874557,37.99253
211,465,23.877709,37.990428
211,466,23.880188,37.988936
211,467,23.880848,37.989547
211,468,23.881368,37.990088
211,469,23.881508,37.990199
