212,1,23.881229,37.990272
212,2,23.881279,37.990222
212,3,23.881528,37.99034
212,4,23.881249,37.990081
212,5,23.881239,37.990043
212,6,23.881239,37.990013
212,7,23.881089,37.989814
212,8,23.880678,37.989376
212,9,23.880208,37.989005
212,10,23.878948,37.989696
212,11,23.876638,37.991188
212,12,23.874568,37.992126
212,13,23.872968,37.990054
212,14,23.870588,37.990173
212,15,23.870298,37.990982
212,16,23.871728,37.992542
212,17,23.871488,37.994392
212,18,23.87032,37.995731
212,19,23.87032,37.995761
212,20,23.868679,37.996742
212,21,23.865528,37.998451
212,22,23.861958,37.999961
212,23,23.858439,38.002139
212,24,23.857979,38.00267
212,25,23.85796,38.004809
212,26,23.858289,38.006401
212,27,23.8583,38.006411
212,28,23.858439,38.00682
212,29,23.858457,38.006881
212,30,23.858476,38.006931
212,31,23.858615,38.007411
212,32,23.858635,38.00743
212,33,23.859905,38.007281
212,34,23.860485,38.007243
212,35,23.860814,38.008323
212,36,23.861075,38.009894
212,37,23.861225,38.011455
212,38,23.860294,38.013026
212,39,23.860374,38.015117
212,40,23.860424,38.018187
212,41,23.860433,38.019489
212,42,23.860254,38.021037
212,43,23.860035,38.022128
212,44,23.859704,38.023559
212,45,23.858315,38.024077
212,46,23.854944,38.024669
212,47,23.851574,38.025779
212,48,23.850673,38.026111
212,49,23.849794,38.026412
212,50,23.847134,38.027412
212,51,23.844553,38.028922
212,52,23.843292,38.027263
212,53,23.841652,38.027762
212,54,23.840533,38.028232
212,55,23.840513,38.028232
212,56,23.840374,38.028281
212,57,23.840275,38.028331
212,58,23.840074,38.028411
212,59,23.839895,38.028491
212,60,23.839254,38.028762
212,61,23.839224,38.028781
212,62,23.839224,38.028793
212,63,23.839113,38.02883
212,64,23.839024,38.028881
212,65,23.838854,38.028949
212,66,23.838854,38.02898
212,67,23.838582,38.029097
212,68,23.838582,38.029109
212,69,23.838312,38.02922
212,70,23.838312,38.02922
212,71,23.838241,38.02925
212,72,23.838131,38.029289
212,73,23.837841,38.029406
212,74,23.837761,38.029468
212,75,23.837611,38.029586
212,76,23.83737,38.029678
212,77,23.837351,38.029689
212,78,23.837271,38.0297
212,79,23.837261,38.0297
212,80,23.836781,38.029132
212,81,23.83674,38.029052
212,82,23.83665,38.028892
212,83,23.836602,38.028793
212,84,23.836481,38.028651
212,85,23.836481,38.028632
212,86,23.836342,38.028392
212,87,23.836221,38.028232
212,88,23.836083,38.028041
212,89,23.835731,38.027641
212,90,23.83513,38.02703
212,91,23.834871,38.02677
212,92,23.834591,38.026519
212,93,23.833841,38.025669
212,94,23.83324,38.024939
212,95,23.832889,38.025008
212,96,23.832489,38.02539
212,97,23.83177,38.025588
212,98,23.830499,38.02629
212,99,23.82284,38.032379
212,100,23.82255,38.0326
212,101,23.82217,38.032958
212,102,23.820382,38.03458
212,103,23.818441,38.03625
212,104,23.815761,38.03794
212,105,23.814031,38.03865
212,106,23.813701,38.038779
212,107,23.811383,38.039558
212,108,23.808841,38.040358
212,109,23.808561,38.040458
212,110,23.808432,38.040488
212,111,23.808361,38.040458
212,112,23.808601,38.040397
212,113,23.808901,38.040367
212,114,23.809051,38.040217
212,115,23.808972,38.040268
212,116,23.809102,38.040236
212,117,23.809381,38.040145
212,118,23.809391,38.040145
212,119,23.809462,38.040145
212,120,23.809502,38.040195
212,121,23.809451,38.040225
212,122,23.809631,38.040077
212,123,23.809811,38.039997
212,124,23.809811,38.039997
212,125,23.809971,38.040027
212,126,23.809952,38.040038
212,127,23.810102,38.039878
212,128,23.810102,38.03989
212,129,23.810342,38.039889
212,130,23.810463,38.039878
212,131,23.810472,38.039878
212,132,23.810612,38.039737
212,133,23.810562,38.039756
212,134,23.810923,38.039638
212,135,23.810981,38.039638
212,136,23.811161,38.039649
212,137,23.81104,38.039688
212,138,23.811272,38.039626
212,139,23.811552,38.039534
212,140,23.811533,38.039546
212,141,23.811703,38.039485
212,142,23.811604,38.039497
212,143,23.811823,38.039428
212,144,23.811993,38.03939
212,145,23.811882,38.039321
212,146,23.812073,38.039131
212,147,23.812103,38.039161
212,148,23.812183,38.039191
212,149,23.812344,38.039241
212,150,23.812584,38.039122
212,151,23.812574,38.039134
212,152,23.812775,38.039165
212,153,23.812614,38.039203
212,154,23.813034,38.039004
212,155,23.813053,38.039016
212,156,23.813093,38.039028
212,157,23.815134,38.038306
212,158,23.818304,38.036419
212,159,23.820555,38.034476
212,160,23.821384,38.033756
212,161,23.821455,38.033718
212,162,23.822914,38.032409
212,163,23.822883,38.03242
212,164,23.823204,38.032599
212,165,23.823293,38.032539
212,166,23.829494,38.027198
212,167,23.831264,38.026107
212,168,23.832593,38.025187
212,169,23.833454,38.025027
212,170,23.834305,38.026237
212,171,23.835964,38.027945
212,172,23.836624,38.028415
212,173,23.839325,38.027335
212,174,23.842065,38.026054
212,175,23.842936,38.026584
212,176,23.845914,38.025425
212,177,23.848724,38.025005
212,178,23.848904,38.024395
212,179,23.847233,38.021534
212,180,23.847782,38.020862
212,181,23.850412,38.020793
212,182,23.851923,38.017715
212,183,23.853843,38.013423
212,184,23.855515,38.010322
212,185,23.855234,38.00875
212,186,23.854894,38.007869
212,187,23.855006,38.006309
212,188,23.855986,38.005317
212,189,23.856297,38.004317
212,190,23.856447,38.003227
212,191,23.857758,38.002555
212,192,23.859598,38.001487
212,193,23.863178,37.999557
212,194,23.866709,37.997836
212,195,23.870597,37.995876
212,196,23.873839,37.993125
212,197,23.877108,37.990856
212,198,23.880077,37.989036
212,199,23.881067,37.989806
212,200,23.881188,37.989886
212,201,23.881188,37.989898
212,202,23.881777,37.990448
212,203,23.881796,37.990508
212,204,23.881846,37.990539
212,205,23.881815,37.990439
212,206,23.881306,37.990107
212,207,23.881306,37.990096
212,208,23.881297,37.990066
212,209,23.881336,37.990146
212,210,23.881836,37.990455
212,211,23.882187,37.990806
212,212,23.881807,37.992187
212,213,23.881178,37.994487
212,214,23.880378,37.997348
212,215,23.880369,38.000197
212,216,23.880599,38.001479
212,217,23.880889,38.00241
212,218,23.8823,38.00236
212,219,23.88402,38.001952
212,220,23.88487,38.001743
212,221,23.88455,38.003002
212,222,23.884741,38.00352
212,223,23.887171,38.003902
212,224,23.890809,38.004493
212,225,23.89538,38.003845
212,226,23.898821,38.003223
212,227,23.900841,38.003001
212,228,23.905151,38.00262
212,229,23.909741,38.002521
212,230,23.912691,38.000392
212,231,23.916661,37.999041
212,232,23.9183,37.998622
212,233,23.9181,37.998493
212,234,23.917591,37.998874
212,235,23.914211,37.999725
212,236,23.911402,38.002353
212,237,23.906942,38.002631
212,238,23.902023,38.002933
212,239,23.898835,38.003314
212,240,23.894563,38.004093
212,241,23.890283,38.004512
212,242,23.890074,38.004493
212,243,23.889294,38.004364
212,244,23.888164,38.004172
212,245,23.887624,38.004092
212,246,23.887064,38.004001
212,247,23.886604,38.00394
212,248,23.886284,38.003878
212,249,23.885445,38.003718
212,250,23.885244,38.0037
212,251,23.884874,38.00365
212,252,23.884495,38.003569
212,253,23.884436,38.00357
212,254,23.884216,38.003539
212,255,23.883336,38.003577
212,256,23.882656,38.003749
212,257,23.881616,38.00381
212,258,23.880846,38.003699
212,259,23.880646,38.001441
212,260,23.880226,37.998042
212,261,23.881246,37.994312
212,262,23.882206,37.990913
212,263,23.882086,37.990771
212,264,23.881315,37.99076
212,265,23.881275,37.990699
212,266,23.881136,37.990539
212,267,23.881266,37.990218
212,268,23.881257,37.990207
212,269,23.881207,37.989978
212,270,23.881207,37.990047
212,271,23.881136,37.989967
212,272,23.881077,37.989905
212,273,23.881086,37.989886
212,274,23.881036,37.989806
212,275,23.880227,37.989055
212,276,23.880207,37.989044
212,277,23.879038,37.989665
212,278,23.876627,37.991226
212,279,23.874786,37.992427
212,280,23.873507,37.990836
212,281,23.871977,37.989887
212,282,23.869976,37.990886
212,283,23.871516,37.992457
212,284,23.870984,37.994678
212,285,23.870275,37.995826
212,286,23.870226,37.996024
212,287,23.867755,37.997325
212,288,23.864306,37.999133
212,289,23.860716,38.000682
212,290,23.858054,38.002383
212,291,23.857876,38.003425
212,292,23.858046,38.005706
212,293,23.858126,38.006038
212,294,23.858135,38.006069
212,295,23.858194,38.006228
212,296,23.858283,38.006549
212,297,23.858284,38.006561
212,298,23.858453,38.007102
212,299,23.858473,38.007102
212,300,23.858513,38.007201
212,301,23.857754,38.007682
212,302,23.854973,38.008594
212,303,23.851482,38.009303
212,304,23.848071,38.009902
212,305,23.844942,38.010413
212,306,23.842503,38.010684
212,307,23.839052,38.011424
212,308,23.835352,38.012924
212,309,23.834593,38.013095
212,310,23.832973,38.013427
212,311,23.831934,38.013656
212,312,23.829483,38.013988
212,313,23.828644,38.014007
212,314,23.828083,38.014018
212,315,23.827544,38.014019
212,316,23.825884,38.013968
212,317,23.825294,38.013938
212,318,23.824854,38.013919
212,319,23.822994,38.013808
212,320,23.822924,38.013808
212,321,23.822363,38.013797
212,322,23.819942,38.013958
212,323,23.817842,38.014606
212,324,23.817743,38.014625
212,325,23.815362,38.015754
212,326,23.813143,38.016673
212,327,23.812223,38.017043
212,328,23.811483,38.017345
212,329,23.810934,38.017566
212,330,23.809944,38.017955
212,331,23.809944,38.017966
212,332,23.809343,38.018218
212,333,23.808723,38.01847
212,334,23.808024,38.018741
212,335,23.807724,38.018859
212,336,23.807403,38.018988
212,337,23.806962,38.019038
212,338,23.806753,38.019
212,339,23.805653,38.018749
212,340,23.805594,38.01873
212,341,23.804874,38.018569
212,342,23.804064,38.018378
212,343,23.803244,38.018188
212,344,23.802013,38.017967
212,345,23.801585,38.017868
212,346,23.800404,38.017669
212,347,23.798844,38.017398
212,348,23.797424,38.017459
212,349,23.797245,38.017497
212,350,23.795894,38.018169
212,351,23.795574,38.018428
212,352,23.795544,38.018439
212,353,23.795124,38.018951
212,354,23.794643,38.019599
212,355,23.794603,38.019629
212,356,23.793922,38.02058
212,357,23.793682,38.0209
212,358,23.793503,38.021171
212,359,23.791823,38.022601
212,360,23.789962,38.0237
212,361,23.787723,38.025089
212,362,23.785873,38.026229
212,363,23.783444,38.027709
212,364,23.782574,38.028239
212,365,23.781364,38.029838
212,366,23.781185,38.030959
212,367,23.780084,38.030959
212,368,23.778774,38.030841
212,369,23.778704,38.030841
212,370,23.778254,38.030841
212,371,23.778234,38.030872
212,372,23.778004,38.030883
212,373,23.778803,38.030143
212,374,23.779903,38.029441
212,375,23.779903,38.029472
212,376,23.779884,38.029434
212,377,23.779685,38.029372
212,378,23.779314,38.029323
212,379,23.779474,38.029342
212,380,23.778834,38.029304
212,381,23.778223,38.029273
212,382,23.778023,38.029433
212,383,23.778004,38.029434
212,384,23.778423,38.029704
212,385,23.778913,38.029822
212,386,23.778944,38.029853
212,387,23.778994,38.029853
212,388,23.780584,38.029075
212,389,23.781833,38.028296
212,390,23.782444,38.027926
212,391,23.783464,38.027285
212,392,23.785514,38.026076
212,393,23.787935,38.024695
212,394,23.788484,38.024314
212,395,23.790875,38.022994
212,396,23.792493,38.021983
212,397,23.793834,38.020343
212,398,23.795164,38.018554
212,399,23.795904,38.017943
212,400,23.799034,38.017413
212,401,23.801795,38.017795
212,402,23.803533,38.018146
212,403,23.805333,38.018505
212,404,23.806514,38.018782
212,405,23.810366,38.017634
212,406,23.815075,38.015753
212,407,23.817675,38.014575
212,408,23.818205,38.014426
212,409,23.818465,38.014335
212,410,23.818494,38.014335
212,411,23.818955,38.014175
212,412,23.819333,38.014033
212,413,23.819384,38.014033
212,414,23.820044,38.013813
212,415,23.820543,38.013584
212,416,23.823402,38.013701
212,417,23.828784,38.013862
212,418,23.831592,38.013603
212,419,23.834103,38.013073
212,420,23.835672,38.012752
212,421,23.836591,38.012461
212,422,23.837121,38.01229
212,423,23.837563,38.012069
212,424,23.838362,38.011668
212,425,23.838972,38.01136
212,426,23.839282,38.011219
212,427,23.839983,38.011009
212,428,23.841334,38.010818
212,429,23.843862,38.010528
212,430,23.847633,38.009959
212,431,23.852493,38.009101
212,432,23.854924,38.00796
212,433,23.855003,38.006289
212,434,23.855962,38.005279
212,435,23.856163,38.003539
212,436,23.858913,38.00191
212,437,23.862703,37.999733
212,438,23.866454,37.998
212,439,23.869993,37.996051
212,440,23.872112,37.99533
212,441,23.875461,37.99197
212,442,23.880103,37.989028
212,443,23.880932,37.989608
212,444,23.881591,37.990318
212,445,23.881841,37.990477
212,446,23.881761,37.99147
212,447,23.881562,37.991611
212,448,23.88158,37.991642
212,449,23.88141,37.991691
212,450,23.88142,37.991691
212,451,23.88139,37.991622
212,452,23.88199,37.990951
212,453,23.88145,37.990172
212,454,23.88145,37.990134
212,455,23.88138,37.990042
212,456,23.88123,37.989974
212,457,23.881239,37.990013
212,458,23.881069,37.989753
212,459,23.881039,37.989753
212,460,23.880569,37.989265
212,461,23.87977,37.989226
212,462,23.877701,37.990497
212,463,23.875011,37.992286
212,464,23.874281,37.991775
212,465,23.872661,37.989753
212,466,23.870392,37.990264
212,467,23.870431,37.991244
212,468,23.872202,37.993323
212,469,23.870201,37.995501
212,470,23.870281,37.995833
212,471,23.869501,37.996284
212,472,23.867241,37.997585
212,473,23.86549,37.998866
212,474,23.8664,38.000648
212,475,23.86693,38.001967
212,476,23.867649,38.003829
212,477,23.867479,38.005797
212,478,23.867479,38.005828
212,479,23.86915,38.005618
212,480,23.87201,38.005118
212,481,23.872509,38.005027
212,482,23.872929,38.004947
212,483,23.873437,38.004805
212,484,23.874218,38.004547
212,485,23.875008,38.004916
212,486,23.875837,38.005405
212,487,23.876707,38.005523
212,488,23.877017,38.006114
212,489,23.877458,38.006664
212,490,23.877899,38.007254
212,491,23.878229,38.007495
212,492,23.878769,38.007946
212,493,23.878709,38.007865
212,494,23.878331,38.007564
212,495,23.87879,38.007213
212,496,23.879191,38.007632
212,497,23.87961,38.008094
212,498,23.87981,38.008266
212,499,23.879841,38.008296
212,500,23.87969,38.008266
212,501,23.87932,38.007766
212,502,23.878861,38.007224
212,503,23.87826,38.006874
212,504,23.877899,38.006923
212,505,23.877489,38.006793
212,506,23.877378,38.006522
212,507,23.877369,38.006431
212,508,23.87715,38.006122
212,509,23.876869,38.00569
212,510,23.875869,38.005462
212,511,23.874729,38.004741
212,512,23.873929,38.004779
212,513,23.872369,38.00521
212,514,23.86993,38.00566
212,515,23.86762,38.006042
212,516,23.867879,38.004382
212,517,23.866909,38.001842
212,518,23.865888,37.999503
212,519,23.865538,37.998572
212,520,23.868257,37.997134
212,521,23.870147,37.996104
212,522,23.871548,37.995685
212,523,23.873848,37.993243
212,524,23.877407,37.990776
212,525,23.880266,37.989097
212,526,23.881207,37.990035
212,527,23.881136,37.990615
212,528,23.881266,37.990756
212,529,23.881337,37.990638
212,530,23.881456,37.990828
212,531,23.882017,37.990638
212,532,23.881317,37.989989
212,533,23.881286,37.990081
212,534,23.880957,37.989563
212,535,23.880226,37.988952
212,536,23.879545,37.989352
212,537,23.879526,37.989383
212,538,23.878386,37.990074
212,539,23.876335,37.991423
212,540,23.874886,37.992404
212,541,23.874126,37.991546
212,542,23.872746,37.989825
212,543,23.870636,37.990226
212,544,23.870186,37.990966
212,545,23.871516,37.992404
212,546,23.871715,37.994293
212,547,23.870306,37.995723
212,548,23.869156,37.996482
212,549,23.867115,37.997661
212,550,23.865365,37.99871
212,551,23.865974,37.99969
212,552,23.866584,38.00117
212,553,23.867344,38.003082
212,554,23.867814,38.00431
212,555,23.867412,38.005672
212,556,23.868763,38.005622
212,557,23.871153,38.005233
212,558,23.871162,38.005233
212,559,23.871483,38.005184
212,560,23.871501,38.005203
212,561,23.871872,38.005794
212,562,23.871931,38.007602
212,563,23.870821,38.00928
212,564,23.87099,38.010719
212,565,23.87009,38.010859
212,566,23.86914,38.01094
212,567,23.86843,38.011561
212,568,23.868132,38.012893
212,569,23.867691,38.014201
212,570,23.867131,38.015323
212,571,23.86676,38.016101
212,572,23.86672,38.016193
212,573,23.86631,38.016601
212,574,23.86553,38.017352
212,575,23.86449,38.018264
212,576,23.863171,38.019114
212,577,23.861591,38.019934
212,578,23.860342,38.020324
212,579,23.859092,38.020644
212,580,23.857532,38.020873
212,581,23.856733,38.021022
212,582,23.855893,38.021163
212,583,23.854975,38.021281
212,584,23.854035,38.021412
212,585,23.853075,38.021529
212,586,23.852224,38.021647
212,587,23.851235,38.021808
212,588,23.850253,38.021938
212,589,23.849335,38.022098
212,590,23.848336,38.022128
212,591,23.847385,38.022277
212,592,23.846365,38.022456
212,593,23.845366,38.022575
212,594,23.844434,38.022735
212,595,23.843596,38.022796
212,596,23.842837,38.022827
212,597,23.842636,38.022888
212,598,23.842707,38.022819
212,599,23.842778,38.022789
212,600,23.842626,38.022838
212,601,23.842608,38.022838
212,602,23.842437,38.023109
212,603,23.842517,38.023079
212,604,23.843427,38.022708
212,605,23.844408,38.02267
212,606,23.845688,38.022499
212,607,23.847068,38.022308
212,608,23.848268,38.022288
212,609,23.849289,38.022091
212,610,23.850239,38.02196
212,611,23.850479,38.021972
212,612,23.85051,38.021933
212,613,23.851731,38.021625
212,614,23.85173,38.021465
212,615,23.850601,38.021445
212,616,23.85032,38.021014
212,617,23.850401,38.020923
212,618,23.850431,38.020923
212,619,23.850913,38.019973
212,620,23.851911,38.017863
212,621,23.853121,38.015101
212,622,23.854381,38.012233
212,623,23.855862,38.010513
212,624,23.857293,38.009391
212,625,23.858183,38.008873
212,626,23.857822,38.008342
212,627,23.857523,38.007991
212,628,23.857492,38.007991
212,629,23.857552,38.00777
212,630,23.857111,38.006888
212,631,23.85531,38.007247
212,632,23.85589,38.006118
212,633,23.856519,38.005218
212,634,23.85619,38.003517
212,635,23.857679,38.002578
212,636,23.860618,38.000716
212,637,23.864218,37.999137
212,638,23.867129,37.997607
212,639,23.870449,37.995887
212,640,23.873319,37.994006
212,641,23.87608,37.991484
212,642,23.879308,37.989394
212,643,23.880308,37.988963
212,644,23.881039,37.989703
212,645,23.881359,37.990092
212,646,23.881608,37.99021
