213,1,23.881302,37.990039
213,2,23.881521,37.990447
213,3,23.88154,37.990287
213,4,23.881379,37.990226
213,5,23.881059,37.990287
213,6,23.881139,37.990238
213,7,23.88109,37.989929
213,8,23.88096,37.98981
213,9,23.880951,37.98978
213,10,23.880402,37.989169
213,11,23.880211,37.989028
213,12,23.87969,37.989219
213,13,23.877661,37.990447
213,14,23.875132,37.992126
213,15,23.874872,37.992305
213,16,23.874573,37.992214
213,17,23.873204,37.990405
213,18,23.871433,37.989955
213,19,23.870122,37.990775
213,20,23.870342,37.990936
213,21,23.870243,37.990973
213,22,23.870323,37.991084
213,23,23.870363,37.991146
213,24,23.870763,37.991607
213,25,23.870923,37.991767
213,26,23.870934,37.991778
213,27,23.871263,37.992179
213,28,23.872204,37.993301
213,29,23.871244,37.994529
213,30,23.870295,37.995719
213,31,23.870295,37.995708
213,32,23.870024,37.996108
213,33,23.868004,37.997157
213,34,23.865355,37.998546
213,35,23.862465,37.999767
213,36,23.862175,38.000007
213,37,23.862205,38.000026
213,38,23.861545,38.000224
213,39,23.859375,38.001643
213,40,23.857965,38.002482
213,41,23.857866,38.004203
213,42,23.858227,38.006263
213,43,23.858377,38.006794
213,44,23.858467,38.007163
213,45,23.858467,38.007182
213,46,23.858467,38.00717
213,47,23.858196,38.007541
213,48,23.855806,38.008292
213,49,23.852546,38.009082
213,50,23.848877,38.009753
213,51,23.845248,38.010383
213,52,23.843967,38.010563
213,53,23.843967,38.010573
213,54,23.843567,38.010612
213,55,23.841317,38.010864
213,56,23.838706,38.011554
213,57,23.835596,38.012843
213,58,23.834046,38.013164
213,59,23.832445,38.013496
213,60,23.830895,38.013816
213,61,23.830685,38.013835
213,62,23.829765,38.013873
213,63,23.829164,38.013892
213,64,23.828705,38.013911
213,65,23.827595,38.013942
213,66,23.826855,38.013942
213,67,23.826744,38.013942
213,68,23.826014,38.013912
213,69,23.825492,38.0139
213,70,23.824913,38.01387
213,71,23.823543,38.013808
213,72,23.823084,38.013778
213,73,23.822994,38.013767
213,74,23.821375,38.013687
213,75,23.818594,38.013144
213,76,23.816315,38.012496
213,77,23.815226,38.012206
213,78,23.810816,38.011207
213,79,23.808235,38.010276
213,80,23.807806,38.010077
213,81,23.806906,38.009647
213,82,23.805846,38.009158
213,83,23.805565,38.009029
213,84,23.804955,38.00875
213,85,23.803774,38.008262
213,86,23.803534,38.00817
213,87,23.802504,38.00777
213,88,23.802044,38.007598
213,89,23.801692,38.00748
213,90,23.799763,38.00701
213,91,23.799543,38.00698
213,92,23.799232,38.006911
213,93,23.798052,38.006504
213,94,23.797672,38.006374
213,95,23.797432,38.006293
213,96,23.795801,38.005702
213,97,23.795771,38.005714
213,98,23.795181,38.005283
213,99,23.794431,38.004752
213,100,23.794302,38.004672
213,101,23.793981,38.004451
213,102,23.793512,38.0041
213,103,23.792862,38.003601
213,104,23.792192,38.003009
213,105,23.792072,38.002899
213,106,23.791631,38.002547
213,107,23.791021,38.002277
213,108,23.790852,38.002239
213,109,23.789501,38.001819
213,110,23.78915,38.0017
213,111,23.788401,38.001441
213,112,23.787661,38.00117
213,113,23.78689,38.000751
213,114,23.78689,38.00072
213,115,23.785851,38.000152
213,116,23.78503,37.999663
213,117,23.78486,37.999546
213,118,23.784549,37.999305
213,119,23.784318,37.999126
213,120,23.783659,37.998584
213,121,23.781368,37.996844
213,122,23.780119,37.996044
213,123,23.779768,37.995845
213,124,23.777057,37.994014
213,125,23.773237,37.991966
213,126,23.771097,37.990844
213,127,23.768908,37.989173
213,128,23.767388,37.988303
213,129,23.767307,37.988243
213,130,23.765478,37.986804
213,131,23.762478,37.985675
213,132,23.760798,37.985107
213,133,23.759887,37.984878
213,134,23.759077,37.984168
213,135,23.757066,37.982867
213,136,23.756667,37.982566
213,137,23.755426,37.981376
213,138,23.754066,37.980014
213,139,23.753876,37.980033
213,140,23.753817,37.980033
213,141,23.753227,37.979361
213,142,23.752247,37.978511
213,143,23.752136,37.978431
213,144,23.750465,37.9771
213,145,23.749694,37.976531
213,146,23.749705,37.976519
213,147,23.749494,37.97639
213,148,23.749485,37.97639
213,149,23.749385,37.976321
213,150,23.749826,37.975681
213,151,23.749937,37.975391
213,152,23.750446,37.975352
213,153,23.750986,37.975451
213,154,23.751356,37.975513
213,155,23.751637,37.975551
213,156,23.752077,37.97565
213,157,23.752877,37.975902
213,158,23.752886,37.975902
213,159,23.753836,37.976471
213,160,23.754156,37.97665
213,161,23.754726,37.977081
213,162,23.755287,37.977531
213,163,23.755987,37.979949
213,164,23.757387,37.98083
213,165,23.758146,37.981219
213,166,23.760927,37.981997
213,167,23.761096,37.982116
213,168,23.762127,37.983287
213,169,23.764227,37.985176
213,170,23.765637,37.986747
213,171,23.767116,37.988399
213,172,23.769306,37.989638
213,173,23.769966,37.990039
213,174,23.772906,37.991821
213,175,23.777495,37.994232
213,176,23.779184,37.995353
213,177,23.781965,37.997135
213,178,23.783535,37.998355
213,179,23.785206,37.999706
213,180,23.786966,38.000755
213,181,23.787117,38.000865
213,182,23.787478,38.001075
213,183,23.789057,38.001636
213,184,23.789667,38.001864
213,185,23.789788,38.001914
213,186,23.791077,38.002334
213,187,23.791447,38.002532
213,188,23.792417,38.003253
213,189,23.794367,38.004733
213,190,23.797416,38.006305
213,191,23.801227,38.007335
213,192,23.805048,38.008773
213,193,23.808437,38.010371
213,194,23.810698,38.011161
213,195,23.810828,38.011173
213,196,23.811718,38.011371
213,197,23.815248,38.01221
213,198,23.816858,38.012641
213,199,23.819248,38.013263
213,200,23.822088,38.013663
213,201,23.824247,38.013782
213,202,23.824287,38.013793
213,203,23.827387,38.013965
213,204,23.831568,38.013675
213,205,23.834358,38.013114
213,206,23.838408,38.011664
213,207,23.841278,38.010875
213,208,23.843477,38.010623
213,209,23.846997,38.010123
213,210,23.851165,38.009364
213,211,23.854725,38.008662
213,212,23.855215,38.007434
213,213,23.855665,38.006183
213,214,23.856485,38.005183
213,215,23.856195,38.003322
213,216,23.859116,38.001792
213,217,23.862776,37.99969
213,218,23.866455,37.998
213,219,23.870254,37.995978
213,220,23.873644,37.993438
213,221,23.875143,37.992187
213,222,23.878723,37.989837
213,223,23.880592,37.989318
213,224,23.881563,37.990287
213,225,23.881862,37.990966
213,226,23.881373,37.991657
213,227,23.881342,37.991657
213,228,23.881401,37.991645
213,229,23.881342,37.991657
213,230,23.881401,37.991668
213,231,23.881432,37.991638
213,232,23.881761,37.991458
213,233,23.881901,37.990547
213,234,23.881802,37.990477
213,235,23.881762,37.990478
213,236,23.881872,37.990489
213,237,23.881922,37.990581
213,238,23.881872,37.990462
213,239,23.881363,37.990092
213,240,23.881363,37.990112
213,241,23.881264,37.98997
213,242,23.881273,37.98997
213,243,23.880453,37.989101
213,244,23.880363,37.989039
213,245,23.879173,37.989662
213,246,23.876543,37.991371
213,247,23.874953,37.992439
213,248,23.873882,37.991187
213,249,23.872042,37.989906
213,250,23.870022,37.990825
213,251,23.871021,37.991786
213,252,23.872122,37.993964
213,253,23.870332,37.995715
213,254,23.870323,37.995727
213,255,23.869343,37.996376
213,256,23.866203,37.998176
213,257,23.862663,37.999767
213,258,23.859012,38.001907
213,259,23.858022,38.002536
213,260,23.857952,38.004516
213,261,23.858233,38.006156
213,262,23.858251,38.006217
213,263,23.858362,38.006599
213,264,23.858362,38.00661
213,265,23.858392,38.006702
213,266,23.858503,38.007091
213,267,23.858494,38.007091
213,268,23.858604,38.007381
213,269,23.860304,38.007183
213,270,23.860463,38.007212
213,271,23.860724,38.007991
213,272,23.861034,38.009483
213,273,23.861225,38.011001
213,274,23.860365,38.01268
213,275,23.860384,38.01356
213,276,23.860353,38.015491
213,277,23.860273,38.016269
213,278,23.860283,38.016468
213,279,23.860413,38.017738
213,280,23.860452,38.019817
213,281,23.860452,38.019817
213,282,23.860372,38.020408
213,283,23.859972,38.022369
213,284,23.859661,38.023749
213,285,23.859652,38.023749
213,286,23.858671,38.024081
213,287,23.855482,38.024742
213,288,23.852282,38.02563
213,289,23.850462,38.026198
213,290,23.850462,38.026198
213,291,23.849752,38.026439
213,292,23.846813,38.027629
213,293,23.844344,38.02901
213,294,23.843353,38.027431
213,295,23.841654,38.027782
213,296,23.838783,38.029033
213,297,23.838083,38.029342
213,298,23.837553,38.029571
213,299,23.837543,38.029571
213,300,23.837334,38.029663
213,301,23.836644,38.028892
213,302,23.836532,38.028762
213,303,23.836341,38.028472
213,304,23.835901,38.02788
213,305,23.835551,38.027442
213,306,23.834989,38.026881
213,307,23.83448,38.026381
213,308,23.833561,38.025142
213,309,23.83263,38.025093
213,310,23.83213,38.025371
213,311,23.83235,38.02542
213,312,23.83247,38.025501
213,313,23.83239,38.025569
213,314,23.831339,38.02608
213,315,23.830358,38.026671
213,316,23.829119,38.027503
213,317,23.828798,38.027702
213,318,23.831459,38.026023
213,319,23.832699,38.025073
213,320,23.833109,38.024883
213,321,23.833868,38.025863
213,322,23.834777,38.026775
213,323,23.836119,38.028212
213,324,23.83771,38.027991
213,325,23.840479,38.02679
213,326,23.842638,38.026431
213,327,23.845167,38.025531
213,328,23.848828,38.024989
213,329,23.849027,38.024951
213,330,23.848868,38.02433
213,331,23.847218,38.021541
213,332,23.847748,38.020881
213,333,23.850388,38.02082
213,334,23.851818,38.01797
213,335,23.853388,38.014468
213,336,23.855028,38.011218
213,337,23.855238,38.00904
213,338,23.854788,38.007701
213,339,23.855177,38.00624
213,340,23.856207,38.005371
213,341,23.856097,38.003482
213,342,23.859057,38.001891
213,343,23.862615,37.99982
213,344,23.866295,37.99813
213,345,23.870036,37.996082
213,346,23.873445,37.993731
213,347,23.874546,37.992583
213,348,23.876856,37.991042
213,349,23.880146,37.989032
213,350,23.881157,37.989963
213,351,23.881367,37.990184
213,352,23.881385,37.990153
213,353,23.881725,37.990443
213,354,23.881846,37.990523
213,355,23.881846,37.990542
213,356,23.882024,37.990684
213,357,23.881874,37.990585
213,358,23.881824,37.990467
213,359,23.881464,37.990276
213,360,23.881314,37.990115
213,361,23.881294,37.990115
213,362,23.881044,37.989806
213,363,23.880255,37.989047
213,364,23.880684,37.988715
213,365,23.883164,37.987667
213,366,23.886753,37.985724
213,367,23.890703,37.983344
213,368,23.894394,37.980846
213,369,23.898335,37.978297
213,370,23.902223,37.975787
213,371,23.904854,37.972507
213,372,23.905613,37.968875
213,373,23.906143,37.966655
213,374,23.906313,37.965823
213,375,23.907032,37.964572
213,376,23.904192,37.963794
213,377,23.901793,37.963035
213,378,23.899943,37.963115
213,379,23.897873,37.962467
213,380,23.895644,37.960295
213,381,23.892713,37.957484
213,382,23.889775,37.956813
213,383,23.888143,37.956374
213,384,23.885223,37.955166
213,385,23.881082,37.953605
213,386,23.876232,37.952994
213,387,23.871443,37.952075
213,388,23.866623,37.952026
213,389,23.862743,37.951587
213,390,23.862463,37.951598
213,391,23.862454,37.951587
213,392,23.861933,37.951457
213,393,23.863302,37.949279
213,394,23.865233,37.946338
213,395,23.866851,37.942996
213,396,23.867731,37.939735
213,397,23.869061,37.936313
213,398,23.870261,37.933494
213,399,23.871741,37.933074
213,400,23.874241,37.932964
213,401,23.87644,37.932712
213,402,23.877279,37.93238
213,403,23.87755,37.932239
213,404,23.87805,37.93193
213,405,23.87789,37.931961
213,406,23.8778,37.931689
213,407,23.87714,37.93143
213,408,23.87706,37.93146
213,409,23.87702,37.931571
213,410,23.87725,37.93143
213,411,23.877091,37.931442
213,412,23.877692,37.931422
213,413,23.87791,37.932071
213,414,23.87626,37.932742
213,415,23.873841,37.932914
213,416,23.87088,37.933074
213,417,23.869801,37.934814
213,418,23.868301,37.938533
213,419,23.867181,37.942424
213,420,23.865362,37.946292
213,421,23.863271,37.949523
213,422,23.864061,37.950812
213,423,23.865291,37.951664
213,424,23.869331,37.951892
213,425,23.874161,37.952491
213,426,23.878971,37.95349
213,427,23.883211,37.95394
213,428,23.886911,37.955821
213,429,23.891062,37.957011
213,430,23.894121,37.958602
213,431,23.896841,37.96152
213,432,23.900551,37.962959
213,433,23.90479,37.963816
213,434,23.90731,37.964439
213,435,23.90649,37.96529
213,436,23.90637,37.966011
213,437,23.906231,37.966949
213,438,23.905741,37.969138
213,439,23.90496,37.972537
213,440,23.90229,37.975826
213,441,23.898451,37.978305
213,442,23.894532,37.980846
213,443,23.890751,37.983424
213,444,23.886771,37.985816
213,445,23.882761,37.987808
213,446,23.880501,37.989097
213,447,23.88136,37.990028
213,448,23.881431,37.990077
213,449,23.881531,37.990218
