214,1,23.881802,37.990448
214,2,23.881811,37.990458
214,3,23.881951,37.990558
214,4,23.881951,37.990558
214,5,23.881951,37.990527
214,6,23.881951,37.990428
214,7,23.8817,37.990318
214,8,23.881661,37.990348
214,9,23.88141,37.99007
214,10,23.881401,37.99007
214,11,23.881351,37.990032
214,12,23.880592,37.989222
214,13,23.879933,37.989142
214,14,23.878122,37.990234
214,15,23.875972,37.991634
214,16,23.874453,37.991874
214,17,23.872741,37.989745
214,18,23.87033,37.990306
214,19,23.870312,37.991047
214,20,23.871952,37.992766
214,21,23.870592,37.994868
214,22,23.870303,37.995719
214,23,23.869362,37.996287
214,24,23.866593,37.997879
214,25,23.863142,37.999488
214,26,23.859673,38.001358
214,27,23.857922,38.003127
214,28,23.85802,38.005336
214,29,23.85856,38.007155
214,30,23.858601,38.007335
214,31,23.859831,38.007255
214,32,23.860321,38.007217
214,33,23.86062,38.007388
214,34,23.860891,38.008751
214,35,23.861122,38.010279
214,36,23.861242,38.011779
214,37,23.860332,38.013438
214,38,23.860301,38.015807
214,39,23.860163,38.016246
214,40,23.857692,38.016498
214,41,23.854402,38.017208
214,42,23.854343,38.017959
214,43,23.854914,38.019847
214,44,23.855413,38.021598
214,45,23.855734,38.023658
214,46,23.854993,38.024669
214,47,23.851954,38.02566
214,48,23.850553,38.026351
214,49,23.851683,38.027682
214,50,23.853533,38.029243
214,51,23.855433,38.030753
214,52,23.856222,38.031772
214,53,23.856241,38.031772
214,54,23.856852,38.032752
214,55,23.856222,38.034454
214,56,23.853383,38.036532
214,57,23.850622,38.039504
214,58,23.849681,38.040443
214,59,23.847961,38.041671
214,60,23.847252,38.042071
214,61,23.844212,38.043792
214,62,23.841893,38.045001
214,63,23.839482,38.04676
214,64,23.839861,38.048622
214,65,23.83979,38.049232
214,66,23.839571,38.050853
214,67,23.838341,38.051451
214,68,23.83589,38.05112
214,69,23.8331,38.05112
214,70,23.83008,38.051651
214,71,23.82732,38.052631
214,72,23.825001,38.052963
214,73,23.82365,38.052844
214,74,23.82094,38.052356
214,75,23.817151,38.052627
214,76,23.8145,38.053195
214,77,23.81162,38.054004
214,78,23.811571,38.054023
214,79,23.811571,38.054034
214,80,23.811571,38.054366
214,81,23.812,38.055816
214,82,23.810011,38.056987
214,83,23.80886,38.057696
214,84,23.80861,38.058647
214,85,23.80861,38.058666
214,86,23.808781,38.059726
214,87,23.808901,38.060428
214,88,23.80874,38.060489
214,89,23.808681,38.06034
214,90,23.808531,38.06034
214,91,23.808361,38.060142
214,92,23.80845,38.06018
214,93,23.80833,38.06026
214,94,23.80833,38.060249
214,95,23.808581,38.06047
214,96,23.808691,38.060409
214,97,23.808481,38.058708
214,98,23.808531,38.058189
214,99,23.81109,38.056548
214,100,23.81133,38.054129
214,101,23.809792,38.050972
214,102,23.807901,38.04829
214,103,23.806381,38.045391
214,104,23.803861,38.042972
214,105,23.803301,38.041522
214,106,23.803301,38.041522
214,107,23.805411,38.040992
214,108,23.808059,38.039722
214,109,23.8081,38.039703
214,110,23.80896,38.041324
214,111,23.8093,38.044612
214,112,23.81139,38.044272
214,113,23.81488,38.042644
214,114,23.817091,38.041225
214,115,23.81944,38.040103
214,116,23.82139,38.040324
214,117,23.82391,38.041496
214,118,23.827039,38.043086
214,119,23.82909,38.043956
214,120,23.829731,38.041724
214,121,23.83006,38.040523
214,122,23.830552,38.040092
214,123,23.83291,38.041824
214,124,23.83506,38.042083
214,125,23.83806,38.039623
214,126,23.8405,38.037613
214,127,23.84259,38.035983
214,128,23.84474,38.034613
214,129,23.847521,38.033306
214,130,23.8509,38.031715
214,131,23.854521,38.030044
214,132,23.85297,38.029094
214,133,23.850389,38.026386
214,134,23.849399,38.025085
214,135,23.84837,38.023143
214,136,23.847019,38.021121
214,137,23.849049,38.02053
214,138,23.851139,38.0195
214,139,23.852789,38.015818
214,140,23.854429,38.012169
214,141,23.855518,38.010219
214,142,23.855167,38.00856
214,143,23.854838,38.007659
214,144,23.855227,38.006141
214,145,23.856126,38.005271
214,146,23.856146,38.00344
214,147,23.857536,38.002601
214,148,23.859676,38.00138
214,149,23.863476,37.999389
214,150,23.867265,37.997501
214,151,23.869856,37.996032
214,152,23.870485,37.995842
214,153,23.873384,37.993873
214,154,23.876675,37.991103
214,155,23.880214,37.988952
214,156,23.881334,37.989993
214,157,23.881354,37.990032
214,158,23.881372,37.99002
214,159,23.881652,37.990501
214,160,23.881813,37.990612
214,161,23.881832,37.9906
214,162,23.881841,37.990569
214,163,23.881491,37.990237
214,164,23.881472,37.990237
214,165,23.880732,37.989436
214,166,23.879822,37.989276
214,167,23.877442,37.990737
214,168,23.874912,37.992427
214,169,23.874492,37.992038
214,170,23.872763,37.989868
214,171,23.870102,37.990447
214,172,23.870552,37.991348
214,173,23.872152,37.993788
214,174,23.870312,37.995799
214,175,23.870312,37.99586
214,176,23.868092,37.9971
214,177,23.864412,37.99906
214,178,23.860652,38.000701
214,179,23.857902,38.002841
214,180,23.858063,38.005802
214,181,23.858513,38.00735
214,182,23.858532,38.007362
214,183,23.858461,38.007541
214,184,23.856652,38.00806
214,185,23.853741,38.00891
214,186,23.850071,38.009551
214,187,23.846191,38.010192
214,188,23.842981,38.010612
214,189,23.838852,38.0115
214,190,23.834482,38.013079
214,191,23.832283,38.013541
214,192,23.830464,38.013892
214,193,23.825902,38.013881
214,194,23.822542,38.01374
214,195,23.822262,38.013739
214,196,23.822172,38.01379
214,197,23.820372,38.013709
214,198,23.817162,38.012809
214,199,23.813072,38.011798
214,200,23.811102,38.011348
214,201,23.806951,38.009757
214,202,23.802771,38.007956
214,203,23.80223,38.007785
214,204,23.80146,38.007514
214,205,23.797291,38.006343
214,206,23.795872,38.005854
214,207,23.795301,38.005466
214,208,23.792381,38.003326
214,209,23.789311,38.001865
214,210,23.788611,38.001575
214,211,23.786491,38.001353
214,212,23.784101,38.002525
214,213,23.782702,38.003173
214,214,23.782051,38.003024
214,215,23.77997,38.001445
214,216,23.77717,38.001365
214,217,23.77668,38.001224
214,218,23.774579,38.001644
214,219,23.77312,38.002025
214,220,23.770821,37.999675
214,221,23.76836,37.996684
214,222,23.767,37.993724
214,223,23.766461,37.992614
214,224,23.765131,37.990436
214,225,23.76416,37.989227
214,226,23.76416,37.989227
214,227,23.76306,37.988116
214,228,23.762119,37.987277
214,229,23.761839,37.987007
214,230,23.761548,37.987086
214,231,23.761438,37.987296
214,232,23.761419,37.987235
214,233,23.761579,37.987167
214,234,23.761638,37.987128
214,235,23.761438,37.986747
214,236,23.76142,37.986747
214,237,23.7615,37.986358
214,238,23.76218,37.986267
214,239,23.76285,37.986126
214,240,23.765,37.985794
214,241,23.767,37.987655
214,242,23.769479,37.989536
214,243,23.77396,37.992126
214,244,23.778039,37.994888
214,245,23.78096,37.996589
214,246,23.78396,37.99887
214,247,23.78804,38.001319
214,248,23.788491,38.00146
214,249,23.791281,38.002422
214,250,23.794111,38.004531
214,251,23.796951,38.006111
214,252,23.801842,38.00751
214,253,23.802882,38.007881
214,254,23.803461,38.00809
214,255,23.804191,38.00841
214,256,23.805042,38.00878
214,257,23.805212,38.008811
214,258,23.806112,38.009243
214,259,23.806563,38.009452
214,260,23.806763,38.009532
214,261,23.808323,38.010321
214,262,23.808773,38.01052
214,263,23.809253,38.010749
214,264,23.809994,38.010989
214,265,23.810093,38.010989
214,266,23.812252,38.0115
214,267,23.813272,38.011722
214,268,23.814432,38.011992
214,269,23.814642,38.012031
214,270,23.815921,38.012362
214,271,23.816881,38.012641
214,272,23.817772,38.012912
214,273,23.818021,38.012992
214,274,23.819891,38.013534
214,275,23.82084,38.013633
214,276,23.821482,38.013652
214,277,23.821612,38.013652
214,278,23.822912,38.013744
214,279,23.823843,38.013755
214,280,23.825832,38.013854
214,281,23.826412,38.013874
214,282,23.827143,38.013912
214,283,23.827531,38.013923
214,284,23.828161,38.013923
214,285,23.829182,38.013904
214,286,23.829492,38.013892
214,287,23.829983,38.013881
214,288,23.831493,38.013621
214,289,23.831793,38.013561
214,290,23.833603,38.013191
214,291,23.834263,38.013061
214,292,23.834423,38.01303
214,293,23.835503,38.01279
214,294,23.836083,38.012641
214,295,23.836702,38.012401
214,296,23.837022,38.012259
214,297,23.837442,38.012062
214,298,23.837753,38.011912
214,299,23.838363,38.011611
214,300,23.838484,38.011562
214,301,23.838913,38.011363
214,302,23.840002,38.010982
214,303,23.841192,38.010821
214,304,23.843632,38.01055
214,305,23.847641,38.009952
214,306,23.85239,38.009121
214,307,23.85491,38.008182
214,308,23.854999,38.006572
214,309,23.855669,38.005511
214,310,23.856259,38.004512
214,311,23.856508,38.003143
214,312,23.860088,38.001082
214,313,23.864238,37.999141
214,314,23.867689,37.997302
214,315,23.869789,37.996112
214,316,23.870538,37.995871
214,317,23.87341,37.993712
214,318,23.876998,37.990882
214,319,23.880169,37.988982
214,320,23.881298,37.990112
214,321,23.881788,37.990913
214,322,23.881119,37.990715
214,323,23.881119,37.990703
214,324,23.881119,37.990322
214,325,23.881199,37.990142
214,326,23.881218,37.990131
214,327,23.881218,37.990062
214,328,23.881208,37.990062
214,329,23.881049,37.989871
214,330,23.881049,37.989871
214,331,23.880888,37.989681
214,332,23.880219,37.989032
214,333,23.881298,37.98841
214,334,23.884908,37.986782
214,335,23.888998,37.9845
214,336,23.893558,37.981422
214,337,23.898539,37.978202
214,338,23.903208,37.974922
214,339,23.905478,37.970893
214,340,23.905789,37.968284
214,341,23.907639,37.968203
214,342,23.911728,37.968235
214,343,23.915657,37.967475
214,344,23.918938,37.966655
214,345,23.922138,37.965927
214,346,23.924638,37.967616
214,347,23.927759,37.970588
214,348,23.93108,37.973327
214,349,23.93383,37.976615
214,350,23.934761,37.980185
214,351,23.934661,37.983207
214,352,23.93538,37.986438
214,353,23.937781,37.989509
214,354,23.939841,37.9925
214,355,23.94025,37.994521
214,356,23.94076,37.996501
214,357,23.941679,37.999282
214,358,23.941609,38.001701
214,359,23.941448,38.002021
214,360,23.941439,38.002051
214,361,23.941439,38.002051
214,362,23.941518,38.002162
214,363,23.943529,38.002803
214,364,23.947289,38.003974
214,365,23.951548,38.005283
214,366,23.954928,38.006172
214,367,23.955988,38.006633
214,368,23.956259,38.006572
214,369,23.956348,38.006572
214,370,23.956379,38.006572
214,371,23.956639,38.006534
214,372,23.956648,38.006534
214,373,23.957018,38.006546
214,374,23.956247,38.006477
214,375,23.956398,38.006537
214,376,23.956537,38.006527
214,377,23.957058,38.006556
214,378,23.956388,38.006698
214,379,23.958269,38.007099
214,380,23.961719,38.008048
214,381,23.965491,38.008628
214,382,23.96993,38.010509
214,383,23.97419,38.01245
214,384,23.976949,38.014419
214,385,23.97707,38.014518
214,386,23.97706,38.014437
214,387,23.97674,38.014418
214,388,23.974091,38.012358
214,389,23.970091,38.010528
214,390,23.965791,38.008776
214,391,23.961391,38.008136
214,392,23.956242,38.006786
214,393,23.951761,38.005404
214,394,23.946621,38.003814
214,395,23.94173,38.002334
214,396,23.941481,38.002242
214,397,23.941481,38.002242
214,398,23.9417,38.001571
214,399,23.941401,37.998371
214,400,23.940311,37.994651
214,401,23.939131,37.990871
214,402,23.937722,37.989391
214,403,23.935411,37.986351
214,404,23.934841,37.98236
214,405,23.934301,37.97811
214,406,23.932121,37.974151
214,407,23.928541,37.971233
214,408,23.92505,37.967811
214,409,23.922261,37.965949
214,410,23.920071,37.96643
214,411,23.91596,37.967479
214,412,23.911331,37.968257
214,413,23.90697,37.968288
214,414,23.905811,37.969687
214,415,23.905672,37.970798
214,416,23.903871,37.974429
214,417,23.899832,37.977439
214,418,23.894923,37.980597
214,419,23.890192,37.983798
214,420,23.885532,37.98648
214,421,23.883272,37.987689
214,422,23.882643,37.98938
214,423,23.881872,37.99126
214,424,23.881622,37.991611
214,425,23.881702,37.991611
214,426,23.881432,37.991672
214,427,23.881392,37.991683
214,428,23.881392,37.991672
214,429,23.881702,37.991512
214,430,23.881983,37.990863
214,431,23.881433,37.990162
214,432,23.881193,37.989982
214,433,23.881113,37.989692
