216,1,23.857017,37.970359
216,2,23.859277,37.972728
216,3,23.862467,37.974399
216,4,23.864017,37.976367
216,5,23.867009,37.978915
216,6,23.867307,37.983627
216,7,23.864838,37.985805
216,8,23.865278,37.986846
216,9,23.867618,37.989505
216,10,23.870668,37.990065
216,11,23.873228,37.990448
216,12,23.874199,37.991656
216,13,23.874918,37.992187
216,14,23.875048,37.992106
216,15,23.875088,37.992106
216,16,23.875967,37.991595
216,17,23.879227,37.989505
216,18,23.880527,37.989246
216,19,23.881348,37.990177
216,20,23.881317,37.990237
216,21,23.881397,37.990138
216,22,23.881397,37.990039
216,23,23.881357,37.989978
216,24,23.881317,37.990069
216,25,23.881998,37.990588
216,26,23.881957,37.990577
216,27,23.881748,37.990405
216,28,23.881298,37.990115
216,29,23.881298,37.990146
216,30,23.882177,37.990707
216,31,23.881817,37.992217
216,32,23.880957,37.995318
216,33,23.880166,37.998768
216,34,23.881256,37.999199
216,35,23.882446,37.999679
216,36,23.882236,38.001319
216,37,23.883047,38.00154
216,38,23.883917,38.001502
216,39,23.884426,38.001662
216,40,23.884676,38.002192
216,41,23.884337,38.003372
216,42,23.884608,38.004203
216,43,23.886097,38.005954
216,44,23.887487,38.007853
216,45,23.889569,38.009273
216,46,23.892449,38.010765
216,47,23.894369,38.010784
216,48,23.89423,38.010772
216,49,23.89394,38.010783
216,50,23.89365,38.010814
216,51,23.89361,38.010833
216,52,23.89442,38.010852
216,53,23.89582,38.011581
216,54,23.89942,38.01179
216,55,23.902081,38.012912
216,56,23.90201,38.014873
216,57,23.901961,38.015773
216,58,23.90168,38.015705
216,59,23.901211,38.015685
216,60,23.900911,38.015914
216,61,23.900751,38.016074
216,62,23.900732,38.016143
216,63,23.900772,38.016105
216,64,23.901491,38.015766
216,65,23.901642,38.013736
216,66,23.900022,38.011886
216,67,23.895333,38.011615
216,68,23.893291,38.010966
216,69,23.889902,38.009566
216,70,23.887543,38.007987
216,71,23.886013,38.005729
216,72,23.884342,38.004211
216,73,23.884423,38.003933
216,74,23.884412,38.003962
216,75,23.884492,38.003704
216,76,23.884743,38.002464
216,77,23.884003,38.002265
216,78,23.884002,38.001777
216,79,23.882331,38.001788
216,80,23.882523,37.999439
216,81,23.880232,37.999279
216,82,23.880562,37.996699
216,83,23.881942,37.991538
216,84,23.881252,37.990088
216,85,23.881342,37.990119
216,86,23.881302,37.990069
216,87,23.881243,37.990059
216,88,23.881233,37.990059
216,89,23.881103,37.989837
216,90,23.880403,37.989116
216,91,23.880163,37.988975
216,92,23.878443,37.989994
216,93,23.875504,37.991924
216,94,23.874492,37.992004
216,95,23.873482,37.990722
216,96,23.872002,37.989822
216,97,23.870182,37.990901
216,98,23.872202,37.993159
216,99,23.870281,37.995749
216,100,23.870281,37.995768
216,101,23.870312,37.995838
216,102,23.868342,37.996959
216,103,23.864721,37.998908
216,104,23.861181,38.000346
216,105,23.858541,38.002097
216,106,23.857953,38.002646
216,107,23.857943,38.004836
216,108,23.857983,38.005298
216,109,23.858041,38.00563
216,110,23.858101,38.005951
216,111,23.858101,38.005961
216,112,23.858181,38.006252
216,113,23.858221,38.006423
216,114,23.85823,38.006435
216,115,23.858351,38.006823
216,116,23.858351,38.006835
216,117,23.85843,38.007114
216,118,23.858461,38.007182
216,119,23.858461,38.007194
216,120,23.858912,38.007415
216,121,23.860392,38.007224
216,122,23.860521,38.007286
216,123,23.860911,38.009216
216,124,23.86117,38.011756
216,125,23.860279,38.013057
216,126,23.860329,38.015128
216,127,23.860408,38.018187
216,128,23.860428,38.019729
216,129,23.860397,38.020111
216,130,23.860046,38.021961
216,131,23.859636,38.023631
216,132,23.859636,38.023643
216,133,23.858507,38.024062
216,134,23.855327,38.024692
216,135,23.851837,38.025711
216,136,23.850557,38.026149
216,137,23.848568,38.02679
216,138,23.845338,38.028468
216,139,23.843819,38.028099
216,140,23.842548,38.027378
216,141,23.839428,38.028728
216,142,23.837368,38.029639
216,143,23.837368,38.029639
216,144,23.837108,38.029522
216,145,23.835428,38.027289
216,146,23.833587,38.025169
216,147,23.832968,38.024707
216,148,23.832878,38.024718
216,149,23.832847,38.024749
216,150,23.832807,38.02476
216,151,23.832898,38.02473
216,152,23.832856,38.024742
216,153,23.833397,38.024913
216,154,23.834747,38.026603
216,155,23.835127,38.026973
216,156,23.836496,38.028473
216,157,23.838615,38.027583
216,158,23.841055,38.026473
216,159,23.842865,38.026572
216,160,23.846174,38.025352
216,161,23.848814,38.024943
216,162,23.849354,38.024913
216,163,23.851383,38.025394
216,164,23.851762,38.025684
216,165,23.855392,38.024672
216,166,23.858242,38.024082
216,167,23.859623,38.023231
216,168,23.860233,38.019981
216,169,23.860194,38.016792
216,170,23.860212,38.013583
216,171,23.859361,38.011775
216,172,23.857622,38.011466
216,173,23.857302,38.009776
216,174,23.858112,38.008735
216,175,23.857591,38.008063
216,176,23.857552,38.008014
216,177,23.857532,38.007995
216,178,23.858093,38.007656
216,179,23.860282,38.007236
216,180,23.861893,38.005435
216,181,23.861523,38.003406
216,182,23.861723,38.001674
216,183,23.862102,37.999984
216,184,23.864643,37.998916
216,185,23.867613,37.997326
216,186,23.869632,37.996135
216,187,23.870993,37.995734
216,188,23.873922,37.992995
216,189,23.876253,37.991397
216,190,23.878713,37.989787
216,191,23.880634,37.989349
216,192,23.881315,37.990088
216,193,23.881355,37.990088
216,194,23.881306,37.989978
216,195,23.881185,37.990016
216,196,23.881345,37.990115
216,197,23.881345,37.990127
216,198,23.881886,37.990527
216,199,23.881895,37.991477
216,200,23.881185,37.994136
216,201,23.880236,37.997504
216,202,23.880516,38.001007
216,203,23.880646,38.002437
216,204,23.880685,38.002646
216,205,23.880726,38.002887
216,206,23.880726,38.002899
216,207,23.880707,38.003078
216,208,23.880677,38.003078
216,209,23.880707,38.002677
216,210,23.880607,38.001677
216,211,23.880497,38.000846
216,212,23.880177,37.998565
216,213,23.881037,37.995105
216,214,23.882027,37.991485
216,215,23.882156,37.990855
216,216,23.882156,37.990836
216,217,23.881866,37.990535
216,218,23.881777,37.990375
216,219,23.881887,37.990875
216,220,23.881498,37.990837
216,221,23.881738,37.990806
216,222,23.88152,37.990875
216,223,23.881248,37.990596
216,224,23.881288,37.990226
216,225,23.881149,37.990245
216,226,23.8813,37.990165
216,227,23.880729,37.989444
216,228,23.88014,37.989006
216,229,23.87763,37.990524
216,230,23.875231,37.992202
216,231,23.8752,37.992221
216,232,23.8752,37.992233
216,233,23.87414,37.99161
216,234,23.872669,37.989779
216,235,23.870149,37.990451
216,236,23.868,37.98981
216,237,23.86566,37.987399
216,238,23.8645,37.98616
216,239,23.86281,37.986781
216,240,23.859699,37.988193
216,241,23.856129,37.989772
216,242,23.85224,37.991443
216,243,23.84997,37.992824
216,244,23.84885,37.992312
216,245,23.8498,37.990573
216,246,23.84997,37.990104
216,247,23.850331,37.989074
216,248,23.850469,37.988174
216,249,23.85063,37.986953
216,250,23.850729,37.986145
216,251,23.85089,37.985183
216,252,23.851259,37.983745
216,253,23.85183,37.981445
216,254,23.851429,37.981426
216,255,23.851448,37.981426
216,256,23.851279,37.981364
216,257,23.849928,37.981883
216,258,23.851217,37.982474
216,259,23.851457,37.983097
216,260,23.851238,37.983966
216,261,23.853779,37.984577
216,262,23.854639,37.985946
216,263,23.855839,37.988086
216,264,23.857068,37.989307
216,265,23.859489,37.988228
216,266,23.86261,37.986827
216,267,23.86462,37.986076
216,268,23.8661,37.988333
216,269,23.869329,37.990592
216,270,23.87253,37.989753
216,271,23.874519,37.992144
216,272,23.874658,37.992274
216,273,23.876219,37.991435
216,274,23.879528,37.989097
216,275,23.879518,37.989059
216,276,23.879499,37.989047
216,277,23.87966,37.988956
216,278,23.87966,37.988956
216,279,23.879699,37.988975
216,280,23.879521,37.988994
216,281,23.879521,37.989024
216,282,23.87948,37.988906
216,283,23.87948,37.988918
216,284,23.87948,37.988948
216,285,23.879521,37.988948
216,286,23.87958,37.988994
216,287,23.879588,37.989326
216,288,23.876549,37.991287
216,289,23.874708,37.992385
216,290,23.873718,37.991076
216,291,23.872568,37.989795
216,292,23.869839,37.990756
216,293,23.86727,37.989276
216,294,23.865969,37.987827
216,295,23.864768,37.985907
216,296,23.86706,37.984626
216,297,23.86813,37.980407
216,298,23.865219,37.978046
216,299,23.863729,37.975998
216,300,23.863039,37.975116
216,301,23.861799,37.973647
216,302,23.85915,37.972747
216,303,23.85713,37.970546
216,304,23.85446,37.968894
216,305,23.853309,37.968155
216,306,23.85309,37.965984
216,307,23.852769,37.965343
216,308,23.85278,37.965343
216,309,23.851719,37.963481
216,310,23.850079,37.960651
216,311,23.849178,37.96028
216,312,23.849058,37.959422
216,313,23.848969,37.959411
216,314,23.849609,37.959102
216,315,23.849939,37.960452
216,316,23.851419,37.962963
216,317,23.852789,37.962894
216,318,23.853169,37.965953
216,319,23.853319,37.966441
216,320,23.853319,37.966441
216,321,23.85363,37.968242
216,322,23.8561,37.969734
216,323,23.85628,37.969753
216,324,23.856249,37.969672
216,325,23.856281,37.96965
216,326,23.856372,37.969565
