217,1,23.85659,37.970001
217,2,23.85885,37.972392
217,3,23.862431,37.974322
217,4,23.864101,37.976474
217,5,23.867181,37.979003
217,6,23.867342,37.983642
217,7,23.864782,37.985862
217,8,23.866142,37.988162
217,9,23.869633,37.99063
217,10,23.872673,37.989799
217,11,23.874853,37.992278
217,12,23.878584,37.989818
217,13,23.880893,37.989597
217,14,23.881314,37.990127
217,15,23.881344,37.990165
217,16,23.881044,37.989966
217,17,23.881044,37.989936
217,18,23.880724,37.989516
217,19,23.880134,37.989055
217,20,23.879145,37.989597
217,21,23.877205,37.990825
217,22,23.874874,37.992385
217,23,23.874094,37.991595
217,24,23.872324,37.989814
217,25,23.869934,37.990775
217,26,23.871415,37.992255
217,27,23.870844,37.994766
217,28,23.870345,37.995814
217,29,23.869674,37.996223
217,30,23.866644,37.997901
217,31,23.862884,37.999652
217,32,23.859564,38.001503
217,33,23.858024,38.002581
217,34,23.858024,38.005172
217,35,23.858506,38.007022
217,36,23.859806,38.007281
217,37,23.860466,38.007243
217,38,23.860706,38.007934
217,39,23.861046,38.009913
217,40,23.861206,38.011905
217,41,23.860306,38.013324
217,42,23.860346,38.015292
217,43,23.860327,38.015593
217,44,23.860327,38.015613
217,45,23.860287,38.016784
217,46,23.860426,38.019584
217,47,23.860445,38.019775
217,48,23.860275,38.020842
217,49,23.859696,38.023253
217,50,23.859624,38.023692
217,51,23.858855,38.024082
217,52,23.855064,38.02473
217,53,23.851333,38.02592
217,54,23.850624,38.026171
217,55,23.850404,38.026232
217,56,23.848274,38.026924
217,57,23.845375,38.028514
217,58,23.843895,38.028182
217,59,23.842465,38.027473
217,60,23.839313,38.028823
217,61,23.838672,38.029102
217,62,23.838453,38.029213
217,63,23.838434,38.029212
217,64,23.837744,38.029522
217,65,23.837694,38.029551
217,66,23.837444,38.029663
217,67,23.837015,38.029433
217,68,23.836925,38.029292
217,69,23.836916,38.029281
217,70,23.836756,38.029121
217,71,23.836725,38.02909
217,72,23.836275,38.028442
217,73,23.836235,38.02835
217,74,23.835674,38.027659
217,75,23.835295,38.027251
217,76,23.835064,38.027092
217,77,23.834623,38.026683
217,78,23.834293,38.026374
217,79,23.833583,38.025314
217,80,23.832563,38.024611
217,81,23.830233,38.02373
217,82,23.826372,38.022911
217,83,23.822373,38.022158
217,84,23.819023,38.02153
217,85,23.814934,38.020751
217,86,23.812784,38.020301
217,87,23.810274,38.01974
217,88,23.810185,38.019721
217,89,23.809475,38.019561
217,90,23.808615,38.01939
217,91,23.808304,38.019321
217,92,23.807693,38.019203
217,93,23.807653,38.019191
217,94,23.805812,38.018802
217,95,23.802113,38.018032
217,96,23.801402,38.01786
217,97,23.800423,38.0177
217,98,23.800342,38.0177
217,99,23.799423,38.01755
217,100,23.799173,38.01752
217,101,23.797393,38.017459
217,102,23.796194,38.017898
217,103,23.796164,38.01791
217,104,23.795904,38.018027
217,105,23.794035,38.016639
217,106,23.790384,38.015147
217,107,23.787354,38.012927
217,108,23.784732,38.011047
217,109,23.785032,38.010585
217,110,23.786771,38.009894
217,111,23.786122,38.009254
217,112,23.785692,38.009433
217,113,23.785683,38.009422
217,114,23.785371,38.009513
217,115,23.785141,38.009483
217,116,23.78519,38.009494
217,117,23.784851,38.009162
217,118,23.783352,38.009673
217,119,23.784931,38.011153
217,120,23.787691,38.013145
217,121,23.790571,38.015296
217,122,23.792412,38.015777
217,123,23.793641,38.016368
217,124,23.795082,38.017307
217,125,23.795381,38.017528
217,126,23.798051,38.017188
217,127,23.799991,38.017379
217,128,23.803313,38.01802
217,129,23.806672,38.018798
217,130,23.806802,38.018836
217,131,23.806994,38.018867
217,132,23.810922,38.019645
217,133,23.815052,38.020575
217,134,23.820541,38.021816
217,135,23.824651,38.022235
217,136,23.826792,38.021193
217,137,23.829172,38.019935
217,138,23.830643,38.018867
217,139,23.830733,38.018786
217,140,23.830762,38.018768
217,141,23.831553,38.018435
217,142,23.831663,38.019385
217,143,23.833173,38.020656
217,144,23.834943,38.019824
217,145,23.836463,38.019263
217,146,23.837204,38.020454
217,147,23.837003,38.020835
217,148,23.838925,38.021556
217,149,23.843365,38.021476
217,150,23.846485,38.021117
217,151,23.847126,38.021026
217,152,23.850216,38.020717
217,153,23.851976,38.017535
217,154,23.853917,38.013194
217,155,23.855507,38.010215
217,156,23.855267,38.009025
217,157,23.855226,38.008716
217,158,23.855076,38.007446
217,159,23.855696,38.006126
217,160,23.856455,38.005107
217,161,23.856115,38.003375
217,162,23.857416,38.002704
217,163,23.859827,38.001285
217,164,23.863626,37.999397
217,165,23.865366,37.998558
217,166,23.868807,37.996646
217,167,23.872827,37.994716
217,168,23.875097,37.992145
217,169,23.875097,37.992176
217,170,23.876006,37.991595
217,171,23.879908,37.989135
217,172,23.881238,37.989994
217,173,23.881246,37.990093
217,174,23.881237,37.990073
217,175,23.881277,37.990013
217,176,23.881178,37.990081
217,177,23.881188,37.989859
217,178,23.881188,37.989849
217,179,23.880997,37.989707
217,180,23.880306,37.989005
217,181,23.879256,37.989455
217,182,23.876525,37.991237
217,183,23.874946,37.992286
217,184,23.874227,37.991664
217,185,23.872507,37.989703
217,186,23.869907,37.990623
217,187,23.871347,37.992213
217,188,23.871538,37.994354
217,189,23.870268,37.995483
217,190,23.870287,37.995662
217,191,23.870336,37.995932
217,192,23.867358,37.997493
217,193,23.863148,37.999534
217,194,23.859429,38.001556
217,195,23.857899,38.003364
217,196,23.858278,38.006423
217,197,23.858519,38.007201
217,198,23.858809,38.007472
217,199,23.85982,38.007281
217,200,23.860208,38.007244
217,201,23.86081,38.008525
217,202,23.8611,38.010535
217,203,23.86038,38.012607
217,204,23.860349,38.015136
217,205,23.860448,38.018817
217,206,23.86044,38.019786
217,207,23.86035,38.020377
217,208,23.859801,38.022758
217,209,23.859689,38.025588
217,210,23.85924,38.02827
217,211,23.85915,38.030471
217,212,23.857399,38.031551
217,213,23.856849,38.031722
217,214,23.85685,38.032764
217,215,23.857121,38.033424
217,216,23.85568,38.034805
217,217,23.8528,38.037185
217,218,23.850179,38.039973
217,219,23.84701,38.042224
217,220,23.843639,38.044165
217,221,23.84078,38.045745
217,222,23.83996,38.046344
217,223,23.839951,38.046344
217,224,23.83955,38.046904
217,225,23.839861,38.048545
217,226,23.83983,38.048915
217,227,23.839821,38.049025
217,228,23.839701,38.050166
217,229,23.839691,38.050178
217,230,23.839601,38.05088
217,231,23.839592,38.050891
217,232,23.838991,38.051502
217,233,23.838981,38.051513
217,234,23.838892,38.051551
217,235,23.836762,38.05125
217,236,23.835771,38.0512
217,237,23.835692,38.051139
217,238,23.835661,38.051048
217,239,23.835661,38.051128
217,240,23.835642,38.050788
217,241,23.835562,38.050468
217,242,23.835512,38.050227
217,243,23.835412,38.050086
217,244,23.835413,38.050235
217,245,23.835644,38.051005
217,246,23.837142,38.051166
217,247,23.839302,38.051117
217,248,23.839592,38.049598
217,249,23.839752,38.047748
217,250,23.839452,38.047099
217,251,23.839302,38.04689
217,252,23.841402,38.045249
217,253,23.846133,38.042579
217,254,23.847542,38.041851
217,255,23.851121,38.03889
217,256,23.854973,38.035209
217,257,23.856713,38.033969
217,258,23.856573,38.032359
217,259,23.858053,38.031349
217,260,23.859183,38.028949
217,261,23.859583,38.025237
217,262,23.859512,38.024486
217,263,23.859652,38.023147
217,264,23.859972,38.022037
217,265,23.860262,38.019847
217,266,23.860272,38.014655
217,267,23.859152,38.011806
217,268,23.857401,38.010535
217,269,23.85815,38.008876
217,270,23.857851,38.008468
217,271,23.857511,38.008109
217,272,23.857492,38.008079
217,273,23.857422,38.007709
217,274,23.858671,38.007419
217,275,23.861771,38.006808
217,276,23.8621,38.00489
217,277,23.861271,38.002898
217,278,23.862082,38.000068
217,279,23.862542,37.999686
217,280,23.866331,37.997947
217,281,23.869841,37.996047
217,282,23.87222,37.995147
217,283,23.87524,37.992007
217,284,23.87939,37.989326
217,285,23.881131,37.989875
217,286,23.88134,37.990035
217,287,23.88139,37.990134
217,288,23.881319,37.990042
217,289,23.881249,37.990054
217,290,23.881988,37.990566
217,291,23.882059,37.991176
217,292,23.881328,37.993877
217,293,23.880308,37.997535
217,294,23.880498,37.999095
217,295,23.882488,37.999366
217,296,23.882248,38.001186
217,297,23.883367,38.001537
217,298,23.883978,38.001567
217,299,23.884077,38.001937
217,300,23.884767,38.002189
217,301,23.884536,38.003337
217,302,23.884527,38.003356
217,303,23.885617,38.003634
217,304,23.886966,38.003856
217,305,23.889356,38.004237
217,306,23.893156,38.004207
217,307,23.898037,38.003326
217,308,23.901087,38.002918
217,309,23.906076,38.002548
217,310,23.911087,38.002326
217,311,23.914537,37.999527
217,312,23.920378,37.998057
217,313,23.927618,37.997787
217,314,23.934257,37.999305
217,315,23.939587,38.001594
217,316,23.943617,38.002795
217,317,23.947487,38.003986
217,318,23.952277,38.005386
217,319,23.956956,38.006755
217,320,23.961407,38.007995
217,321,23.966177,38.008895
217,322,23.970897,38.010616
217,323,23.972997,38.012126
217,324,23.971518,38.014045
217,325,23.969908,38.015273
217,326,23.968708,38.015312
217,327,23.968119,38.015693
217,328,23.967708,38.016193
217,329,23.967329,38.017105
217,330,23.967018,38.018104
217,331,23.966657,38.017955
217,332,23.966578,38.017807
217,333,23.966567,38.017817
217,334,23.966578,38.017829
217,335,23.966527,38.017921
