218,1,23.856309,37.969703
218,2,23.85815,37.971153
218,3,23.861111,37.973323
218,4,23.86372,37.975844
218,5,23.86509,37.977843
218,6,23.868189,37.980804
218,7,23.866718,37.985122
218,8,23.864958,37.98614
218,9,23.866767,37.988849
218,10,23.870049,37.990421
218,11,23.872938,37.990089
218,12,23.874988,37.992179
218,13,23.878908,37.989631
218,14,23.880958,37.989631
218,15,23.881298,37.990119
218,16,23.881339,37.99015
218,17,23.881379,37.99007
218,18,23.881308,37.990069
218,19,23.881077,37.98984
218,20,23.880327,37.989112
218,21,23.878717,37.989914
218,22,23.875838,37.991824
218,23,23.875577,37.993415
218,24,23.875998,37.996215
218,25,23.874967,37.996066
218,26,23.873058,37.995685
218,27,23.870398,37.996036
218,28,23.869087,37.996524
218,29,23.865707,37.998412
218,30,23.862618,37.999762
218,31,23.858748,38.002021
218,32,23.857838,38.004123
218,33,23.858518,38.007152
218,34,23.858518,38.007613
218,35,23.856589,38.008182
218,36,23.853307,38.009032
218,37,23.849438,38.009704
218,38,23.846197,38.010246
218,39,23.843587,38.010585
218,40,23.839967,38.011074
218,41,23.835728,38.012843
218,42,23.834248,38.013164
218,43,23.832138,38.013614
218,44,23.829998,38.013964
218,45,23.825958,38.013953
218,46,23.822008,38.013762
218,47,23.818148,38.013072
218,48,23.817428,38.012862
218,49,23.817009,38.012752
218,50,23.816799,38.012691
218,51,23.815449,38.01234
218,52,23.814878,38.01221
218,53,23.814699,38.012179
218,54,23.812948,38.01176
218,55,23.812347,38.01163
218,56,23.812237,38.011599
218,57,23.810757,38.011241
218,58,23.809526,38.010921
218,59,23.808977,38.010669
218,60,23.808486,38.010398
218,61,23.808468,38.010409
218,62,23.807969,38.010211
218,63,23.807919,38.010181
218,64,23.807848,38.01012
218,65,23.807459,38.009922
218,66,23.807178,38.00978
218,67,23.807098,38.00975
218,68,23.806799,38.00962
218,69,23.80658,38.00949
218,70,23.806379,38.009391
218,71,23.806169,38.009292
218,72,23.805528,38.00896
218,73,23.805498,38.00896
218,74,23.804558,38.008529
218,75,23.803288,38.008079
218,76,23.803257,38.008079
218,77,23.802958,38.007987
218,78,23.802377,38.007816
218,79,23.802267,38.007797
218,80,23.801447,38.007545
218,81,23.800886,38.007347
218,82,23.800847,38.007328
218,83,23.800325,38.007167
218,84,23.800186,38.007167
218,85,23.799816,38.007137
218,86,23.799557,38.007076
218,87,23.799486,38.007057
218,88,23.799277,38.007007
218,89,23.799196,38.007007
218,90,23.798786,38.006908
218,91,23.798607,38.006827
218,92,23.798366,38.006736
218,93,23.798366,38.006725
218,94,23.797987,38.006576
218,95,23.797968,38.006565
218,96,23.797829,38.006465
218,97,23.797847,38.006454
218,98,23.797709,38.006416
218,99,23.796949,38.006217
218,100,23.79669,38.006118
218,101,23.79614,38.005939
218,102,23.79562,38.00566
218,103,23.79557,38.005622
218,104,23.795391,38.005481
218,105,23.795211,38.00534
218,106,23.795042,38.005199
218,107,23.794732,38.004989
218,108,23.79462,38.004928
218,109,23.79414,38.004627
218,110,23.794121,38.004615
218,111,23.79388,38.004443
218,112,23.793831,38.004394
218,113,23.79322,38.004036
218,114,23.792711,38.003703
218,115,23.792601,38.003605
218,116,23.79211,38.003234
218,117,23.791851,38.002982
218,118,23.791611,38.002841
218,119,23.791481,38.002773
218,120,23.791101,38.002551
218,121,23.79075,38.002403
218,122,23.790701,38.002402
218,123,23.790461,38.002323
218,124,23.790291,38.002273
218,125,23.789931,38.002124
218,126,23.788811,38.001716
218,127,23.78873,38.001636
218,128,23.787651,38.001254
218,129,23.785172,37.999873
218,130,23.782602,37.997783
218,131,23.782302,37.997573
218,132,23.782243,37.997535
218,133,23.780493,37.996315
218,134,23.776333,37.993534
218,135,23.772262,37.991523
218,136,23.770282,37.990184
218,137,23.769052,37.989165
218,138,23.767184,37.987976
218,139,23.765823,37.987205
218,140,23.764664,37.986476
218,141,23.763954,37.986205
218,142,23.763963,37.986205
218,143,23.762795,37.985816
218,144,23.760985,37.985637
218,145,23.759754,37.985198
218,146,23.758403,37.983848
218,147,23.755893,37.982238
218,148,23.753353,37.97961
218,149,23.751102,37.977699
218,150,23.749453,37.976558
218,151,23.749453,37.976539
218,152,23.749092,37.97626
218,153,23.745771,37.973991
218,154,23.741641,37.971153
218,155,23.737861,37.969253
218,156,23.734741,37.970142
218,157,23.733181,37.970844
218,158,23.732771,37.970882
218,159,23.731621,37.969913
218,160,23.73114,37.968051
218,161,23.730579,37.96754
218,162,23.728029,37.96553
218,163,23.726499,37.964301
218,164,23.72309,37.961631
218,165,23.719229,37.958801
218,166,23.71749,37.957561
218,167,23.716539,37.956859
218,168,23.716539,37.956859
218,169,23.716249,37.957069
218,170,23.716268,37.957217
218,171,23.715739,37.956996
218,172,23.715998,37.957088
218,173,23.716127,37.957126
218,174,23.716208,37.956718
218,175,23.716048,37.956588
218,176,23.715908,37.956496
218,177,23.715798,37.956458
218,178,23.715498,37.956168
218,179,23.714629,37.955299
218,180,23.710959,37.9524
218,181,23.706108,37.948619
218,182,23.701668,37.945198
218,183,23.698848,37.943958
218,184,23.700609,37.943557
218,185,23.69961,37.943336
218,186,23.702,37.945304
218,187,23.706379,37.948646
218,188,23.711998,37.953037
218,189,23.717378,37.957176
218,190,23.719738,37.959037
218,191,23.719917,37.959167
218,192,23.720038,37.959247
218,193,23.720097,37.959277
218,194,23.721037,37.960048
218,195,23.723436,37.961306
218,196,23.724826,37.962066
218,197,23.724846,37.962054
218,198,23.726415,37.963305
218,199,23.728346,37.964965
218,200,23.730486,37.965606
218,201,23.730495,37.965606
218,202,23.731215,37.966205
218,203,23.732395,37.966964
218,204,23.732414,37.966964
218,205,23.733354,37.967113
218,206,23.733613,37.967143
218,207,23.733734,37.967154
218,208,23.734564,37.967395
218,209,23.734764,37.967544
218,210,23.735325,37.967754
218,211,23.735815,37.967803
218,212,23.736365,37.967872
218,213,23.736845,37.968001
218,214,23.737045,37.96807
218,215,23.738316,37.968971
218,216,23.738765,37.96926
218,217,23.738877,37.969322
218,218,23.739256,37.96952
218,219,23.739975,37.969851
218,220,23.740885,37.970412
218,221,23.741215,37.970653
218,222,23.743365,37.972003
218,223,23.746114,37.973914
218,224,23.750493,37.976905
218,225,23.753004,37.978916
218,226,23.754275,37.980075
218,227,23.756464,37.982325
218,228,23.758934,37.983818
218,229,23.761083,37.985118
218,230,23.762872,37.985808
218,231,23.762872,37.98582
218,232,23.764433,37.985912
218,233,23.765414,37.986301
218,234,23.765842,37.986671
218,235,23.767723,37.988581
218,236,23.770443,37.99039
218,237,23.775503,37.992919
218,238,23.779873,37.995819
218,239,23.783163,37.998088
218,240,23.786373,38.00037
218,241,23.786753,38.000579
218,242,23.790422,38.002017
218,243,23.792562,38.003219
218,244,23.794443,38.00465
218,245,23.798333,38.006488
218,246,23.802813,38.007777
218,247,23.804813,38.008537
218,248,23.806583,38.009345
218,249,23.808624,38.010326
218,250,23.811233,38.011176
218,251,23.814863,38.012008
218,252,23.817734,38.012728
218,253,23.818705,38.01298
218,254,23.820024,38.013362
218,255,23.823275,38.013614
218,256,23.828326,38.013793
218,257,23.831665,38.013492
218,258,23.834656,38.012912
218,259,23.839016,38.011261
218,260,23.843056,38.010559
218,261,23.847776,38.009887
218,262,23.849916,38.009506
218,263,23.854496,38.008647
218,264,23.855276,38.007258
218,265,23.855816,38.00587
218,266,23.856355,38.004699
218,267,23.856316,38.003208
218,268,23.859585,38.001407
218,269,23.863606,37.999335
218,270,23.867935,37.997157
218,271,23.872555,37.994925
218,272,23.874904,37.992244
218,273,23.875096,37.992103
218,274,23.875036,37.992152
218,275,23.875166,37.992091
218,276,23.877247,37.99073
218,277,23.879896,37.989108
218,278,23.880587,37.989478
218,279,23.881147,37.990257
218,280,23.881388,37.990177
218,281,23.881407,37.990146
218,282,23.881438,37.990157
218,283,23.881277,37.990138
218,284,23.881336,37.9901
218,285,23.881567,37.989902
218,286,23.881256,37.99002
218,287,23.881216,37.98997
218,288,23.880905,37.989718
218,289,23.880895,37.989718
218,290,23.880605,37.989398
218,291,23.879607,37.989367
218,292,23.876975,37.991019
218,293,23.875107,37.992851
218,294,23.876127,37.995292
218,295,23.875548,37.996772
218,296,23.873587,37.995322
218,297,23.870407,37.996074
218,298,23.869417,37.996265
218,299,23.866228,37.998095
218,300,23.862047,37.999957
218,301,23.858297,38.002257
218,302,23.857868,38.004496
218,303,23.858509,38.007346
218,304,23.860199,38.007365
218,305,23.860329,38.007354
218,306,23.860789,38.008723
218,307,23.861128,38.011135
218,308,23.861859,38.011603
218,309,23.862459,38.011642
218,310,23.862338,38.011462
218,311,23.862409,38.011432
218,312,23.86256,38.011581
218,313,23.86265,38.011569
218,314,23.863739,38.01123
218,315,23.863489,38.00999
218,316,23.862929,38.007732
218,317,23.862389,38.007011
218,318,23.859808,38.007689
218,319,23.858337,38.00888
218,320,23.857656,38.008151
218,321,23.857656,38.008151
218,322,23.857456,38.007812
218,323,23.858736,38.007502
218,324,23.861277,38.007094
218,325,23.861856,38.005657
218,326,23.861666,38.003676
218,327,23.861765,38.001556
218,328,23.862194,37.999896
218,329,23.865154,37.998657
218,330,23.868954,37.996505
218,331,23.873234,37.994155
218,332,23.874914,37.992286
218,333,23.878304,37.990047
218,334,23.880684,37.989398
218,335,23.881365,37.990088
218,336,23.881365,37.990088
218,337,23.881245,37.990237
218,338,23.881285,37.990158
218,339,23.881303,37.990047
218,340,23.881303,37.990066
218,341,23.881303,37.990054
218,342,23.881343,37.990016
218,343,23.881353,37.990215
218,344,23.881863,37.990585
218,345,23.881863,37.990596
218,346,23.881443,37.990226
218,347,23.881292,37.990127
218,348,23.881283,37.990096
218,349,23.880903,37.989635
218,350,23.880394,37.989165
218,351,23.879934,37.989177
218,352,23.878284,37.990146
218,353,23.875805,37.991817
218,354,23.875394,37.993205
218,355,23.876076,37.995647
218,356,23.875425,37.996665
218,357,23.873395,37.995426
218,358,23.870417,37.996127
218,359,23.869306,37.996398
218,360,23.866216,37.99813
218,361,23.864677,37.998981
218,362,23.861088,38.00043
218,363,23.858088,38.002361
218,364,23.857937,38.002029
218,365,23.858386,37.99979
218,366,23.857547,37.997871
218,367,23.856419,37.99773
218,368,23.85472,37.998249
218,369,23.854769,37.999137
218,370,23.854238,37.999358
218,371,23.852538,37.999408
218,372,23.851579,37.998939
218,373,23.85016,37.997859
218,374,23.848331,37.997157
218,375,23.846841,37.996615
218,376,23.844921,37.996947
218,377,23.844431,37.997248
218,378,23.844702,37.996959
218,379,23.844082,37.997519
218,380,23.844041,37.997459
218,381,23.844041,37.997497
218,382,23.844483,37.997257
218,383,23.846061,37.996676
218,384,23.848692,37.997367
218,385,23.850351,37.998046
218,386,23.852102,37.999347
218,387,23.852652,37.998618
218,388,23.853302,37.998069
218,389,23.857112,37.997711
218,390,23.857843,37.998389
218,391,23.858324,38.00001
218,392,23.857904,38.002311
218,393,23.857954,38.002372
218,394,23.858935,38.001884
218,395,23.862935,37.999633
218,396,23.866885,37.997764
218,397,23.870924,37.995803
218,398,23.873224,37.994205
218,399,23.874353,37.992713
218,400,23.877202,37.990813
218,401,23.880363,37.989112
218,402,23.881344,37.990234
218,403,23.881424,37.990134
218,404,23.881415,37.990215
218,405,23.881963,37.990585
218,406,23.881923,37.990585
218,407,23.881323,37.990146
218,408,23.881303,37.990134
218,409,23.881303,37.990043
218,410,23.880853,37.989513
218,411,23.879774,37.989303
218,412,23.877184,37.990902
218,413,23.875124,37.992682
218,414,23.875114,37.992694
218,415,23.875974,37.993895
218,416,23.875994,37.996486
218,417,23.874754,37.995734
218,418,23.871643,37.996436
218,419,23.870653,37.996215
218,420,23.869993,37.996147
218,421,23.866672,37.997917
218,422,23.862683,37.999736
218,423,23.859942,38.001266
218,424,23.858002,38.002494
218,425,23.857993,38.004905
218,426,23.858023,38.005286
218,427,23.858142,38.005797
218,428,23.858153,38.005816
218,429,23.858282,38.006247
218,430,23.858282,38.006278
218,431,23.858331,38.006438
218,432,23.858381,38.006679
218,433,23.858381,38.00669
218,434,23.85852,38.007141
218,435,23.858511,38.00722
218,436,23.858502,38.007251
218,437,23.859232,38.00737
218,438,23.860441,38.007258
218,439,23.860491,38.007258
218,440,23.860831,38.008758
218,441,23.86116,38.011306
218,442,23.86026,38.012984
218,443,23.860359,38.015236
218,444,23.860498,38.018836
218,445,23.860488,38.019927
218,446,23.860479,38.020026
218,447,23.860128,38.021896
218,448,23.859748,38.023296
218,449,23.859739,38.023296
218,450,23.859609,38.023925
218,451,23.856689,38.024504
218,452,23.853319,38.025306
218,453,23.851518,38.025867
218,454,23.851238,38.025978
218,455,23.850668,38.026176
218,456,23.850658,38.026176
218,457,23.849718,38.026466
218,458,23.846607,38.027786
218,459,23.844288,38.029006
218,460,23.843128,38.027175
218,461,23.841327,38.027983
218,462,23.840708,38.028243
218,463,23.839937,38.028594
218,464,23.839787,38.028656
218,465,23.839506,38.028766
218,466,23.839276,38.028858
218,467,23.839276,38.028858
218,468,23.838834,38.029029
218,469,23.838746,38.02906
218,470,23.838646,38.029097
218,471,23.838525,38.029148
218,472,23.838507,38.029159
218,473,23.838417,38.029197
218,474,23.838408,38.029197
218,475,23.838337,38.029228
218,476,23.838278,38.029258
218,477,23.838179,38.029296
218,478,23.838,38.029376
218,479,23.837879,38.029426
218,480,23.837808,38.029456
218,481,23.837448,38.029617
218,482,23.837438,38.029628
218,483,23.83722,38.029678
218,484,23.836889,38.029246
218,485,23.83687,38.029197
218,486,23.836501,38.028686
218,487,23.83615,38.028197
218,488,23.836019,38.028026
218,489,23.83576,38.027736
218,490,23.83552,38.027457
218,491,23.834499,38.026446
218,492,23.8337,38.025466
218,493,23.832621,38.025134
218,494,23.831351,38.026065
218,495,23.829441,38.027255
218,496,23.828812,38.027717
218,497,23.830382,38.026687
218,498,23.83147,38.026076
218,499,23.83284,38.024928
218,500,23.8334,38.025039
218,501,23.833712,38.02552
218,502,23.834831,38.02682
218,503,23.836161,38.02827
218,504,23.8376,38.028079
218,505,23.839201,38.027458
218,506,23.842081,38.026119
218,507,23.843231,38.026439
218,508,23.847292,38.025298
218,509,23.848843,38.024299
218,510,23.846952,38.02119
218,511,23.848862,38.020568
218,512,23.851193,38.019328
218,513,23.853413,38.014419
218,514,23.856293,38.010299
218,515,23.858223,38.008868
218,516,23.857514,38.008166
218,517,23.858383,38.007625
218,518,23.861254,38.007156
218,519,23.861824,38.005645
218,520,23.861963,38.004577
218,521,23.861503,38.002425
218,522,23.862083,38.000045
218,523,23.864634,37.998996
218,524,23.868883,37.996616
218,525,23.872244,37.995254
218,526,23.876244,37.991443
218,527,23.880154,37.989013
218,528,23.881353,37.990142
218,529,23.881373,37.990153
218,530,23.881262,37.990264
218,531,23.881342,37.990172
218,532,23.881232,37.990032
218,533,23.881342,37.99015
218,534,23.881252,37.990112
218,535,23.881212,37.99015
218,536,23.881212,37.990059
218,537,23.881212,37.990119
218,538,23.881043,37.989929
218,539,23.881043,37.989917
218,540,23.880653,37.989486
218,541,23.880283,37.989104
218,542,23.879262,37.989573
218,543,23.877292,37.990825
218,544,23.874882,37.992416
218,545,23.874281,37.991848
218,546,23.87253,37.989787
218,547,23.86997,37.990577
218,548,23.87112,37.992007
218,549,23.87112,37.994598
218,550,23.869751,37.996169
218,551,23.866732,37.997871
218,552,23.865751,37.999251
218,553,23.866581,38.00117
218,554,23.867311,38.002971
218,555,23.868301,38.005389
218,556,23.868481,38.00568
218,557,23.870621,38.005339
218,558,23.8715,38.00521
218,559,23.871509,38.00521
218,560,23.872019,38.006251
218,561,23.870758,38.008663
218,562,23.870838,38.010765
218,563,23.868769,38.010986
218,564,23.868228,38.012497
218,565,23.867918,38.013617
218,566,23.867859,38.013736
218,567,23.867088,38.015396
218,568,23.866228,38.016666
218,569,23.864779,38.018016
218,570,23.862888,38.019237
218,571,23.860399,38.020278
218,572,23.859008,38.020598
218,573,23.85649,38.020999
218,574,23.854069,38.021331
218,575,23.851919,38.021632
218,576,23.85001,38.021854
218,577,23.849069,38.022052
218,578,23.84775,38.022171
218,579,23.847289,38.022231
218,580,23.845471,38.02249
218,581,23.843981,38.022689
218,582,23.842871,38.02275
218,583,23.84262,38.022811
218,584,23.841662,38.023002
218,585,23.841451,38.023013
218,586,23.841433,38.023013
218,587,23.842232,38.022773
218,588,23.843283,38.022712
218,589,23.844543,38.022602
218,590,23.846464,38.0223
218,591,23.847464,38.022109
218,592,23.848195,38.022018
218,593,23.849625,38.021907
218,594,23.850966,38.021709
218,595,23.852275,38.021488
218,596,23.852877,38.021438
218,597,23.854467,38.021209
218,598,23.856148,38.020969
218,599,23.859247,38.02045
218,600,23.861307,38.02
218,601,23.863977,38.01855
218,602,23.866018,38.01686
218,603,23.867578,38.016742
218,604,23.869777,38.017883
218,605,23.872097,38.01718
218,606,23.871356,38.012572
218,607,23.870727,38.008803
218,608,23.871837,38.005863
218,609,23.869987,38.005553
218,610,23.867647,38.005924
218,611,23.867487,38.005943
218,612,23.867416,38.003131
218,613,23.865856,37.999419
218,614,23.865346,37.998649
218,615,23.867956,37.99718
218,616,23.872915,37.994651
218,617,23.874365,37.99269
218,618,23.877856,37.990371
218,619,23.880495,37.989222
218,620,23.881334,37.990054
218,621,23.881405,37.990085
218,622,23.881424,37.990097
218,623,23.881264,37.989997
218,624,23.881334,37.990008
218,625,23.880875,37.989467
218,626,23.880344,37.989085
218,627,23.879105,37.989776
218,628,23.876435,37.991507
218,629,23.875194,37.992969
218,630,23.876245,37.994727
218,631,23.875796,37.996986
218,632,23.874056,37.995414
218,633,23.870655,37.996364
218,634,23.869255,37.996505
218,635,23.866355,37.998164
218,636,23.863765,37.999465
218,637,23.862125,38.000243
218,638,23.861786,38.001544
218,639,23.861366,38.003486
218,640,23.862085,38.004924
218,641,23.861866,38.006564
218,642,23.861866,38.007106
218,643,23.863156,38.006915
218,644,23.866986,38.006145
218,645,23.868314,38.005893
218,646,23.870994,38.005412
218,647,23.871014,38.005374
218,648,23.871464,38.005264
218,649,23.871494,38.005233
218,650,23.871984,38.006523
218,651,23.870735,38.0087
218,652,23.871125,38.011599
218,653,23.871614,38.014518
218,654,23.871954,38.016669
218,655,23.870923,38.017779
218,656,23.867865,38.017749
218,657,23.866295,38.016539
218,658,23.864254,38.018359
218,659,23.862324,38.01942
218,660,23.861384,38.019908
218,661,23.860362,38.020198
218,662,23.858972,38.02053
218,663,23.856773,38.020919
218,664,23.855123,38.02116
218,665,23.853283,38.0214
218,666,23.852022,38.021571
218,667,23.850462,38.02185
218,668,23.849072,38.022022
218,669,23.848011,38.022139
218,670,23.846941,38.022201
218,671,23.845531,38.02241
218,672,23.844301,38.022632
218,673,23.843251,38.022693
218,674,23.843441,38.022693
218,675,23.843262,38.022681
218,676,23.842833,38.022681
218,677,23.842852,38.022681
218,678,23.842651,38.02272
218,679,23.842951,38.022708
218,680,23.8439,38.022677
218,681,23.84531,38.022468
218,682,23.84729,38.022159
218,683,23.848511,38.02206
218,684,23.848501,38.02209
218,685,23.849271,38.02201
218,686,23.850242,38.021811
218,687,23.851544,38.021652
218,688,23.852983,38.02143
218,689,23.854364,38.02127
218,690,23.855823,38.021071
218,691,23.857523,38.020781
218,692,23.859194,38.020503
218,693,23.860634,38.020243
218,694,23.862253,38.019542
218,695,23.864214,38.018413
218,696,23.866064,38.016841
218,697,23.866754,38.01633
218,698,23.866894,38.016342
218,699,23.868183,38.018112
218,700,23.871714,38.017772
218,701,23.871785,38.015842
218,702,23.871275,38.012592
218,703,23.870714,38.009162
218,704,23.871855,38.006423
218,705,23.871685,38.005512
218,706,23.871655,38.005432
218,707,23.869474,38.005683
218,708,23.867553,38.005984
218,709,23.867334,38.005923
218,710,23.867714,38.004074
218,711,23.866724,38.001552
218,712,23.865543,37.998992
218,713,23.865294,37.998691
218,714,23.867163,37.997631
218,715,23.870203,37.99586
218,716,23.871544,37.99438
218,717,23.870973,37.991939
218,718,23.867625,37.989608
218,719,23.865364,37.987098
218,720,23.865844,37.9855
218,721,23.867695,37.98239
218,722,23.866196,37.978629
218,723,23.863896,37.976237
218,724,23.862566,37.974567
218,725,23.859495,37.972889
218,726,23.857084,37.970458
218,727,23.854024,37.968589
218,728,23.853334,37.968109
218,729,23.853205,37.967437
218,730,23.852205,37.964187
218,731,23.850256,37.960956
218,732,23.849216,37.960415
218,733,23.849086,37.959873
218,734,23.849086,37.959911
218,735,23.849106,37.959873
218,736,23.849756,37.959224
218,737,23.850336,37.961123
218,738,23.851816,37.962894
218,739,23.852956,37.963595
218,740,23.853327,37.966487
218,741,23.853336,37.966487
218,742,23.853457,37.966696
218,743,23.854415,37.968887
218,744,23.856377,37.970027
218,745,23.856377,37.969589
