22,1,23.843105,37.996776
22,2,23.842605,37.994785
22,3,23.844345,37.994476
22,4,23.847575,37.994606
22,5,23.848065,37.993835
22,6,23.849354,37.992675
22,7,23.852204,37.991447
22,8,23.856304,37.989665
22,9,23.860223,37.987994
22,10,23.863822,37.986445
22,11,23.865293,37.987155
22,12,23.867304,37.989406
22,13,23.869783,37.990577
22,14,23.872344,37.989848
22,15,23.873984,37.991798
22,16,23.874483,37.992298
22,17,23.874542,37.992298
22,18,23.876303,37.991279
22,19,23.879744,37.989139
22,20,23.880872,37.989708
22,21,23.881112,37.989879
22,22,23.881202,37.989959
22,23,23.881283,37.990088
22,24,23.881912,37.990577
22,25,23.881872,37.990566
22,26,23.881853,37.990497
22,27,23.881344,37.990157
22,28,23.881314,37.990119
22,29,23.881314,37.990119
22,30,23.881573,37.99028
22,31,23.882143,37.99079
22,32,23.881783,37.992153
22,33,23.881172,37.994353
22,34,23.880453,37.996955
22,35,23.880203,37.999607
22,36,23.880564,38.002246
22,37,23.880224,38.003757
22,38,23.877224,38.003787
22,39,23.874433,38.004436
22,40,23.875192,38.005027
22,41,23.876503,38.005626
22,42,23.877023,38.006087
22,43,23.877175,38.006839
22,44,23.877325,38.00743
22,45,23.877226,38.007392
22,46,23.877445,38.007713
22,47,23.877294,38.006854
22,48,23.877224,38.006484
22,49,23.877224,38.006496
22,50,23.877104,38.006176
22,51,23.876173,38.005675
22,52,23.874613,38.004695
22,53,23.875402,38.004214
22,54,23.877163,38.003512
22,55,23.876482,38.002162
22,56,23.876482,38.002144
22,57,23.876501,38.001544
22,58,23.87572,37.999183
22,59,23.876242,37.998615
22,60,23.875971,37.996024
22,61,23.874981,37.992714
22,62,23.874882,37.992595
22,63,23.874882,37.992576
22,64,23.875382,37.991965
22,65,23.879011,37.989597
22,66,23.880692,37.989325
22,67,23.881213,37.989825
22,68,23.881213,37.989837
22,69,23.881132,37.990009
22,70,23.881082,37.990168
22,71,23.881162,37.989917
22,72,23.880253,37.988936
22,73,23.882293,37.987857
22,74,23.885584,37.986358
22,75,23.889364,37.984206
22,76,23.893604,37.981314
22,77,23.897644,37.978694
22,78,23.901745,37.976054
22,79,23.904724,37.972793
22,80,23.905624,37.969031
22,81,23.906164,37.96646
22,82,23.906704,37.964919
22,83,23.905594,37.963981
22,84,23.901364,37.96289
22,85,23.900404,37.961581
22,86,23.900573,37.959041
22,87,23.900463,37.956401
22,88,23.899902,37.954261
22,89,23.898412,37.951949
22,90,23.896772,37.948348
22,91,23.894762,37.944377
22,92,23.893562,37.941806
22,93,23.891832,37.938125
22,94,23.890191,37.934604
22,95,23.888552,37.932872
22,96,23.886081,37.933883
22,97,23.883942,37.934703
22,98,23.882591,37.932284
22,99,23.882801,37.931876
22,100,23.885361,37.929397
22,101,23.883741,37.925975
22,102,23.885521,37.922565
22,103,23.890211,37.921234
22,104,23.892722,37.917095
22,105,23.8952,37.912616
22,106,23.894381,37.908226
22,107,23.894571,37.904055
22,108,23.894741,37.903736
22,109,23.894781,37.903674
22,110,23.896591,37.902183
22,111,23.90039,37.901351
22,112,23.905059,37.899841
22,113,23.909599,37.897078
22,114,23.91355,37.894649
22,115,23.91807,37.891868
22,116,23.921721,37.888698
22,117,23.924209,37.886619
22,118,23.926889,37.885749
22,119,23.927259,37.885631
22,120,23.927659,37.88552
22,121,23.928921,37.886729
22,122,23.930221,37.888221
22,123,23.932501,37.88729
22,124,23.935631,37.886031
22,125,23.937291,37.88539
22,126,23.937611,37.884879
22,127,23.93696,37.88343
22,128,23.93982,37.88277
22,129,23.943159,37.882899
22,130,23.947819,37.88441
22,131,23.953039,37.885452
22,132,23.95834,37.88676
22,133,23.96178,37.886539
22,134,23.965471,37.885669
22,135,23.969982,37.88647
22,136,23.974242,37.886741
22,137,23.978821,37.887241
22,138,23.983091,37.88768
22,139,23.986511,37.888457
22,140,23.990372,37.888156
22,141,23.993652,37.886317
22,142,23.994223,37.886127
22,143,23.994272,37.886187
22,144,23.994972,37.886028
22,145,23.995031,37.885948
22,146,23.994831,37.885707
22,147,23.994711,37.885707
22,148,23.99493,37.885837
22,149,23.9946,37.886218
22,150,23.992491,37.886959
22,151,23.988981,37.888377
22,152,23.984821,37.888366
22,153,23.9801,37.887645
22,154,23.975,37.886924
22,155,23.97022,37.886493
22,156,23.9655,37.885715
22,157,23.96115,37.886943
22,158,23.95678,37.886375
22,159,23.95036,37.884913
22,160,23.94495,37.883464
22,161,23.94062,37.882644
22,162,23.938191,37.883212
22,163,23.93725,37.884021
22,164,23.938321,37.885741
22,165,23.93763,37.886222
22,166,23.933269,37.887981
22,167,23.930269,37.88935
22,168,23.927309,37.8884
22,169,23.925289,37.886359
22,170,23.922449,37.88803
22,171,23.91951,37.891101
22,172,23.915328,37.893569
22,173,23.91137,37.896091
22,174,23.907629,37.898841
22,175,23.903639,37.900791
22,176,23.89778,37.90153
22,177,23.895291,37.903301
22,178,23.89472,37.90404
22,179,23.894479,37.908359
22,180,23.89513,37.911647
22,181,23.89412,37.914855
22,182,23.890909,37.920234
22,183,23.885559,37.922603
22,184,23.884908,37.926963
22,185,23.884048,37.930812
22,186,23.883528,37.933783
22,187,23.885458,37.934222
22,188,23.889269,37.933032
22,189,23.891138,37.936321
22,190,23.893069,37.940669
22,191,23.894727,37.944271
22,192,23.897098,37.948932
22,193,23.898899,37.952941
22,194,23.900259,37.955581
22,195,23.900589,37.958622
22,196,23.900419,37.96125
22,197,23.900749,37.96286
22,198,23.905309,37.963851
22,199,23.90686,37.96479
22,200,23.906089,37.967338
22,201,23.905609,37.970588
22,202,23.902908,37.97525
22,203,23.897709,37.97871
22,204,23.893499,37.98144
22,205,23.888599,37.984702
22,206,23.88344,37.987563
22,207,23.88035,37.989044
22,208,23.88125,37.989963
22,209,23.88147,37.990184
22,210,23.88172,37.990413
22,211,23.88175,37.990474
22,212,23.881849,37.990554
22,213,23.881889,37.990542
22,214,23.881579,37.990321
22,215,23.881328,37.990131
22,216,23.881298,37.990131
22,217,23.881588,37.990309
22,218,23.882148,37.99079
22,219,23.881749,37.992309
22,220,23.881008,37.99501
22,221,23.880197,37.997939
22,222,23.880497,38.000789
22,223,23.880698,38.002719
22,224,23.880716,38.002738
22,225,23.880747,38.003147
22,226,23.880747,38.003157
22,227,23.880738,38.003357
22,228,23.880737,38.003436
22,229,23.880737,38.003456
22,230,23.879716,38.003695
22,231,23.877897,38.003726
22,232,23.875547,38.004027
22,233,23.874468,38.004489
22,234,23.875538,38.005137
22,235,23.876858,38.005545
22,236,23.877379,38.006556
22,237,23.876949,38.006835
22,238,23.877269,38.007377
22,239,23.87715,38.007297
22,240,23.877149,38.006297
22,241,23.87689,38.005576
22,242,23.876961,38.004356
22,243,23.879221,38.004325
22,244,23.880581,38.004245
22,245,23.880781,38.004226
22,246,23.880901,38.004196
22,247,23.88091,38.004196
22,248,23.880921,38.004104
22,249,23.88088,38.003955
22,250,23.88088,38.003917
22,251,23.88073,38.003375
22,252,23.88059,38.001747
22,253,23.8801,37.998694
22,254,23.881361,37.993705
22,255,23.882041,37.990725
22,256,23.881903,37.990596
22,257,23.881883,37.990585
22,258,23.881864,37.990504
22,259,23.881294,37.990104
22,260,23.881334,37.990073
22,261,23.881723,37.990333
22,262,23.882142,37.990973
22,263,23.881634,37.992874
22,264,23.880925,37.995403
22,265,23.880193,37.998233
22,266,23.880604,38.000934
22,267,23.880743,38.003044
22,268,23.880742,38.003123
22,269,23.880792,38.003314
22,270,23.880792,38.003326
22,271,23.880802,38.003475
22,272,23.879202,38.003665
22,273,23.876531,38.003806
22,274,23.874481,38.004397
22,275,23.875351,38.005019
22,276,23.876581,38.005587
22,277,23.877081,38.006149
22,278,23.877611,38.006839
22,279,23.878021,38.007328
22,280,23.878391,38.007339
22,281,23.878641,38.007209
22,282,23.87865,38.007209
22,283,23.878801,38.007098
22,284,23.878872,38.007239
22,285,23.878101,38.007411
22,286,23.877842,38.007331
22,287,23.877832,38.007449
22,288,23.877832,38.007369
22,289,23.877172,38.006359
22,290,23.876362,38.005737
22,291,23.874432,38.004615
22,292,23.87445,38.004486
22,293,23.875711,38.004145
22,294,23.877001,38.003845
22,295,23.876631,38.002327
22,296,23.876411,38.001517
22,297,23.875421,37.998977
22,298,23.876102,37.998447
22,299,23.876052,37.995475
22,300,23.874853,37.992656
22,301,23.874853,37.992625
22,302,23.876124,37.991503
22,303,23.880064,37.989043
22,304,23.881343,37.990092
22,305,23.881994,37.990634
22,306,23.881935,37.990542
22,307,23.881916,37.990394
22,308,23.881385,37.990062
22,309,23.881385,37.990032
22,310,23.881265,37.98984
22,311,23.880757,37.989352
22,312,23.879887,37.989192
22,313,23.877817,37.990462
22,314,23.874987,37.992393
22,315,23.872857,37.994834
22,316,23.868967,37.996616
22,317,23.866176,37.998176
22,318,23.864206,37.999186
22,319,23.860876,38.000598
22,320,23.858005,38.002559
22,321,23.857987,38.004951
22,322,23.858446,38.006881
22,323,23.858567,38.007281
22,324,23.860066,38.00727
22,325,23.860565,38.007361
22,326,23.860815,38.008841
22,327,23.861145,38.010279
22,328,23.861144,38.010341
22,329,23.861145,38.010409
22,330,23.861164,38.011009
22,331,23.860945,38.012279
22,332,23.860325,38.013168
22,333,23.860405,38.014999
22,334,23.860454,38.01815
22,335,23.860454,38.019858
22,336,23.860454,38.019858
22,337,23.860375,38.020389
22,338,23.859995,38.022319
22,339,23.859684,38.02367
22,340,23.857494,38.02426
22,341,23.853924,38.025081
22,342,23.850584,38.026202
22,343,23.850254,38.026313
22,344,23.847843,38.027084
22,345,23.844762,38.028842
22,346,23.843983,38.028434
22,347,23.842734,38.027366
22,348,23.839794,38.028617
22,349,23.837663,38.029548
22,350,23.837543,38.029617
22,351,23.836563,38.028766
22,352,23.834744,38.026664
22,353,23.833482,38.025073
22,354,23.831713,38.023982
22,355,23.830233,38.025042
22,356,23.829052,38.025844
22,357,23.828672,38.025443
22,358,23.827513,38.024363
22,359,23.826702,38.023532
22,360,23.827353,38.023044
22,361,23.828872,38.023223
22,362,23.829493,38.022933
22,363,23.831111,38.023124
22,364,23.832891,38.023513
22,365,23.833542,38.023372
22,366,23.833311,38.023463
22,367,23.833141,38.023753
22,368,23.83406,38.024012
22,369,23.83502,38.023642
22,370,23.834181,38.023372
22,371,23.834161,38.02312
22,372,23.834621,38.022868
22,373,23.835401,38.023009
22,374,23.836102,38.023127
22,375,23.836302,38.023208
22,376,23.836302,38.023208
22,377,23.836003,38.023098
22,378,23.836203,38.022758
22,379,23.836354,38.02301
22,380,23.836153,38.022998
22,381,23.835283,38.02288
22,382,23.834364,38.023051
22,383,23.834703,38.02346
22,384,23.834854,38.023922
22,385,23.833334,38.023829
22,386,23.831953,38.023318
22,387,23.829794,38.023067
22,388,23.829143,38.023418
22,389,23.832323,38.024349
22,390,23.834392,38.026347
22,391,23.836153,38.028148
22,392,23.837553,38.028129
22,393,23.839733,38.027229
22,394,23.842193,38.02608
22,395,23.843343,38.02637
22,396,23.846693,38.025352
22,397,23.848823,38.025012
22,398,23.848963,38.024414
22,399,23.847503,38.021823
22,400,23.847803,38.020885
22,401,23.850202,38.020793
22,402,23.851602,38.018585
22,403,23.853582,38.014144
22,404,23.856123,38.010394
22,405,23.857912,38.009086
22,406,23.857672,38.008235
22,407,23.857652,38.008224
22,408,23.857563,38.007773
22,409,23.856122,38.007224
22,410,23.855263,38.007053
22,411,23.855913,38.006011
22,412,23.856514,38.00518
22,413,23.856184,38.003551
22,414,23.858713,38.00207
22,415,23.862352,37.9999
22,416,23.865912,37.998329
22,417,23.869781,37.996139
22,418,23.873011,37.994559
22,419,23.875401,37.992011
22,420,23.878919,37.989711
22,421,23.88081,37.989489
22,422,23.881979,37.990581
22,423,23.881869,37.990581
22,424,23.881918,37.990581
22,425,23.881557,37.99028
22,426,23.881447,37.99015
22,427,23.881438,37.990131
22,428,23.882118,37.990611
22,429,23.882118,37.991161
22,430,23.881568,37.99314
22,431,23.880758,37.996059
22,432,23.880198,37.99905
22,433,23.880688,38.00164
22,434,23.880826,38.003318
22,435,23.880846,38.003367
22,436,23.879575,38.003756
22,437,23.877106,38.003757
22,438,23.875647,38.004116
22,439,23.875526,38.004256
22,440,23.875286,38.004306
22,441,23.875267,38.004306
22,442,23.875076,38.004337
22,443,23.875076,38.004337
22,444,23.875067,38.004337
22,445,23.874197,38.004577
22,446,23.870666,38.005428
22,447,23.867617,38.005939
22,448,23.867617,38.005939
22,449,23.867876,38.004459
22,450,23.866686,38.001307
22,451,23.865506,37.998847
22,452,23.866044,37.998175
22,453,23.869965,37.996024
22,454,23.873624,37.993403
22,455,23.877344,37.990684
22,456,23.880224,37.988975
22,457,23.881294,37.990073
22,458,23.881325,37.990153
22,459,23.881244,37.990085
22,460,23.881343,37.990047
22,461,23.881303,37.990066
22,462,23.881433,37.990215
22,463,23.881424,37.990226
22,464,23.881994,37.990626
22,465,23.882004,37.991397
22,466,23.881443,37.993468
22,467,23.880653,37.996349
22,468,23.880154,37.999388
22,469,23.880694,38.002208
22,470,23.880763,38.003547
22,471,23.880774,38.003577
22,472,23.880674,38.003799
22,473,23.878784,38.00383
22,474,23.875854,38.00407
22,475,23.874565,38.004619
22,476,23.875925,38.0055
22,477,23.876976,38.00587
22,478,23.877506,38.00671
22,479,23.878187,38.0074
22,480,23.878817,38.007201
22,481,23.878875,38.0074
22,482,23.879265,38.007621
