220,1,23.856886,37.970226
220,2,23.858956,37.972476
220,3,23.862276,37.974098
220,4,23.863805,37.975959
220,5,23.865585,37.97816
220,6,23.868135,37.98112
220,7,23.866526,37.98519
220,8,23.865085,37.986412
220,9,23.867575,37.989452
220,10,23.870685,37.990081
220,11,23.873525,37.990649
220,12,23.875635,37.991771
220,13,23.879804,37.989142
220,14,23.881284,37.989963
220,15,23.881334,37.990054
220,16,23.881575,37.990374
220,17,23.881633,37.990374
220,18,23.881393,37.990104
220,19,23.881354,37.990085
220,20,23.881294,37.990096
220,21,23.881294,37.990096
220,22,23.881294,37.989967
220,23,23.880535,37.989227
220,24,23.879665,37.989306
220,25,23.877445,37.990687
220,26,23.875006,37.992599
220,27,23.876236,37.994777
220,28,23.875636,37.996775
220,29,23.873585,37.995307
220,30,23.870455,37.995986
220,31,23.870135,37.996024
220,32,23.867375,37.997493
220,33,23.863964,37.999252
220,34,23.862623,37.99974
220,35,23.859953,38.00122
220,36,23.857902,38.003292
220,37,23.858213,38.006412
220,38,23.858124,38.007663
220,39,23.855604,38.008495
220,40,23.851284,38.009407
220,41,23.847445,38.010028
220,42,23.843904,38.010558
220,43,23.839633,38.011157
220,44,23.835584,38.012848
220,45,23.834295,38.013118
220,46,23.832886,38.01342
220,47,23.829895,38.01395
220,48,23.827216,38.014011
220,49,23.825816,38.013961
220,50,23.824125,38.0139
220,51,23.824116,38.013881
220,52,23.822216,38.01377
220,53,23.818075,38.013042
220,54,23.816395,38.012561
220,55,23.816346,38.012561
220,56,23.813144,38.01179
220,57,23.811834,38.011501
220,58,23.811193,38.011352
220,59,23.807354,38.009932
220,60,23.803065,38.008052
220,61,23.799224,38.006984
220,62,23.797754,38.006443
220,63,23.795584,38.005622
220,64,23.794903,38.005103
220,65,23.794212,38.004653
220,66,23.793522,38.004123
220,67,23.791962,38.002872
220,68,23.791252,38.00241
220,69,23.790802,38.002269
220,70,23.790451,38.002188
220,71,23.788832,38.001658
220,72,23.787531,38.001209
220,73,23.785501,38.000061
220,74,23.785372,37.99998
220,75,23.782751,37.99789
220,76,23.780341,37.996238
220,77,23.780321,37.996227
220,78,23.777961,37.994765
220,79,23.773602,37.992107
220,80,23.770431,37.990348
220,81,23.767131,37.9883
220,82,23.764761,37.986622
220,83,23.763762,37.986182
220,84,23.762871,37.985911
220,85,23.76053,37.985122
220,86,23.760001,37.985054
220,87,23.75787,37.983303
220,88,23.75404,37.980052
220,89,23.75223,37.978511
220,90,23.749819,37.97673
220,91,23.745779,37.973968
220,92,23.741649,37.971167
220,93,23.73813,37.969279
220,94,23.73414,37.97042
220,95,23.733221,37.97082
220,96,23.73311,37.970882
220,97,23.731651,37.97018
220,98,23.73105,37.967959
220,99,23.730501,37.967627
220,100,23.72862,37.966178
220,101,23.72533,37.96363
220,102,23.72419,37.962741
220,103,23.7211,37.960392
220,104,23.718149,37.95827
220,105,23.716928,37.957259
220,106,23.716519,37.956939
220,107,23.716459,37.95684
220,108,23.716429,37.956981
220,109,23.716218,37.957179
220,110,23.71633,37.957279
220,111,23.716259,37.957279
220,112,23.716429,37.95742
220,113,23.716268,37.957309
220,114,23.716358,37.957358
220,115,23.716117,37.95713
220,116,23.715948,37.957309
220,117,23.715698,37.95745
220,118,23.715497,37.95729
220,119,23.714928,37.956828
220,120,23.714428,37.955848
220,121,23.713589,37.954478
220,122,23.709158,37.951019
220,123,23.704199,37.947139
220,124,23.698858,37.942989
220,125,23.694278,37.939139
220,126,23.694768,37.933979
220,127,23.688438,37.932227
220,128,23.688608,37.928089
220,129,23.691118,37.925548
220,130,23.693558,37.922919
220,131,23.698128,37.920879
220,132,23.701297,37.91785
220,133,23.701458,37.917709
220,134,23.705438,37.916111
220,135,23.709289,37.91249
220,136,23.71133,37.91069
220,137,23.71558,37.908081
220,138,23.71893,37.9043
220,139,23.719629,37.901012
220,140,23.719989,37.898742
220,141,23.721639,37.893413
220,142,23.72501,37.888202
220,143,23.728679,37.882633
220,144,23.731539,37.876754
220,145,23.736118,37.872462
220,146,23.741138,37.868011
220,147,23.746048,37.863731
220,148,23.750108,37.86069
220,149,23.750118,37.86066
220,150,23.751059,37.859889
220,151,23.751648,37.855228
220,152,23.752727,37.849769
220,153,23.755568,37.844699
220,154,23.760787,37.840301
220,155,23.766107,37.836879
220,156,23.771948,37.835079
220,157,23.772377,37.8339
220,158,23.774536,37.833679
220,159,23.780006,37.832969
220,160,23.784716,37.833339
220,161,23.785165,37.833377
220,162,23.785376,37.833396
220,163,23.785764,37.833457
220,164,23.786375,37.833598
220,165,23.786936,37.833778
220,166,23.787166,37.833877
220,167,23.787457,37.833988
220,168,23.787648,37.834079
220,169,23.788137,37.83427
220,170,23.788587,37.83446
220,171,23.789038,37.834651
220,172,23.789198,37.834732
220,173,23.789367,37.834811
220,174,23.789547,37.834873
220,175,23.789748,37.834952
220,176,23.789938,37.835013
220,177,23.789947,37.835013
220,178,23.790068,37.835025
220,179,23.790077,37.835025
220,180,23.790327,37.835045
220,181,23.790337,37.835045
220,182,23.790496,37.835025
220,183,23.790516,37.835025
220,184,23.790766,37.835006
220,185,23.790895,37.834987
220,186,23.791136,37.834968
220,187,23.791367,37.834956
220,188,23.791367,37.834968
220,189,23.791557,37.834949
220,190,23.791717,37.834937
220,191,23.791798,37.834937
220,192,23.792226,37.834877
220,193,23.792507,37.834857
220,194,23.792526,37.834838
220,195,23.792687,37.834807
220,196,23.792727,37.834807
220,197,23.792856,37.834807
220,198,23.793286,37.834769
220,199,23.793476,37.83475
220,200,23.793706,37.834739
220,201,23.794197,37.834709
220,202,23.794317,37.834708
220,203,23.794798,37.834628
220,204,23.794808,37.834628
220,205,23.795067,37.834598
220,206,23.795298,37.834559
220,207,23.795738,37.834468
220,208,23.796058,37.834418
220,209,23.79637,37.83438
220,210,23.796641,37.83435
220,211,23.796911,37.834312
220,212,23.797081,37.834281
220,213,23.797401,37.83425
220,214,23.798252,37.83409
220,215,23.798412,37.83406
220,216,23.798943,37.833992
220,217,23.800623,37.833732
220,218,23.800783,37.833713
220,219,23.802223,37.833473
220,220,23.803004,37.833442
220,221,23.803293,37.833591
220,222,23.804894,37.834602
220,223,23.806664,37.835723
220,224,23.808633,37.836944
220,225,23.809655,37.837566
220,226,23.811545,37.838775
220,227,23.813295,37.839824
220,228,23.815284,37.841003
220,229,23.816916,37.841995
220,230,23.818667,37.843154
220,231,23.822186,37.845515
220,232,23.826315,37.847495
220,233,23.829335,37.850574
220,234,23.831244,37.854762
220,235,23.835934,37.857352
220,236,23.841824,37.858722
220,237,23.846103,37.861763
220,238,23.848053,37.863063
220,239,23.848333,37.863323
220,240,23.849264,37.864154
220,241,23.849754,37.864586
220,242,23.850574,37.865306
220,243,23.850583,37.865318
220,244,23.851583,37.866229
220,245,23.851824,37.86644
220,246,23.851963,37.866569
220,247,23.852953,37.867488
220,248,23.853233,37.867759
220,249,23.854094,37.868537
220,250,23.854534,37.868895
220,251,23.855003,37.869265
220,252,23.855743,37.869807
220,253,23.855774,37.869796
220,254,23.856933,37.870586
220,255,23.857044,37.870704
220,256,23.857315,37.870875
220,257,23.858565,37.871734
220,258,23.859564,37.872425
220,259,23.860483,37.873004
220,260,23.861173,37.873374
220,261,23.862033,37.873825
220,262,23.862434,37.874034
220,263,23.863905,37.874813
220,264,23.864096,37.874923
220,265,23.866295,37.876231
220,266,23.866526,37.876391
220,267,23.866806,37.876564
220,268,23.867037,37.876705
220,269,23.867067,37.876724
220,270,23.867427,37.876945
220,271,23.867857,37.877223
220,272,23.867956,37.877284
220,273,23.868906,37.878036
220,274,23.869517,37.878578
220,275,23.869667,37.878718
220,276,23.869898,37.87891
220,277,23.869928,37.878939
220,278,23.870369,37.87934
220,279,23.870729,37.879642
220,280,23.87088,37.879783
220,281,23.87112,37.879981
220,282,23.871431,37.880222
220,283,23.871672,37.880382
220,284,23.872152,37.880702
220,285,23.872362,37.880843
220,286,23.873242,37.881412
220,287,23.873691,37.88169
220,288,23.873962,37.881862
220,289,23.875331,37.88301
220,290,23.875522,37.883182
220,291,23.876072,37.88367
220,292,23.876451,37.884021
220,293,23.876461,37.884021
220,294,23.876941,37.88444
220,295,23.877511,37.88494
220,296,23.878221,37.88555
220,297,23.878872,37.88615
220,298,23.880623,37.88771
220,299,23.881603,37.889781
220,300,23.881373,37.893123
220,301,23.882193,37.893092
220,302,23.882412,37.893123
220,303,23.882421,37.893241
220,304,23.881872,37.893253
220,305,23.881872,37.893264
220,306,23.880971,37.894573
220,307,23.881492,37.897354
220,308,23.882892,37.898754
220,309,23.884752,37.898635
220,310,23.884752,37.898635
220,311,23.885893,37.898746
220,312,23.891623,37.900745
220,313,23.894403,37.902946
220,314,23.894644,37.903167
220,315,23.894644,37.903179
220,316,23.894733,37.90327
220,317,23.894354,37.906982
220,318,23.895045,37.911491
220,319,23.893626,37.915759
220,320,23.890594,37.920818
220,321,23.885254,37.922736
220,322,23.884954,37.927005
220,323,23.883943,37.930915
220,324,23.883555,37.933864
220,325,23.884504,37.935035
220,326,23.886784,37.933555
220,327,23.889953,37.934116
220,328,23.892013,37.938465
220,329,23.894344,37.943503
220,330,23.897055,37.948883
220,331,23.899275,37.953502
220,332,23.900315,37.955833
220,333,23.900514,37.958041
220,334,23.900514,37.959681
220,335,23.900404,37.961432
220,336,23.900675,37.962901
220,337,23.903644,37.963469
220,338,23.906644,37.964118
220,339,23.907245,37.9645
220,340,23.906225,37.96646
220,341,23.905755,37.968471
220,342,23.905266,37.971831
220,343,23.903005,37.975173
220,344,23.899145,37.977802
220,345,23.894785,37.980632
220,346,23.890264,37.983684
220,347,23.885065,37.986705
220,348,23.882626,37.987827
220,349,23.880615,37.988757
220,350,23.880766,37.989448
220,351,23.881235,37.990008
220,352,23.881275,37.990107
220,353,23.881204,37.990108
220,354,23.881155,37.990077
220,355,23.881316,37.990237
220,356,23.881435,37.990417
220,357,23.881525,37.990386
220,358,23.881454,37.989906
220,359,23.881304,37.990016
220,360,23.881655,37.990374
220,361,23.881774,37.990466
220,362,23.881874,37.990535
220,363,23.882013,37.991325
220,364,23.881402,37.993625
220,365,23.880542,37.996696
220,366,23.880163,37.999286
220,367,23.880684,38.001925
220,368,23.881554,38.002345
220,369,23.883934,38.002006
220,370,23.884795,38.002086
220,371,23.884394,38.003386
220,372,23.885933,38.003688
220,373,23.890182,38.00439
220,374,23.895643,38.003791
220,375,23.899473,38.003131
220,376,23.900892,38.002982
220,377,23.905672,38.0026
220,378,23.911201,38.002361
220,379,23.91463,37.999561
220,380,23.921051,37.997981
220,381,23.927151,37.997802
220,382,23.933031,37.998981
220,383,23.938141,38.001182
220,384,23.94119,38.002063
220,385,23.94157,38.002174
220,386,23.944951,38.003264
220,387,23.950161,38.004856
220,388,23.95512,38.006275
220,389,23.959209,38.007465
220,390,23.96418,38.008006
220,391,23.96931,38.010375
220,392,23.97397,38.012225
220,393,23.97612,38.013866
220,394,23.976321,38.014167
220,395,23.976301,38.014179
220,396,23.976292,38.014179
220,397,23.976292,38.014209
220,398,23.976292,38.014209
220,399,23.97635,38.01427
220,400,23.976391,38.014179
220,401,23.977711,38.015708
220,402,23.977291,38.015937
220,403,23.977251,38.015796
220,404,23.977242,38.015784
220,405,23.977242,38.015823
220,406,23.977701,38.016052
220,407,23.976471,38.01414
220,408,23.971611,38.010932
220,409,23.965691,38.008701
220,410,23.959702,38.00777
220,411,23.953691,38.005611
220,412,23.947401,38.004032
220,413,23.941171,38.002143
220,414,23.936232,38.000262
220,415,23.932311,37.998771
220,416,23.929783,37.998031
220,417,23.924383,37.997623
220,418,23.918194,37.998652
220,419,23.912625,38.000644
220,420,23.908154,38.002563
220,421,23.902433,38.002834
220,422,23.900673,38.003024
220,423,23.898813,38.003264
220,424,23.894252,38.004096
220,425,23.889933,38.004397
220,426,23.887601,38.004046
220,427,23.886462,38.003867
220,428,23.88586,38.003756
220,429,23.885471,38.003646
220,430,23.884812,38.003554
220,431,23.883852,38.003414
220,432,23.883732,38.003433
220,433,23.882982,38.003612
220,434,23.882131,38.003711
220,435,23.881611,38.003722
220,436,23.881111,38.003722
220,437,23.88083,38.003173
220,438,23.880732,38.001891
220,439,23.880182,37.998912
220,440,23.880703,37.996143
220,441,23.881853,37.991931
220,442,23.881393,37.99007
220,443,23.881443,37.990107
220,444,23.881424,37.990107
220,445,23.881314,37.990088
220,446,23.881233,37.990028
220,447,23.881224,37.990028
220,448,23.881433,37.990119
220,449,23.881433,37.990138
220,450,23.882094,37.990699
220,451,23.881973,37.99158
220,452,23.881264,37.994182
220,453,23.880333,37.997444
220,454,23.880422,38.000564
220,455,23.880663,38.002372
220,456,23.882082,38.002421
220,457,23.884342,38.001831
220,458,23.884792,38.001972
220,459,23.884493,38.003451
220,460,23.886593,38.003852
220,461,23.891422,38.004554
220,462,23.896442,38.003672
220,463,23.899743,38.003143
220,464,23.906063,38.002612
220,465,23.911773,38.002002
220,466,23.915634,37.999313
220,467,23.922334,37.997772
220,468,23.928996,37.997951
220,469,23.935724,37.999999
220,470,23.940473,38.00188
220,471,23.942092,38.002341
220,472,23.942473,38.002452
220,473,23.942482,38.00244
220,474,23.942883,38.002601
220,475,23.945343,38.003379
220,476,23.949403,38.00463
220,477,23.954285,38.005821
220,478,23.958675,38.007209
220,479,23.959145,38.008079
220,480,23.957674,38.009219
220,481,23.955574,38.011107
220,482,23.952534,38.012446
220,483,23.951054,38.014926
220,484,23.950665,38.017528
220,485,23.950474,38.019686
220,486,23.950264,38.022468
220,487,23.951053,38.024646
220,488,23.951523,38.026775
220,489,23.950373,38.028315
220,490,23.948553,38.029865
220,491,23.948043,38.032016
220,492,23.946992,38.033886
220,493,23.946243,38.034644
220,494,23.945704,38.035323
220,495,23.945753,38.036125
220,496,23.945463,38.036895
220,497,23.945094,38.037673
220,498,23.945022,38.038585
220,499,23.943493,38.039016
220,500,23.941193,38.039226
220,501,23.940763,38.039107
220,502,23.938944,38.038116
220,503,23.937424,38.038257
220,504,23.936424,38.038348
220,505,23.935444,38.03857
220,506,23.934414,38.03889
220,507,23.933443,38.03878
220,508,23.932053,38.038348
220,509,23.931972,38.037887
220,510,23.931022,38.037696
220,511,23.930413,38.037547
220,512,23.930332,38.037147
220,513,23.930052,38.036876
220,514,23.929682,38.036247
220,515,23.928991,38.035476
220,516,23.928171,38.034477
220,517,23.9279,38.033774
220,518,23.927289,38.033675
220,519,23.926661,38.033565
220,520,23.926072,38.033446
220,521,23.925461,38.033336
220,522,23.924951,38.033454
220,523,23.924982,38.033545
220,524,23.925272,38.033847
220,525,23.924982,38.033427
220,526,23.924982,38.033416
220,527,23.924982,38.033416
220,528,23.925121,38.033428
220,529,23.925312,38.033336
220,530,23.926262,38.033477
220,531,23.927342,38.033675
220,532,23.928152,38.033995
220,533,23.928762,38.035247
220,534,23.929372,38.036158
220,535,23.928022,38.036399
220,536,23.928282,38.037101
220,537,23.929012,38.037379
220,538,23.930091,38.037589
220,539,23.931233,38.037749
220,540,23.932062,38.038131
220,541,23.932622,38.038612
220,542,23.936003,38.038352
220,543,23.939083,38.038222
220,544,23.941464,38.039412
220,545,23.944853,38.039054
220,546,23.945083,38.037445
220,547,23.947563,38.033084
220,548,23.950143,38.028445
220,549,23.950995,38.024665
220,550,23.950513,38.019054
220,551,23.951534,38.013572
220,552,23.954935,38.011252
220,553,23.957664,38.009204
220,554,23.959454,38.007754
220,555,23.959084,38.007526
220,556,23.954994,38.006297
220,557,23.951624,38.005397
220,558,23.948645,38.004477
220,559,23.945265,38.003437
220,560,23.942215,38.002498
220,561,23.937725,38.001067
220,562,23.933584,37.999236
220,563,23.927993,37.997947
220,564,23.922393,37.997836
220,565,23.917244,37.998977
220,566,23.912554,38.000865
220,567,23.909353,38.002585
220,568,23.905363,38.002677
220,569,23.901042,38.003047
220,570,23.899813,38.003196
220,571,23.898083,38.003448
220,572,23.893982,38.004199
220,573,23.889192,38.00434
220,574,23.886861,38.003982
220,575,23.885962,38.003821
220,576,23.885462,38.003761
220,577,23.884721,38.003669
220,578,23.88445,38.003639
220,579,23.883911,38.003608
220,580,23.883412,38.003639
220,581,23.882391,38.003818
220,582,23.882002,38.003848
220,583,23.881222,38.003848
220,584,23.880842,38.003577
220,585,23.880612,38.000877
220,586,23.88071,37.996295
220,587,23.882092,37.991275
220,588,23.881382,37.990165
220,589,23.881453,37.990066
220,590,23.881302,37.990035
220,591,23.881202,37.989875
220,592,23.880503,37.989246
220,593,23.880323,37.989066
220,594,23.879364,37.989497
220,595,23.876764,37.991176
220,596,23.875185,37.992866
220,597,23.876125,37.995548
220,598,23.875155,37.996299
220,599,23.873074,37.9957
220,600,23.870384,37.99607
220,601,23.869144,37.996521
220,602,23.865644,37.998462
220,603,23.866064,37.999831
220,604,23.866705,38.00143
220,605,23.867404,38.003212
220,606,23.868136,38.004982
220,607,23.868515,38.005683
220,608,23.870004,38.005393
220,609,23.873505,38.004703
220,610,23.874384,38.004504
220,611,23.875883,38.005454
220,612,23.877003,38.005935
220,613,23.877413,38.006606
220,614,23.877903,38.007228
220,615,23.878242,38.007388
220,616,23.878252,38.007419
220,617,23.878523,38.00756
220,618,23.878541,38.007541
220,619,23.878483,38.007713
220,620,23.878483,38.007694
220,621,23.878132,38.007403
220,622,23.877512,38.006683
220,623,23.876972,38.005752
220,624,23.875541,38.005271
220,625,23.874481,38.004561
220,626,23.875881,38.004092
220,627,23.876772,38.003863
220,628,23.876951,38.002864
220,629,23.876233,38.000713
220,630,23.875501,37.99861
220,631,23.876022,37.997832
220,632,23.876102,37.994312
220,633,23.874832,37.99256
220,634,23.875272,37.992011
220,635,23.875283,37.992
220,636,23.877573,37.99052
220,637,23.880182,37.988948
220,638,23.881302,37.990028
220,639,23.881382,37.990088
220,640,23.881391,37.990127
220,641,23.882021,37.990615
220,642,23.881901,37.990577
220,643,23.881861,37.990497
220,644,23.881441,37.990196
220,645,23.881331,37.990097
220,646,23.881311,37.990066
220,647,23.881272,37.989974
220,648,23.880472,37.989154
220,649,23.879392,37.989425
220,650,23.876981,37.990966
220,651,23.874981,37.992587
220,652,23.876211,37.994376
220,653,23.875831,37.996825
220,654,23.874111,37.995265
220,655,23.870661,37.996234
220,656,23.870522,37.996173
220,657,23.869461,37.996315
220,658,23.866202,37.998164
220,659,23.862001,38.000003
220,660,23.858113,38.002372
220,661,23.857912,38.003364
220,662,23.857862,38.003905
220,663,23.857862,38.003917
220,664,23.857872,38.004287
220,665,23.857872,38.004287
220,666,23.857891,38.004645
220,667,23.857901,38.004794
220,668,23.857911,38.004943
220,669,23.85795,38.005221
220,670,23.85795,38.005221
220,671,23.857999,38.005554
220,672,23.85804,38.005694
220,673,23.85804,38.005732
220,674,23.858151,38.006152
220,675,23.85817,38.006263
220,676,23.858229,38.006522
220,677,23.858299,38.006744
220,678,23.858309,38.006755
220,679,23.858438,38.007106
220,680,23.858458,38.007117
220,681,23.858528,38.007327
220,682,23.858149,38.007678
220,683,23.856058,38.008429
220,684,23.857187,38.009658
220,685,23.855158,38.011077
220,686,23.853407,38.014548
220,687,23.851577,38.018588
220,688,23.850347,38.021228
220,689,23.850708,38.021488
220,690,23.851199,38.021586
220,691,23.852348,38.021556
220,692,23.851879,38.021648
220,693,23.85038,38.021888
220,694,23.848669,38.022079
220,695,23.847349,38.02225
220,696,23.845788,38.022472
220,697,23.844118,38.022724
220,698,23.843547,38.022533
220,699,23.845047,38.022304
220,700,23.845457,38.022242
220,701,23.845596,38.022231
220,702,23.846047,38.022121
220,703,23.846186,38.022071
220,704,23.845806,38.022182
220,705,23.845337,38.0223
220,706,23.845337,38.022288
220,707,23.845087,38.022289
220,708,23.843366,38.022597
220,709,23.844616,38.022597
220,710,23.845016,38.022518
220,711,23.845016,38.022518
220,712,23.845987,38.022407
220,713,23.847739,38.022128
220,714,23.848959,38.022037
220,715,23.850599,38.021838
220,716,23.851688,38.02164
220,717,23.852309,38.0214
220,718,23.851528,38.021517
220,719,23.850699,38.021469
220,720,23.85031,38.021159
220,721,23.851139,38.019439
220,722,23.852949,38.015449
220,723,23.854529,38.011959
220,724,23.857008,38.009818
220,725,23.858138,38.008918
220,726,23.857856,38.007728
220,727,23.860296,38.007289
220,728,23.865286,38.006309
220,729,23.867805,38.004631
220,730,23.866625,38.001288
220,731,23.865435,37.998847
220,732,23.865394,37.998538
220,733,23.869065,37.996447
220,734,23.873404,37.993796
220,735,23.878294,37.990058
220,736,23.880983,37.989657
220,737,23.881363,37.990016
220,738,23.881343,37.990035
220,739,23.881853,37.990424
220,740,23.881893,37.990523
220,741,23.881903,37.990535
220,742,23.881332,37.990104
220,743,23.881314,37.990085
220,744,23.881255,37.989955
220,745,23.880194,37.988994
220,746,23.877684,37.990505
220,747,23.875094,37.992663
220,748,23.876114,37.995582
220,749,23.876163,37.998622
220,750,23.875923,37.999462
220,751,23.876722,38.00175
220,752,23.877151,38.00328
220,753,23.876972,38.003719
220,754,23.874722,38.004287
220,755,23.875592,38.005187
220,756,23.87692,38.005588
220,757,23.87729,38.006366
220,758,23.878061,38.007278
220,759,23.878721,38.007106
220,760,23.878921,38.007304
220,761,23.87898,38.007354
220,762,23.87882,38.007163
220,763,23.87814,38.007343
220,764,23.87756,38.006775
220,765,23.87713,38.006286
220,766,23.877121,38.006316
220,767,23.877071,38.006015
220,768,23.876532,38.005714
220,769,23.874512,38.004604
220,770,23.874431,38.004505
220,771,23.877151,38.003765
220,772,23.876511,38.001876
220,773,23.875841,37.999125
220,774,23.87631,37.998446
220,775,23.876239,37.994765
220,776,23.874871,37.992454
220,777,23.87665,37.991134
220,778,23.879999,37.989043
220,779,23.88126,37.989924
220,780,23.88137,37.990184
220,781,23.88142,37.990073
220,782,23.88154,37.990234
220,783,23.88194,37.990535
220,784,23.881911,37.990573
220,785,23.881531,37.990234
220,786,23.881361,37.990115
220,787,23.881331,37.990085
220,788,23.881281,37.989967
220,789,23.880301,37.988955
220,790,23.88155,37.988246
220,791,23.885438,37.986477
220,792,23.890899,37.983237
220,793,23.895461,37.980198
220,794,23.89998,37.977287
220,795,23.903101,37.975067
220,796,23.90431,37.973704
220,797,23.90552,37.970314
220,798,23.905649,37.968703
