221,1,23.876195,37.98421
221,2,23.877056,37.983889
221,3,23.877485,37.9845
221,4,23.877815,37.985092
221,5,23.878305,37.985602
221,6,23.879635,37.985454
221,7,23.881025,37.985373
221,8,23.881505,37.985572
221,9,23.882546,37.985973
221,10,23.882995,37.987552
221,11,23.882986,37.987602
221,12,23.881506,37.988231
221,13,23.880485,37.989162
221,14,23.881216,37.989951
221,15,23.881306,37.98994
221,16,23.881346,37.990069
221,17,23.881226,37.990039
221,18,23.881497,37.990268
221,19,23.881515,37.990268
221,20,23.881585,37.990329
221,21,23.881987,37.990588
221,22,23.882026,37.991038
221,23,23.881656,37.992469
221,24,23.881176,37.994239
221,25,23.880686,37.99604
221,26,23.880235,37.997718
221,27,23.880137,37.999469
221,28,23.880645,38.001147
221,29,23.880985,38.002337
221,30,23.882405,38.002277
221,31,23.883924,38.001998
221,32,23.884865,38.001746
221,33,23.884745,38.002628
221,34,23.884594,38.003448
221,35,23.886855,38.003829
221,36,23.889864,38.004317
221,37,23.893725,38.004119
221,38,23.899044,38.003181
221,39,23.904835,38.002589
221,40,23.909455,38.002498
221,41,23.912464,38.000766
221,42,23.916814,37.999026
221,43,23.922014,37.997825
221,44,23.927383,37.997825
221,45,23.932503,37.998816
221,46,23.937183,38.000716
221,47,23.941664,38.002185
221,48,23.945673,38.003444
221,49,23.950632,38.004954
221,50,23.955211,38.006256
221,51,23.959072,38.007304
221,52,23.962912,38.007724
221,53,23.967531,38.009594
221,54,23.971991,38.010944
221,55,23.97566,38.013412
221,56,23.976681,38.01406
221,57,23.976711,38.014121
221,58,23.97693,38.014282
221,59,23.976872,38.014392
221,60,23.976471,38.013931
221,61,23.97661,38.013789
221,62,23.97661,38.013789
221,63,23.976579,38.013789
221,64,23.97665,38.013801
221,65,23.97646,38.013919
221,66,23.976849,38.0144
221,67,23.97807,38.01662
221,68,23.97991,38.018031
221,69,23.980419,38.018462
221,70,23.98148,38.020072
221,71,23.982291,38.021342
221,72,23.982749,38.022514
221,73,23.983009,38.023635
221,74,23.983229,38.024676
221,75,23.98297,38.025695
221,76,23.98248,38.026687
221,77,23.98222,38.027748
221,78,23.98274,38.028888
221,79,23.98348,38.030048
221,80,23.98438,38.031779
221,81,23.985711,38.034271
221,82,23.989509,38.037009
221,83,23.990269,38.04098
221,84,23.988829,38.044471
221,85,23.987808,38.048171
221,86,23.986008,38.052002
221,87,23.984068,38.05587
221,88,23.982477,38.059719
221,89,23.981787,38.06277
221,90,23.982006,38.065452
221,91,23.982037,38.065872
221,92,23.982067,38.066352
221,93,23.982067,38.066352
221,94,23.981898,38.066402
221,95,23.982057,38.066593
221,96,23.981937,38.065341
221,97,23.981617,38.062232
221,98,23.981626,38.062213
221,99,23.982135,38.060325
221,100,23.983477,38.057143
221,101,23.985286,38.052993
221,102,23.987658,38.048423
221,103,23.988946,38.043853
221,104,23.990196,38.039745
221,105,23.987735,38.035953
221,106,23.984356,38.032481
221,107,23.982185,38.028293
221,108,23.982956,38.023982
221,109,23.982087,38.021232
221,110,23.980467,38.018783
221,111,23.980307,38.018611
221,112,23.980276,38.018573
221,113,23.978246,38.017161
221,114,23.977026,38.014712
221,115,23.973526,38.012023
221,116,23.968826,38.010425
221,117,23.964315,38.008155
221,118,23.959655,38.007816
221,119,23.955104,38.006377
221,120,23.951164,38.005286
221,121,23.947094,38.004028
221,122,23.943513,38.002928
221,123,23.942654,38.002688
221,124,23.942654,38.002688
221,125,23.942264,38.00257
221,126,23.942255,38.002551
221,127,23.942075,38.002513
221,128,23.942075,38.002513
221,129,23.939655,38.001785
221,130,23.935656,38.000034
221,131,23.931175,37.998454
221,132,23.925655,37.997814
221,133,23.920506,37.998214
221,134,23.916895,37.999125
221,135,23.913605,37.999984
221,136,23.910614,38.002604
221,137,23.905615,38.002723
221,138,23.899955,38.003242
221,139,23.894475,38.004203
221,140,23.889175,38.004413
221,141,23.884815,38.003742
221,142,23.881796,38.003882
221,143,23.880744,38.003383
221,144,23.880665,38.002391
221,145,23.880104,37.999023
221,146,23.881245,37.994064
221,147,23.881994,37.990695
221,148,23.881605,37.990436
221,149,23.881285,37.990215
221,150,23.881424,37.990146
221,151,23.881303,37.990085
221,152,23.881224,37.990047
221,153,23.881174,37.990059
221,154,23.881143,37.989997
221,155,23.880943,37.989768
221,156,23.880523,37.989287
221,157,23.879724,37.989249
221,158,23.878114,37.99021
221,159,23.875974,37.991672
221,160,23.875265,37.993003
221,161,23.876125,37.994232
221,162,23.876085,37.99562
221,163,23.875195,37.99694
221,164,23.875525,37.998408
221,165,23.875965,37.99987
221,166,23.876555,38.001498
221,167,23.876425,38.001949
221,168,23.875534,38.00217
221,169,23.875725,38.003028
221,170,23.876005,38.003867
221,171,23.875166,38.004127
221,172,23.874795,38.004638
221,173,23.875715,38.005259
221,174,23.876776,38.005538
221,175,23.876875,38.005557
221,176,23.877285,38.005477
221,177,23.877424,38.005546
221,178,23.876354,38.005718
221,179,23.874985,38.004977
221,180,23.873674,38.004787
221,181,23.871935,38.005226
221,182,23.868305,38.005874
221,183,23.866714,38.006153
221,184,23.863504,38.006793
221,185,23.861413,38.007201
221,186,23.859653,38.007453
221,187,23.859423,38.007483
221,188,23.857573,38.007762
221,189,23.856642,38.006984
221,190,23.855071,38.006434
221,191,23.856043,38.005324
221,192,23.856173,38.003672
221,193,23.857073,38.002791
221,194,23.857153,38.002791
221,195,23.857153,38.002761
221,196,23.858312,38.002201
221,197,23.862103,37.999942
221,198,23.865933,37.998264
221,199,23.869241,37.996352
221,200,23.870192,37.995983
221,201,23.873171,37.994231
221,202,23.876331,37.991351
221,203,23.879992,37.989051
221,204,23.880291,37.98909
221,205,23.880301,37.9891
221,206,23.88121,37.98997
221,207,23.881571,37.99036
221,208,23.88196,37.990611
221,209,23.88184,37.990622
221,210,23.88184,37.990562
221,211,23.881309,37.99002
221,212,23.881199,37.990081
221,213,23.881249,37.990032
221,214,23.881388,37.98986
221,215,23.881288,37.989779
221,216,23.88127,37.989799
221,217,23.880391,37.989039
221,218,23.879681,37.989261
221,219,23.877751,37.99047
221,220,23.87564,37.991939
221,221,23.87541,37.993148
221,222,23.876169,37.994239
221,223,23.876129,37.995677
221,224,23.875659,37.996825
221,225,23.875299,37.997764
221,226,23.8757,37.999004
221,227,23.876231,38.000472
221,228,23.876939,38.001743
221,229,23.876039,38.002021
221,230,23.87563,38.00238
221,231,23.875849,38.00326
221,232,23.876009,38.00381
221,233,23.875569,38.003982
221,234,23.874547,38.004371
221,235,23.875198,38.004889
221,236,23.876089,38.005481
221,237,23.876909,38.005622
221,238,23.877099,38.006091
221,239,23.877411,38.006511
221,240,23.877751,38.006961
221,241,23.877991,38.007263
221,242,23.877911,38.007354
221,243,23.877871,38.007335
221,244,23.877861,38.007335
221,245,23.878092,38.007373
221,246,23.878372,38.007633
221,247,23.878422,38.007621
221,248,23.878552,38.007609
221,249,23.878703,38.007251
221,250,23.879002,38.007393
221,251,23.87902,38.007403
221,252,23.878931,38.007434
221,253,23.87903,38.007403
221,254,23.879419,38.007743
221,255,23.879389,38.007652
221,256,23.878908,38.007232
221,257,23.878058,38.007301
221,258,23.877357,38.006443
221,259,23.876688,38.005771
221,260,23.875248,38.00508
221,261,23.874538,38.00463
221,262,23.875518,38.00423
221,263,23.87711,38.003879
221,264,23.878299,38.003868
221,265,23.878799,38.003848
221,266,23.879869,38.00381
221,267,23.880819,38.00357
221,268,23.880659,38.001258
221,269,23.880378,37.997447
221,270,23.881659,37.992797
221,271,23.882208,37.990836
221,272,23.882008,37.990566
221,273,23.881508,37.990165
221,274,23.881379,37.990127
221,275,23.881498,37.990126
221,276,23.881379,37.990047
221,277,23.881338,37.990085
221,278,23.881329,37.990047
221,279,23.881258,37.989806
221,280,23.881248,37.989844
221,281,23.880468,37.989143
221,282,23.879799,37.989261
221,283,23.877949,37.990409
221,284,23.875809,37.991847
221,285,23.87534,37.993087
221,286,23.87608,37.994105
221,287,23.876179,37.995387
221,288,23.875559,37.996879
221,289,23.875328,37.99768
221,290,23.875797,37.998908
221,291,23.876288,38.00048
221,292,23.876848,38.001781
221,293,23.876197,38.002051
221,294,23.875609,38.002521
221,295,23.87588,38.003371
221,296,23.876079,38.003913
221,297,23.875558,38.004092
221,298,23.874529,38.004474
221,299,23.874978,38.004794
221,300,23.87583,38.005336
221,301,23.87681,38.005557
221,302,23.877161,38.006198
221,303,23.87767,38.006839
221,304,23.8782,38.007357
221,305,23.878811,38.00716
221,306,23.87895,38.007319
221,307,23.879,38.007331
221,308,23.8789,38.007392
221,309,23.879382,38.0078
221,310,23.879292,38.007709
221,311,23.879292,38.007709
221,312,23.878751,38.00729
221,313,23.877781,38.007117
221,314,23.87709,38.006099
221,315,23.87623,38.00571
221,316,23.874861,38.004902
221,317,23.874441,38.004592
221,318,23.875542,38.004203
221,319,23.877303,38.003863
221,320,23.879022,38.003863
221,321,23.880003,38.003852
221,322,23.880713,38.003833
221,323,23.880642,38.001785
221,324,23.880232,37.997775
221,325,23.881462,37.993274
221,326,23.881922,37.990653
221,327,23.881292,37.990085
221,328,23.881363,37.990146
221,329,23.881433,37.990157
221,330,23.881433,37.990146
221,331,23.881214,37.990264
221,332,23.881214,37.990314
