222,1,23.876985,37.983909
222,2,23.877525,37.98458
222,3,23.878055,37.985518
222,4,23.879416,37.9855
222,5,23.881345,37.985401
222,6,23.882505,37.985732
222,7,23.882925,37.987113
222,8,23.883015,37.987563
222,9,23.882515,37.987804
222,10,23.880276,37.988945
222,11,23.881247,37.989844
222,12,23.881247,37.989864
222,13,23.881237,37.989883
222,14,23.881166,37.989944
222,15,23.881166,37.989913
222,16,23.880497,37.989193
222,17,23.880267,37.988982
222,18,23.880457,37.988784
222,19,23.882986,37.987663
222,20,23.882795,37.986522
222,21,23.882016,37.985602
222,22,23.880736,37.985492
222,23,23.879276,37.985602
222,24,23.878126,37.985503
222,25,23.877685,37.984752
222,26,23.877196,37.983943
222,27,23.876225,37.984275
222,28,23.876125,37.984245
222,29,23.876106,37.984355
