223,1,23.877002,37.983879
223,2,23.877453,37.984478
223,3,23.877822,37.985099
223,4,23.878452,37.985538
223,5,23.880062,37.985527
223,6,23.881293,37.985385
223,7,23.882432,37.985576
223,8,23.882833,37.987026
223,9,23.882433,37.987796
223,10,23.880234,37.988876
223,11,23.881184,37.989974
223,12,23.881264,37.989963
223,13,23.881402,37.990184
223,14,23.881872,37.990592
223,15,23.881841,37.990562
223,16,23.881351,37.990161
223,17,23.881311,37.990112
223,18,23.881302,37.990112
223,19,23.880682,37.989433
223,20,23.879933,37.989192
223,21,23.878462,37.990074
223,22,23.876411,37.991405
223,23,23.874592,37.992194
223,24,23.873142,37.990344
223,25,23.871992,37.989883
223,26,23.870071,37.990833
223,27,23.871382,37.992221
223,28,23.871462,37.994392
223,29,23.870321,37.995761
223,30,23.870321,37.995761
223,31,23.870322,37.995971
223,32,23.868251,37.997032
223,33,23.865162,37.998672
223,34,23.861612,38.000122
223,35,23.858612,38.002032
223,36,23.857921,38.003562
223,37,23.857971,38.004901
223,38,23.858012,38.00513
223,39,23.858061,38.005409
223,40,23.858061,38.005428
223,41,23.858181,38.005859
223,42,23.858181,38.005859
223,43,23.858261,38.006198
223,44,23.85828,38.006278
223,45,23.85832,38.006358
223,46,23.858459,38.00682
223,47,23.858459,38.00682
223,48,23.858549,38.007129
223,49,23.85853,38.007179
223,50,23.858489,38.00719
223,51,23.85832,38.007541
223,52,23.85672,38.008029
223,53,23.85453,38.008738
223,54,23.851671,38.009307
223,55,23.849392,38.009715
223,56,23.847641,38.009994
223,57,23.84699,38.010104
223,58,23.84569,38.010314
223,59,23.84441,38.010494
223,60,23.843019,38.010665
223,61,23.840318,38.011016
223,62,23.837679,38.012095
223,63,23.834349,38.013156
223,64,23.830349,38.013965
223,65,23.827139,38.014076
223,66,23.82494,38.013984
223,67,23.823549,38.013953
223,68,23.823028,38.013953
223,69,23.820959,38.013884
223,70,23.818619,38.014506
223,71,23.818079,38.014655
223,72,23.816599,38.015174
223,73,23.81659,38.015144
223,74,23.816269,38.015261
223,75,23.816109,38.015331
223,76,23.8156,38.015632
223,77,23.81538,38.015731
223,78,23.815189,38.015822
223,79,23.81489,38.015952
223,80,23.81427,38.016223
223,81,23.813841,38.016395
223,82,23.81361,38.016475
223,83,23.81344,38.016513
223,84,23.81212,38.017055
223,85,23.81094,38.017535
223,86,23.810551,38.017684
223,87,23.810551,38.017684
223,88,23.810501,38.017715
223,89,23.809061,38.018283
223,90,23.8078,38.018783
223,91,23.807791,38.018802
223,92,23.80764,38.018852
223,93,23.805179,38.0186
223,94,23.80175,38.017898
223,95,23.80106,38.017787
223,96,23.800379,38.017726
223,97,23.797598,38.017528
223,98,23.795556,38.018458
223,99,23.794126,38.020358
223,100,23.793546,38.021136
223,101,23.793457,38.021236
223,102,23.791887,38.022544
223,103,23.790428,38.023383
223,104,23.789658,38.023784
223,105,23.787378,38.025332
223,106,23.784618,38.027072
223,107,23.782879,38.028064
223,108,23.781549,38.028835
223,109,23.780159,38.029586
223,110,23.779449,38.029865
223,111,23.779439,38.029834
223,112,23.77951,38.029735
223,113,23.77985,38.029544
223,114,23.779631,38.029353
223,115,23.779451,38.029315
223,116,23.779522,38.029303
223,117,23.778973,38.029235
223,118,23.778121,38.029303
223,119,23.779223,38.029804
223,120,23.779223,38.029792
223,121,23.779573,38.029662
223,122,23.779823,38.02949
223,123,23.780243,38.02927
223,124,23.780453,38.029151
223,125,23.780903,38.028862
223,126,23.781322,38.028571
223,127,23.781483,38.02848
223,128,23.782003,38.028171
223,129,23.782894,38.027683
223,130,23.784285,38.026832
223,131,23.784775,38.026591
223,132,23.785965,38.025862
223,133,23.787405,38.025054
223,134,23.787704,38.024844
223,135,23.789295,38.023895
223,136,23.790645,38.023154
223,137,23.791787,38.022506
223,138,23.793445,38.020965
223,139,23.795036,38.018676
223,140,23.795336,38.018306
223,141,23.796055,38.017787
223,142,23.796314,38.017639
223,143,23.796544,38.017539
223,144,23.796644,38.017478
223,145,23.796674,38.017478
223,146,23.797374,38.01733
223,147,23.798294,38.01728
223,148,23.798325,38.01728
223,149,23.798543,38.017291
223,150,23.799145,38.017352
223,151,23.799154,38.017341
223,152,23.799583,38.01739
223,153,23.800663,38.017532
223,154,23.801853,38.017672
223,155,23.802014,38.017692
223,156,23.802093,38.017711
223,157,23.802313,38.017772
223,158,23.804153,38.018161
223,159,23.804412,38.018253
223,160,23.804663,38.018291
223,161,23.804923,38.018352
223,162,23.805011,38.018371
223,163,23.805502,38.018482
223,164,23.806602,38.01871
223,165,23.807842,38.018501
223,166,23.811392,38.017112
223,167,23.812931,38.016543
223,168,23.815431,38.015494
223,169,23.817411,38.014594
223,170,23.819132,38.014064
223,171,23.819151,38.014064
223,172,23.819441,38.013984
223,173,23.819601,38.013935
223,174,23.81962,38.013945
223,175,23.821039,38.013645
223,176,23.824598,38.013793
223,177,23.829949,38.013862
223,178,23.833588,38.013171
223,179,23.837439,38.012031
223,180,23.841858,38.01073
223,181,23.846548,38.010132
223,182,23.851978,38.009193
223,183,23.854907,38.008144
223,184,23.855068,38.006793
223,185,23.855749,38.005874
223,186,23.85639,38.005096
223,187,23.856119,38.003635
223,188,23.856109,38.003444
223,189,23.85677,38.002876
223,190,23.85676,38.002857
223,191,23.857099,38.002757
223,192,23.85755,38.002548
223,193,23.860331,38.000847
223,194,23.864102,37.999157
223,195,23.867912,37.997165
223,196,23.871563,37.995544
223,197,23.874033,37.992862
223,198,23.877604,37.990481
223,199,23.880083,37.98899
223,200,23.880833,37.989559
223,201,23.881243,37.990008
223,202,23.881184,37.990047
223,203,23.881893,37.990535
223,204,23.882103,37.990905
223,205,23.881933,37.991565
223,206,23.881723,37.992374
223,207,23.881403,37.993521
223,208,23.881033,37.994884
223,209,23.880564,37.996554
223,210,23.880184,37.998233
223,211,23.880335,38.000041
223,212,23.880696,38.001831
223,213,23.881096,38.002391
223,214,23.882116,38.002322
223,215,23.883587,38.002181
223,216,23.884817,38.00162
223,217,23.884707,38.00217
223,218,23.884577,38.00286
223,219,23.884586,38.003451
223,220,23.886067,38.003703
223,221,23.888675,38.004123
223,222,23.891626,38.004455
223,223,23.893377,38.004146
223,224,23.893387,38.004146
223,225,23.893717,38.004245
223,226,23.893317,38.004374
223,227,23.892907,38.004455
223,228,23.892706,38.004515
223,229,23.892885,38.004406
223,230,23.890646,38.004604
223,231,23.887366,38.004085
223,232,23.885925,38.003845
223,233,23.885065,38.003684
223,234,23.884526,38.003566
223,235,23.883646,38.003467
223,236,23.883177,38.003566
223,237,23.882066,38.003696
223,238,23.881176,38.003715
223,239,23.880906,38.003715
223,240,23.880745,38.002463
223,241,23.880525,38.000743
223,242,23.880315,37.997642
223,243,23.881497,37.993171
223,244,23.881916,37.990592
223,245,23.881356,37.990131
223,246,23.881325,37.990142
223,247,23.881044,37.98984
223,248,23.881184,37.989982
223,249,23.881224,37.99005
223,250,23.881283,37.990069
223,251,23.881332,37.990008
223,252,23.881483,37.990199
223,253,23.881773,37.990508
223,254,23.881832,37.990497
223,255,23.881703,37.990379
223,256,23.881233,37.989989
223,257,23.881214,37.989989
223,258,23.881134,37.989898
223,259,23.880214,37.989066
223,260,23.878854,37.989818
223,261,23.876644,37.991248
223,262,23.874865,37.992427
223,263,23.873905,37.991359
223,264,23.872415,37.989818
223,265,23.870004,37.990588
223,266,23.870714,37.991607
223,267,23.872204,37.993568
223,268,23.870233,37.995628
223,269,23.870283,37.995788
223,270,23.870283,37.995788
223,271,23.870123,37.996028
223,272,23.867883,37.997229
223,273,23.865404,37.99855
223,274,23.863483,37.999431
223,275,23.860603,38.00075
223,276,23.858824,38.00196
223,277,23.857914,38.003051
223,278,23.857954,38.00531
223,279,23.858225,38.00629
223,280,23.858336,38.006599
223,281,23.858345,38.00661
223,282,23.858395,38.006801
223,283,23.858444,38.006942
223,284,23.858444,38.006942
223,285,23.858573,38.007324
223,286,23.858584,38.007404
223,287,23.857794,38.007674
223,288,23.856314,38.008204
223,289,23.853943,38.008906
223,290,23.851113,38.009437
223,291,23.848371,38.009918
223,292,23.846213,38.010257
223,293,23.844642,38.010508
223,294,23.842993,38.010699
223,295,23.839842,38.01118
223,296,23.836983,38.012481
223,297,23.836063,38.01282
223,298,23.834473,38.013171
223,299,23.834242,38.013221
223,300,23.834182,38.013221
223,301,23.833223,38.013419
223,302,23.832622,38.013537
223,303,23.831803,38.013709
223,304,23.830982,38.0139
223,305,23.830073,38.014011
223,306,23.829431,38.014029
223,307,23.828902,38.01403
223,308,23.827711,38.01406
223,309,23.82764,38.01406
223,310,23.827151,38.01406
223,311,23.825861,38.013999
223,312,23.825441,38.01398
223,313,23.824772,38.01395
223,314,23.823291,38.013949
223,315,23.822511,38.013858
223,316,23.822511,38.013778
223,317,23.820812,38.013698
223,318,23.818012,38.01305
223,319,23.815782,38.012427
223,320,23.814213,38.012088
223,321,23.812113,38.011588
223,322,23.809193,38.010799
223,323,23.807182,38.009849
223,324,23.805922,38.00925
223,325,23.80495,38.008788
223,326,23.804821,38.008689
223,327,23.803011,38.007999
223,328,23.802151,38.007667
223,329,23.800951,38.007316
223,330,23.798701,38.006835
223,331,23.79817,38.006607
223,332,23.79744,38.006336
223,333,23.79735,38.006336
223,334,23.797029,38.006217
223,335,23.79612,38.005896
223,336,23.7957,38.005668
223,337,23.794809,38.004977
223,338,23.794319,38.004646
223,339,23.793779,38.004306
223,340,23.793258,38.003906
223,341,23.792898,38.003604
223,342,23.792378,38.003143
223,343,23.791937,38.002735
223,344,23.791727,38.002574
223,345,23.790617,38.002143
223,346,23.788897,38.001594
223,347,23.787885,38.001274
223,348,23.787296,38.001033
223,349,23.786636,38.000632
223,350,23.785955,38.000232
223,351,23.785237,37.999812
223,352,23.784857,37.999541
223,353,23.784616,37.999362
223,354,23.784216,37.999042
223,355,23.783457,37.99842
223,356,23.782547,37.997699
223,357,23.782176,37.99744
223,358,23.780376,37.996238
223,359,23.777527,37.994449
223,360,23.773506,37.992057
223,361,23.771666,37.990947
223,362,23.770275,37.989917
223,363,23.768405,37.988746
223,364,23.768066,37.988635
223,365,23.767517,37.988303
223,366,23.767027,37.987883
223,367,23.766268,37.987323
223,368,23.766147,37.987323
223,369,23.764868,37.986652
223,370,23.764467,37.986522
223,371,23.764257,37.986251
223,372,23.762827,37.985881
223,373,23.761167,37.985233
223,374,23.759968,37.984874
223,375,23.758879,37.983954
223,376,23.756639,37.982616
223,377,23.75638,37.982467
223,378,23.755159,37.981185
223,379,23.75293,37.979026
223,380,23.752319,37.978484
223,381,23.750348,37.977023
223,382,23.747969,37.975383
223,383,23.745029,37.973384
223,384,23.742329,37.971522
223,385,23.741687,37.971114
223,386,23.740417,37.970226
223,387,23.738267,37.969085
223,388,23.736087,37.968066
223,389,23.733787,37.967308
223,390,23.733738,37.967296
223,391,23.732239,37.967018
223,392,23.729818,37.965579
223,393,23.727438,37.964748
223,394,23.727219,37.964607
223,395,23.725849,37.963046
223,396,23.725439,37.962665
223,397,23.723969,37.961555
223,398,23.721079,37.961173
223,399,23.720838,37.960033
223,400,23.71901,37.958633
223,401,23.718118,37.958091
223,402,23.717518,37.957481
223,403,23.716778,37.956939
223,404,23.716137,37.956451
223,405,23.715797,37.956229
223,406,23.715698,37.956229
223,407,23.714807,37.955589
223,408,23.714207,37.95602
223,409,23.714296,37.956298
223,410,23.714786,37.956706
223,411,23.715137,37.957057
223,412,23.715566,37.957446
223,413,23.715786,37.957336
223,414,23.716175,37.957275
223,415,23.716134,37.957084
223,416,23.716295,37.957004
223,417,23.716116,37.956672
223,418,23.715727,37.956271
223,419,23.714928,37.955543
223,420,23.714367,37.955764
223,421,23.713216,37.955543
223,422,23.712905,37.955223
223,423,23.712496,37.954574
223,424,23.713785,37.953723
223,425,23.713755,37.953704
223,426,23.714316,37.953772
223,427,23.715416,37.954474
223,428,23.715317,37.955074
223,429,23.715376,37.955715
223,430,23.717706,37.957473
223,431,23.720847,37.959922
223,432,23.723596,37.961383
223,433,23.724056,37.961562
223,434,23.724456,37.961803
223,435,23.724537,37.961803
223,436,23.725067,37.962234
223,437,23.725116,37.962195
223,438,23.725927,37.962764
223,439,23.728116,37.964804
223,440,23.731746,37.966495
223,441,23.732546,37.966925
223,442,23.733106,37.967018
223,443,23.735147,37.967708
223,444,23.737137,37.968108
223,445,23.737517,37.96828
223,446,23.740196,37.969982
223,447,23.743045,37.971851
223,448,23.745735,37.97372
223,449,23.748004,37.97528
223,450,23.748884,37.97586
223,451,23.748894,37.97586
223,452,23.749433,37.976241
223,453,23.751383,37.97763
223,454,23.753113,37.97906
223,455,23.755143,37.980991
223,456,23.757033,37.982692
223,457,23.757732,37.983073
223,458,23.760733,37.984985
223,459,23.762382,37.985564
223,460,23.762993,37.985836
223,461,23.762993,37.985855
223,462,23.763092,37.985923
223,463,23.765022,37.985972
223,464,23.765491,37.986343
223,465,23.766762,37.987453
223,466,23.768142,37.988735
223,467,23.770243,37.990055
223,468,23.773672,37.991935
223,469,23.777493,37.994216
223,470,23.777903,37.994537
223,471,23.778473,37.994937
223,472,23.779854,37.995715
223,473,23.780473,37.996116
223,474,23.780804,37.996314
223,475,23.782133,37.997264
223,476,23.784482,37.999126
223,477,23.785494,37.999877
223,478,23.786212,38.000297
223,479,23.786842,38.000648
223,480,23.787283,38.000846
223,481,23.789143,38.001536
223,482,23.791223,38.002208
223,483,23.792003,38.002719
223,484,23.792013,38.002738
223,485,23.793253,38.003677
223,486,23.794413,38.004588
223,487,23.796192,38.005737
223,488,23.799381,38.006828
223,489,23.80154,38.007327
223,490,23.80169,38.007389
223,491,23.804472,38.008418
223,492,23.808792,38.010459
223,493,23.812422,38.011489
223,494,23.816602,38.012481
223,495,23.820793,38.013572
223,496,23.825532,38.013812
223,497,23.831312,38.013671
223,498,23.835271,38.01284
223,499,23.838531,38.011557
223,500,23.83982,38.011077
223,501,23.840941,38.010887
223,502,23.84241,38.010726
223,503,23.845621,38.010345
223,504,23.850752,38.009456
223,505,23.853571,38.008975
223,506,23.854952,38.008117
223,507,23.855072,38.006526
223,508,23.855741,38.005378
223,509,23.856302,38.004238
223,510,23.857141,38.002856
223,511,23.860571,38.000766
223,512,23.864499,37.999045
223,513,23.868759,37.996707
223,514,23.873359,37.994006
223,515,23.87459,37.992568
223,516,23.87631,37.991408
223,517,23.880131,37.989028
223,518,23.881111,37.989806
223,519,23.881571,37.990348
223,520,23.88171,37.990268
223,521,23.88179,37.990348
223,522,23.88154,37.990126
223,523,23.88151,37.990047
223,524,23.88147,37.990058
223,525,23.88134,37.990028
223,526,23.881451,37.989848
223,527,23.88157,37.989788
223,528,23.881831,37.990096
223,529,23.88187,37.990214
223,530,23.88211,37.990466
223,531,23.882181,37.990955
223,532,23.881771,37.992484
223,533,23.881171,37.994655
223,534,23.88056,37.996856
223,535,23.88023,37.999106
223,536,23.88065,38.001327
223,537,23.881198,38.002319
223,538,23.882499,38.002288
223,539,23.884069,38.001957
223,540,23.884929,38.001796
223,541,23.88469,38.002906
223,542,23.885479,38.003608
223,543,23.888469,38.004058
223,544,23.891969,38.004416
223,545,23.896679,38.003596
223,546,23.900419,38.002997
223,547,23.904789,38.002547
223,548,23.909439,38.002456
223,549,23.912239,38.001335
223,550,23.9124,38.001185
223,551,23.912369,38.001407
223,552,23.912779,38.000328
223,553,23.912588,38.000789
223,554,23.910088,38.002559
223,555,23.905107,38.002669
223,556,23.901997,38.002921
223,557,23.901327,38.002983
223,558,23.900258,38.003101
223,559,23.897737,38.003482
223,560,23.893708,38.004211
223,561,23.892687,38.00439
223,562,23.892327,38.004458
223,563,23.891966,38.004527
223,564,23.891306,38.004588
223,565,23.891167,38.004588
223,566,23.890106,38.004428
223,567,23.889786,38.00439
223,568,23.888746,38.004192
223,569,23.887886,38.004073
223,570,23.886446,38.003833
223,571,23.886286,38.003822
223,572,23.885805,38.00373
223,573,23.885586,38.003692
223,574,23.885436,38.003692
223,575,23.885176,38.003673
223,576,23.884996,38.003654
223,577,23.884777,38.003623
223,578,23.884586,38.003352
223,579,23.884867,38.001883
223,580,23.884007,38.001704
223,581,23.882987,38.001613
223,582,23.882446,38.001064
223,583,23.882465,37.999293
223,584,23.880285,37.999175
223,585,23.880286,37.997634
223,586,23.881534,37.993094
223,587,23.881935,37.990505
223,588,23.881445,37.989943
223,589,23.881315,37.989955
223,590,23.881146,37.989784
223,591,23.880945,37.989635
223,592,23.880295,37.989025
223,593,23.879484,37.989375
223,594,23.877955,37.990345
223,595,23.876135,37.991553
223,596,23.874624,37.992255
223,597,23.873205,37.990424
223,598,23.872005,37.989913
223,599,23.870195,37.990973
223,600,23.871835,37.992732
223,601,23.870636,37.994872
223,602,23.870325,37.995784
223,603,23.870325,37.995803
223,604,23.869645,37.996235
223,605,23.867143,37.997665
223,606,23.863893,37.999317
223,607,23.860705,38.000697
223,608,23.858444,38.002189
223,609,23.857923,38.003208
223,610,23.858003,38.005447
223,611,23.858204,38.006278
223,612,23.858204,38.006298
223,613,23.858333,38.006705
223,614,23.858343,38.006717
223,615,23.858414,38.006896
223,616,23.858525,38.007235
223,617,23.858534,38.007235
223,618,23.858914,38.007457
223,619,23.860464,38.007277
223,620,23.860464,38.007267
223,621,23.860615,38.007426
223,622,23.860835,38.008556
223,623,23.861065,38.009826
223,624,23.861164,38.010807
223,625,23.861214,38.011725
223,626,23.860274,38.013057
223,627,23.860384,38.014778
223,628,23.860325,38.017028
223,629,23.860464,38.019279
223,630,23.860294,38.020878
223,631,23.859875,38.022635
223,632,23.859634,38.023807
223,633,23.858884,38.024077
223,634,23.855524,38.024768
223,635,23.852484,38.0256
223,636,23.850523,38.026222
223,637,23.850514,38.026241
223,638,23.848944,38.026752
223,639,23.846064,38.02814
223,640,23.844173,38.028843
223,641,23.843032,38.027244
223,642,23.840924,38.028175
223,643,23.838922,38.029064
223,644,23.838352,38.029303
223,645,23.838082,38.029422
223,646,23.838082,38.029422
223,647,23.837671,38.029594
223,648,23.837671,38.029582
223,649,23.837311,38.029724
223,650,23.836641,38.028923
223,651,23.836521,38.028781
223,652,23.83592,38.027961
223,653,23.835201,38.02721
223,654,23.83452,38.026561
223,655,23.834011,38.026073
223,656,23.833071,38.024791
223,657,23.83259,38.02531
223,658,23.83186,38.025561
223,659,23.830999,38.025993
223,660,23.83057,38.026222
223,661,23.82316,38.032672
223,662,23.82275,38.033011
223,663,23.82254,38.033191
223,664,23.82266,38.03289
223,665,23.822891,38.032409
223,666,23.822962,38.03213
223,667,23.831091,38.025661
223,668,23.83234,38.025222
223,669,23.83287,38.024711
223,670,23.833512,38.025172
223,671,23.834331,38.026241
223,672,23.835722,38.027652
223,673,23.836302,38.028392
223,674,23.837751,38.027873
223,675,23.839651,38.027152
223,676,23.842321,38.025962
223,677,23.84374,38.026072
223,678,23.84707,38.025252
223,679,23.848992,38.024482
223,680,23.847472,38.02175
223,681,23.848372,38.02064
223,682,23.85065,38.02058
223,683,23.851731,38.018138
223,684,23.85279,38.015808
223,685,23.854351,38.012336
223,686,23.855452,38.009955
223,687,23.855122,38.008544
223,688,23.855242,38.007354
223,689,23.855892,38.006023
223,690,23.856422,38.004932
223,691,23.856422,38.003181
223,692,23.859703,38.00138
223,693,23.863903,37.99929
223,694,23.868103,37.997119
223,695,23.871992,37.995387
223,696,23.874322,37.992728
223,697,23.879143,37.989547
223,698,23.880894,37.989627
223,699,23.881344,37.990138
223,700,23.881424,37.990089
223,701,23.881495,37.99007
223,702,23.880625,37.989212
223,703,23.880465,37.989063
223,704,23.880145,37.9891
223,705,23.879873,37.98915
223,706,23.879823,37.989219
223,707,23.879793,37.989318
223,708,23.879633,37.98912
223,709,23.879574,37.989039
223,710,23.879654,37.989219
223,711,23.880413,37.9892
223,712,23.880943,37.989688
223,713,23.880943,37.989688
223,714,23.881283,37.99015
223,715,23.881323,37.990088
223,716,23.881782,37.990558
223,717,23.881872,37.990668
223,718,23.881823,37.990779
223,719,23.881323,37.990249
223,720,23.881362,37.99023
223,721,23.881304,37.99002
223,722,23.880493,37.9892
223,723,23.879553,37.989521
223,724,23.876963,37.991141
223,725,23.874912,37.992461
223,726,23.873592,37.990821
223,727,23.871292,37.98999
223,728,23.870402,37.99113
223,729,23.87227,37.993479
223,730,23.87034,37.995738
223,731,23.87034,37.995768
223,732,23.869671,37.996189
223,733,23.866531,37.997959
223,734,23.862321,37.999809
223,735,23.858471,38.002121
223,736,23.857891,38.003929
223,737,23.858431,38.006789
223,738,23.85877,38.007461
223,739,23.86047,38.007232
223,740,23.86047,38.007212
223,741,23.86058,38.007385
223,742,23.86057,38.007346
223,743,23.859961,38.007358
223,744,23.85759,38.007739
223,745,23.856409,38.008201
223,746,23.856819,38.00914
223,747,23.858938,38.010398
223,748,23.860178,38.01223
223,749,23.860437,38.014918
223,750,23.860557,38.018348
223,751,23.860517,38.019657
223,752,23.860447,38.020156
223,753,23.860107,38.022106
223,754,23.859247,38.023975
223,755,23.855887,38.024695
223,756,23.852207,38.025615
223,757,23.850696,38.026103
223,758,23.849587,38.026473
223,759,23.846546,38.027793
223,760,23.844307,38.028915
223,761,23.843247,38.027144
223,762,23.840996,38.028075
223,763,23.838045,38.029357
223,764,23.837435,38.029636
223,765,23.837416,38.029647
223,766,23.836906,38.029117
223,767,23.835846,38.027706
223,768,23.834656,38.026503
223,769,23.833696,38.025264
223,770,23.832726,38.025184
223,771,23.831646,38.025615
223,772,23.830456,38.026263
223,773,23.822996,38.032412
223,774,23.823205,38.032611
223,775,23.822866,38.03295
223,776,23.822596,38.03318
223,777,23.822596,38.03318
223,778,23.822626,38.033141
223,779,23.822675,38.03313
223,780,23.822265,38.033671
223,781,23.822786,38.03321
223,782,23.823317,38.032802
223,783,23.823126,38.032451
223,784,23.822826,38.032432
223,785,23.822506,38.032691
223,786,23.822406,38.032752
223,787,23.822496,38.032672
223,788,23.822477,38.032733
223,789,23.822616,38.032664
223,790,23.822496,38.032744
223,791,23.822527,38.032725
223,792,23.822527,38.032725
223,793,23.822598,38.032645
223,794,23.822887,38.032355
223,795,23.822838,38.032344
223,796,23.822878,38.032253
223,797,23.831898,38.025382
223,798,23.832829,38.024814
223,799,23.833679,38.025474
223,800,23.834539,38.026492
223,801,23.835551,38.027461
223,802,23.83711,38.028239
223,803,23.83898,38.027549
223,804,23.841721,38.026217
223,805,23.843121,38.026409
223,806,23.84579,38.025348
223,807,23.84888,38.024887
223,808,23.849112,38.024688
223,809,23.847891,38.022308
223,810,23.846031,38.019477
223,811,23.844601,38.016707
223,812,23.8437,38.013927
223,813,23.84377,38.011367
223,814,23.84733,38.010139
223,815,23.853651,38.009047
223,816,23.855051,38.007567
223,817,23.855711,38.006259
223,818,23.856531,38.00524
223,819,23.856512,38.003329
223,820,23.857962,38.002521
223,821,23.861073,38.000541
223,822,23.865303,37.998741
223,823,23.869663,37.99628
223,824,23.870113,37.996108
223,825,23.872874,37.994827
223,826,23.876623,37.991287
223,827,23.880383,37.989116
223,828,23.881353,37.990127
223,829,23.881393,37.990107
223,830,23.881254,37.990336
223,831,23.881294,37.990435
223,832,23.881454,37.990326
223,833,23.880394,37.989154
223,834,23.881804,37.988303
223,835,23.883033,37.987323
223,836,23.882645,37.985954
223,837,23.881476,37.985564
223,838,23.880134,37.985675
223,839,23.878404,37.985775
223,840,23.877864,37.985103
223,841,23.877464,37.984363
223,842,23.876534,37.984252
223,843,23.876074,37.984222
223,844,23.875994,37.984302
