224,1,23.876031,37.984271
224,2,23.877043,37.98392
224,3,23.877382,37.984359
224,4,23.877662,37.98487
224,5,23.878091,37.985598
224,6,23.879692,37.985458
224,7,23.881342,37.985396
224,8,23.882381,37.985526
224,9,23.882672,37.986217
224,10,23.882983,37.987567
224,11,23.882802,37.987697
224,12,23.880382,37.988788
224,13,23.880932,37.989566
224,14,23.881231,37.989886
224,15,23.881301,37.989948
224,16,23.881261,37.990039
224,17,23.881261,37.990001
224,18,23.881271,37.990172
224,19,23.881522,37.990321
224,20,23.881221,37.990032
224,21,23.880232,37.98904
224,22,23.880262,37.988921
224,23,23.881983,37.988063
224,24,23.884894,37.986804
224,25,23.888754,37.984645
224,26,23.892643,37.982035
224,27,23.896593,37.979465
224,28,23.900363,37.977023
224,29,23.903824,37.974342
224,30,23.905313,37.971622
224,31,23.905554,37.969653
224,32,23.905824,37.968002
224,33,23.906145,37.96638
224,34,23.906854,37.96479
224,35,23.905726,37.96413
224,36,23.902586,37.963279
224,37,23.899746,37.963161
224,38,23.897256,37.962162
224,39,23.895058,37.959751
224,40,23.892588,37.957511
224,41,23.890608,37.956981
224,42,23.889098,37.956729
224,43,23.887728,37.95626
224,44,23.886288,37.955669
224,45,23.884548,37.95457
224,46,23.885689,37.955088
224,47,23.885599,37.952678
224,48,23.885799,37.949367
224,49,23.8858,37.947257
224,50,23.885448,37.944866
224,51,23.885838,37.943347
224,52,23.885857,37.940517
224,53,23.885847,37.937568
224,54,23.885857,37.934806
224,55,23.884777,37.935077
224,56,23.884028,37.935657
224,57,23.883497,37.935958
224,58,23.883738,37.935649
224,59,23.883318,37.933738
224,60,23.882518,37.932277
224,61,23.883779,37.930995
224,62,23.88578,37.928584
224,63,23.88357,37.925765
224,64,23.88565,37.922584
224,65,23.89026,37.921115
224,66,23.892481,37.917346
224,67,23.8947,37.913646
224,68,23.894451,37.909846
224,69,23.894171,37.905818
224,70,23.894639,37.903797
224,71,23.894639,37.903797
224,72,23.89595,37.902606
224,73,23.89921,37.901397
224,74,23.90349,37.900596
224,75,23.90758,37.898105
224,76,23.912209,37.895446
224,77,23.91668,37.892616
224,78,23.920669,37.889785
224,79,23.92376,37.886676
224,80,23.925739,37.886157
224,81,23.927749,37.885497
224,82,23.92864,37.886497
224,83,23.92983,37.888248
224,84,23.930931,37.887878
224,85,23.932411,37.887287
224,86,23.934292,37.886486
224,87,23.93608,37.885765
224,88,23.937401,37.885535
224,89,23.93921,37.886684
224,90,23.942301,37.887596
224,91,23.944641,37.889865
224,92,23.947601,37.892764
224,93,23.951441,37.893665
224,94,23.955631,37.894473
224,95,23.96009,37.894855
224,96,23.96418,37.895164
224,97,23.96983,37.894073
224,98,23.975358,37.893585
224,99,23.980728,37.893604
224,100,23.984009,37.894485
224,101,23.987108,37.894275
224,102,23.991498,37.893085
224,103,23.995017,37.891284
224,104,23.999048,37.889476
224,105,24.002687,37.887694
224,106,24.005737,37.885814
224,107,24.009247,37.884452
224,108,24.012177,37.883071
224,109,24.014467,37.880893
224,110,24.014646,37.879722
224,111,24.014026,37.879722
224,112,24.013376,37.879684
224,113,24.012806,37.879653
224,114,24.012686,37.879642
224,115,24.012677,37.879642
224,116,24.012497,37.879642
224,117,24.012238,37.879642
224,118,24.013638,37.879703
224,119,24.014877,37.880153
224,120,24.012558,37.882483
224,121,24.009077,37.884505
224,122,24.005617,37.885875
224,123,24.002296,37.887904
224,124,23.998485,37.889705
224,125,23.994597,37.891505
224,126,23.990797,37.893447
224,127,23.986116,37.894386
224,128,23.981017,37.893645
224,129,23.974747,37.893596
224,130,23.968987,37.894245
224,131,23.963328,37.895416
224,132,23.958217,37.894565
224,133,23.953018,37.894084
224,134,23.947548,37.892802
224,135,23.943579,37.890464
224,136,23.937668,37.889693
224,137,23.931599,37.889472
224,138,23.926508,37.887504
224,139,23.924528,37.886645
224,140,23.924059,37.886645
224,141,23.924479,37.885207
224,142,23.924879,37.884467
224,143,23.926449,37.881797
224,144,23.926498,37.879088
224,145,23.925018,37.876197
224,146,23.922218,37.874309
224,147,23.921317,37.871348
224,148,23.921238,37.871177
224,149,23.921168,37.871016
224,150,23.920298,37.870178
224,151,23.919277,37.869476
224,152,23.918387,37.868747
224,153,23.917365,37.868148
224,154,23.916226,37.867748
224,155,23.915025,37.867488
224,156,23.913725,37.867038
224,157,23.912476,37.866908
224,158,23.911665,37.866759
224,159,23.910594,37.866729
224,160,23.911023,37.86724
224,161,23.911625,37.867961
224,162,23.911325,37.868583
224,163,23.910746,37.868632
224,164,23.910055,37.868614
224,165,23.909436,37.868804
224,166,23.908656,37.868843
224,167,23.907795,37.868644
224,168,23.907055,37.868632
224,169,23.906904,37.868602
224,170,23.906845,37.868663
224,171,23.907265,37.868953
224,172,23.907915,37.869293
224,173,23.908655,37.86941
224,174,23.909265,37.869632
224,175,23.909774,37.869823
224,176,23.909725,37.869811
224,177,23.909774,37.86983
224,178,23.909605,37.8698
224,179,23.909956,37.87009
224,180,23.909605,37.869811
224,181,23.908975,37.869491
224,182,23.908685,37.869491
224,183,23.908685,37.869502
224,184,23.908426,37.869491
224,185,23.908485,37.869521
224,186,23.908347,37.869491
224,187,23.907397,37.869083
224,188,23.906956,37.868683
224,189,23.906755,37.868644
224,190,23.906855,37.868712
224,191,23.907644,37.868663
224,192,23.908415,37.868842
224,193,23.909265,37.868892
224,194,23.910157,37.868652
224,195,23.910976,37.868942
224,196,23.911537,37.868373
224,197,23.911186,37.867492
224,198,23.910436,37.866752
224,199,23.911917,37.866813
224,200,23.912597,37.866904
224,201,23.913368,37.866985
224,202,23.914758,37.867385
224,203,23.915878,37.867694
224,204,23.917348,37.868125
224,205,23.918429,37.868797
224,206,23.919609,37.869709
224,207,23.921,37.87083
224,208,23.92158,37.872828
224,209,23.92372,37.874999
224,210,23.925969,37.876491
224,211,23.928869,37.877582
224,212,23.929409,37.876804
224,213,23.930978,37.874175
224,214,23.931549,37.873947
224,215,23.930309,37.875518
224,216,23.928159,37.879199
224,217,23.925749,37.883269
224,218,23.924929,37.8847
224,219,23.924898,37.884749
224,220,23.924179,37.886378
224,221,23.926748,37.885768
224,222,23.927707,37.885489
224,223,23.927707,37.885489
224,224,23.928567,37.886169
224,225,23.929968,37.888259
224,226,23.932018,37.887508
224,227,23.935577,37.88607
224,228,23.937458,37.885528
224,229,23.939868,37.887038
224,230,23.94344,37.888007
224,231,23.94571,37.891326
224,232,23.949508,37.893214
224,233,23.954059,37.894275
224,234,23.95978,37.894684
224,235,23.96505,37.895003
224,236,23.971131,37.893855
224,237,23.977042,37.893584
224,238,23.982641,37.894206
224,239,23.987162,37.894267
224,240,23.992441,37.892589
224,241,23.997372,37.890159
224,242,24.002342,37.887858
224,243,24.006483,37.885329
224,244,24.011232,37.883598
224,245,24.014542,37.880817
224,246,24.014153,37.879706
224,247,24.013024,37.879676
224,248,24.012684,37.879657
224,249,24.012664,37.879657
224,250,24.012585,37.879645
224,251,24.012604,37.879615
224,252,24.012323,37.879676
224,253,24.013863,37.879676
224,254,24.014963,37.879706
224,255,24.014963,37.879706
224,256,24.015003,37.879959
224,257,24.014312,37.881179
224,258,24.014312,37.881179
224,259,24.014013,37.881351
224,260,24.012003,37.883151
224,261,24.007732,37.884883
224,262,24.003912,37.887035
224,263,24.000732,37.888713
224,264,23.996893,37.890433
224,265,23.992723,37.892482
224,266,23.987454,37.89429
224,267,23.981243,37.89371
224,268,23.975174,37.893649
224,269,23.969484,37.89421
224,270,23.963745,37.895358
224,271,23.958425,37.89463
224,272,23.953096,37.89413
224,273,23.949217,37.893218
224,274,23.945437,37.89104
224,275,23.940437,37.890029
224,276,23.934387,37.889499
224,277,23.928097,37.889061
224,278,23.925507,37.886298
224,279,23.923847,37.886928
224,280,23.922077,37.888408
224,281,23.918787,37.891566
224,282,23.914087,37.894397
224,283,23.909276,37.897467
224,284,23.905296,37.900668
224,285,23.899397,37.901428
224,286,23.896676,37.902259
224,287,23.895116,37.903511
224,288,23.894327,37.906051
224,289,23.894706,37.91043
224,290,23.894247,37.914722
224,291,23.891687,37.918959
224,292,23.888117,37.922408
224,293,23.883556,37.924629
224,294,23.885916,37.928348
224,295,23.883116,37.931697
224,296,23.883717,37.934226
224,297,23.885687,37.934085
224,298,23.889187,37.932975
224,299,23.890606,37.935356
224,300,23.892447,37.939383
224,301,23.894306,37.943454
224,302,23.896196,37.947185
224,303,23.897877,37.950713
224,304,23.899726,37.953994
224,305,23.900307,37.955672
224,306,23.900397,37.957381
224,307,23.900566,37.959213
224,308,23.900436,37.960903
224,309,23.900446,37.962543
224,310,23.901506,37.962832
224,311,23.905317,37.963851
224,312,23.907298,37.96442
224,313,23.906347,37.966041
224,314,23.905937,37.968112
224,315,23.905446,37.971503
224,316,23.903406,37.974803
224,317,23.899616,37.977523
224,318,23.895756,37.980002
224,319,23.891944,37.982513
224,320,23.888055,37.985034
224,321,23.883756,37.987445
224,322,23.880256,37.988994
224,323,23.881346,37.990042
224,324,23.881346,37.990024
224,325,23.881145,37.990062
224,326,23.881185,37.99005
224,327,23.881185,37.989791
224,328,23.881176,37.989791
224,329,23.880886,37.989593
224,330,23.880366,37.989082
224,331,23.880044,37.989081
224,332,23.879256,37.98952
224,333,23.878035,37.990309
224,334,23.876474,37.99134
224,335,23.874985,37.99235
224,336,23.874356,37.991912
224,337,23.873255,37.990501
224,338,23.871965,37.989909
224,339,23.869825,37.990699
224,340,23.870695,37.991569
224,341,23.872216,37.993377
224,342,23.870325,37.995208
224,343,23.869455,37.996299
224,344,23.867315,37.997551
224,345,23.864564,37.999011
224,346,23.861346,38.000282
224,347,23.858416,38.00217
224,348,23.856805,38.002811
224,349,23.856765,38.002872
224,350,23.856846,38.002941
224,351,23.857376,38.00273
224,352,23.857866,38.002692
224,353,23.857777,38.004043
224,354,23.858137,38.006152
224,355,23.858387,38.006942
224,356,23.858427,38.007041
224,357,23.858477,38.00724
224,358,23.858477,38.007251
224,359,23.858646,38.00751
224,360,23.859735,38.007331
224,361,23.860525,38.007381
224,362,23.860726,38.00838
224,363,23.860944,38.009479
224,364,23.861065,38.010578
224,365,23.861194,38.011718
224,366,23.860335,38.012606
224,367,23.860284,38.012725
224,368,23.860325,38.013556
224,369,23.860384,38.014758
224,370,23.860273,38.016418
224,371,23.860464,38.018199
224,372,23.860464,38.019797
224,373,23.860454,38.019828
224,374,23.860396,38.020186
224,375,23.860185,38.021278
224,376,23.859895,38.022536
224,377,23.859686,38.023715
224,378,23.859686,38.024714
224,379,23.859365,38.026916
224,380,23.859255,38.029624
224,381,23.858244,38.031264
224,382,23.856925,38.031715
224,383,23.856634,38.032283
224,384,23.857054,38.033221
224,385,23.857143,38.0335
224,386,23.856674,38.03416
224,387,23.855454,38.034961
224,388,23.853493,38.03651
224,389,23.851374,38.038791
224,390,23.849234,38.040881
224,391,23.847953,38.04177
224,392,23.846254,38.042651
224,393,23.843803,38.044131
224,394,23.843553,38.044273
224,395,23.841654,38.045242
224,396,23.840154,38.046222
224,397,23.840154,38.046222
224,398,23.839795,38.046493
224,399,23.839784,38.046493
224,400,23.839574,38.046641
224,401,23.838135,38.045723
224,402,23.837145,38.045001
224,403,23.835664,38.043891
224,404,23.833355,38.042251
224,405,23.832266,38.04148
224,406,23.831485,38.040889
224,407,23.831415,38.040828
224,408,23.830925,38.040439
224,409,23.830814,38.040378
224,410,23.830253,38.040408
224,411,23.830013,38.041267
224,412,23.829624,38.042606
224,413,23.829244,38.043994
224,414,23.828075,38.043475
224,415,23.825365,38.042175
224,416,23.822775,38.040893
224,417,23.821624,38.040393
224,418,23.819534,38.040503
224,419,23.819504,38.039203
224,420,23.819584,38.037944
224,421,23.819624,38.038036
224,422,23.819473,38.038024
224,423,23.819442,38.039313
224,424,23.819964,38.040454
224,425,23.821354,38.040344
224,426,23.824135,38.041633
224,427,23.827015,38.043044
224,428,23.829134,38.043895
224,429,23.829695,38.041793
224,430,23.830164,38.040263
224,431,23.830204,38.040133
224,432,23.831274,38.040652
224,433,23.833553,38.042244
224,434,23.836334,38.044292
224,435,23.839244,38.046432
224,436,23.841564,38.0451
224,437,23.846353,38.042419
224,438,23.847695,38.04174
224,439,23.850365,38.039588
224,440,23.853384,38.03643
224,441,23.856933,38.03371
224,442,23.856293,38.031989
224,443,23.858383,38.031189
224,444,23.859154,38.02901
224,445,23.859583,38.025191
224,446,23.859574,38.024521
224,447,23.859564,38.02375
224,448,23.859733,38.022758
224,449,23.859714,38.022739
224,450,23.859733,38.022678
224,451,23.860224,38.019828
224,452,23.860193,38.015437
224,453,23.860193,38.013457
224,454,23.859262,38.011756
224,455,23.857533,38.011207
224,456,23.856742,38.010016
224,457,23.855703,38.010658
224,458,23.855283,38.008788
224,459,23.855265,38.008709
224,460,23.855104,38.008369
224,461,23.855215,38.006819
224,462,23.855765,38.00553
224,463,23.856304,38.004382
224,464,23.856704,38.003112
224,465,23.860584,38.000762
224,466,23.864824,37.9989
224,467,23.868595,37.99686
224,468,23.871595,37.995631
224,469,23.873865,37.993171
224,470,23.876844,37.991111
224,471,23.879694,37.989303
224,472,23.880954,37.989684
224,473,23.881374,37.990054
224,474,23.881384,37.990042
224,475,23.881273,37.989951
224,476,23.881224,37.990001
224,477,23.881224,37.990013
224,478,23.881424,37.990112
224,479,23.881495,37.990172
224,480,23.881615,37.990283
224,481,23.881954,37.990542
224,482,23.882044,37.990642
224,483,23.882034,37.991183
224,484,23.881594,37.992755
224,485,23.881004,37.994975
224,486,23.880323,37.997417
224,487,23.880193,37.999706
224,488,23.880643,38.001826
224,489,23.881363,38.002395
224,490,23.882781,38.002364
224,491,23.884222,38.001884
224,492,23.884833,38.001803
224,493,23.884623,38.002715
224,494,23.884543,38.003516
224,495,23.886843,38.003875
224,496,23.889882,38.004363
224,497,23.894193,38.004062
224,498,23.899433,38.003161
224,499,23.905052,38.002613
224,500,23.910581,38.002471
224,501,23.911692,38.002273
224,502,23.91179,38.002044
224,503,23.912031,38.001774
224,504,23.912232,38.001574
224,505,23.912201,38.001525
224,506,23.90999,38.002574
224,507,23.90542,38.002673
224,508,23.899731,38.003223
224,509,23.894781,38.004073
224,510,23.890221,38.004543
224,511,23.885931,38.003871
224,512,23.882271,38.003833
224,513,23.881621,38.003844
224,514,23.88079,38.003806
224,515,23.880612,38.001598
224,516,23.880131,37.998156
224,517,23.881111,37.994578
224,518,23.882111,37.990908
224,519,23.881272,37.990058
224,520,23.881342,37.990097
224,521,23.881391,37.990035
224,522,23.882021,37.990577
224,523,23.881911,37.990577
224,524,23.88191,37.990527
224,525,23.88159,37.990249
224,526,23.881349,37.990051
224,527,23.881319,37.9901
224,528,23.881159,37.989821
224,529,23.88032,37.989063
224,530,23.879919,37.989204
224,531,23.87851,37.990043
224,532,23.876258,37.991534
224,533,23.874979,37.992485
224,534,23.875648,37.993495
224,535,23.876237,37.994396
224,536,23.876138,37.995807
224,537,23.875709,37.996837
224,538,23.87529,37.997539
224,539,23.87586,37.998809
224,540,23.87619,38.000289
224,541,23.87673,38.001727
224,542,23.876191,38.002005
224,543,23.8755,38.002376
224,544,23.87575,38.003226
224,545,23.87594,38.003867
224,546,23.87557,38.004039
224,547,23.87446,38.004459
224,548,23.874811,38.00476
224,549,23.875452,38.005141
224,550,23.876303,38.005653
224,551,23.877003,38.005851
224,552,23.877363,38.006522
224,553,23.878054,38.006744
224,554,23.878633,38.006664
224,555,23.878394,38.006072
224,556,23.878223,38.00598
224,557,23.878183,38.00606
224,558,23.878343,38.00603
224,559,23.878353,38.006011
224,560,23.878594,38.006331
224,561,23.878304,38.006682
224,562,23.877653,38.006843
224,563,23.877144,38.006214
224,564,23.876793,38.005671
224,565,23.875803,38.005451
224,566,23.874792,38.00481
224,567,23.874492,38.004558
224,568,23.875874,38.004127
224,569,23.876863,38.003855
224,570,23.877583,38.003836
224,571,23.878661,38.003826
224,572,23.879642,38.003787
224,573,23.880522,38.003756
224,574,23.880611,38.003326
224,575,23.880631,38.003085
224,576,23.88063,38.002685
224,577,23.88028,38.000366
224,578,23.880659,37.996127
224,579,23.881959,37.991496
224,580,23.881509,37.990325
224,581,23.88143,37.990054
224,582,23.881278,37.990054
224,583,23.88126,37.990073
224,584,23.881179,37.989963
224,585,23.88076,37.989574
224,586,23.880261,37.989135
224,587,23.879261,37.989665
224,588,23.87705,37.991096
224,589,23.874731,37.992526
224,590,23.873451,37.990855
224,591,23.87194,37.990047
224,592,23.870121,37.991065
224,593,23.872011,37.993014
224,594,23.870491,37.994983
224,595,23.870291,37.995803
224,596,23.870291,37.995803
224,597,23.86943,37.996333
224,598,23.866279,37.998114
224,599,23.86228,37.999884
224,600,23.858469,38.002166
224,601,23.857879,38.003417
224,602,23.85816,38.006045
224,603,23.85852,38.007266
224,604,23.858471,38.007278
224,605,23.859591,38.007357
224,606,23.860389,38.007277
224,607,23.860649,38.007926
224,608,23.860979,38.009757
224,609,23.861169,38.011557
224,610,23.860279,38.013148
224,611,23.86031,38.015559
224,612,23.860489,38.019008
224,613,23.86048,38.019767
224,614,23.860288,38.020907
224,615,23.859728,38.023246
224,616,23.859647,38.023735
224,617,23.859308,38.023986
224,618,23.855898,38.024707
224,619,23.852167,38.025645
224,620,23.850497,38.026195
224,621,23.849996,38.026366
224,622,23.847036,38.027514
224,623,23.844237,38.028884
224,624,23.843055,38.027194
224,625,23.840616,38.028255
224,626,23.837757,38.029525
224,627,23.837717,38.029537
224,628,23.837196,38.029616
224,629,23.836555,38.028705
224,630,23.835676,38.027606
224,631,23.834516,38.026435
224,632,23.833287,38.024924
224,633,23.832817,38.025043
224,634,23.832167,38.025401
224,635,23.831106,38.025913
224,636,23.830597,38.026252
224,637,23.823117,38.032531
224,638,23.822906,38.03297
224,639,23.822506,38.03329
224,640,23.823375,38.032581
224,641,23.823446,38.032512
224,642,23.830256,38.02645
224,643,23.830696,38.026279
224,644,23.830677,38.026519
224,645,23.830797,38.026481
224,646,23.831836,38.025901
224,647,23.832706,38.025191
224,648,23.832926,38.024901
224,649,23.833095,38.024901
224,650,23.833795,38.025703
224,651,23.834937,38.026931
224,652,23.836166,38.028331
224,653,23.836595,38.028552
224,654,23.838396,38.027824
224,655,23.841017,38.026645
224,656,23.842756,38.026645
224,657,23.844886,38.025684
224,658,23.848227,38.025234
224,659,23.848736,38.024063
224,660,23.846946,38.021183
224,661,23.845367,38.018153
224,662,23.844428,38.016273
224,663,23.843638,38.013133
224,664,23.843657,38.011813
224,665,23.843687,38.011615
224,666,23.843678,38.011603
224,667,23.843668,38.011485
224,668,23.846148,38.010264
224,669,23.852078,38.009265
224,670,23.854896,38.008064
224,671,23.855067,38.006572
224,672,23.855757,38.005382
224,673,23.856216,38.004001
224,674,23.857705,38.002613
224,675,23.861946,38.000072
224,676,23.865906,37.998351
224,677,23.869795,37.996173
224,678,23.872474,37.995124
224,679,23.874404,37.992732
224,680,23.876264,37.991473
224,681,23.880015,37.989135
224,682,23.881195,37.989967
224,683,23.881325,37.990097
224,684,23.881334,37.990127
224,685,23.881254,37.990348
224,686,23.881495,37.99007
224,687,23.880634,37.989139
224,688,23.880443,37.988979
224,689,23.881723,37.988139
224,690,23.882953,37.986858
224,691,23.882004,37.985606
224,692,23.880544,37.985507
224,693,23.878994,37.985599
224,694,23.878125,37.98553
224,695,23.877665,37.98476
224,696,23.877155,37.983928
224,697,23.876054,37.984168
224,698,23.875985,37.984309
