225,1,23.876856,37.983989
225,2,23.877436,37.984478
225,3,23.877824,37.985256
225,4,23.878685,37.985576
225,5,23.880624,37.985484
225,6,23.881784,37.985595
225,7,23.882814,37.986735
225,8,23.882975,37.987617
225,9,23.881944,37.988025
225,10,23.880394,37.989066
225,11,23.881233,37.989924
225,12,23.881283,37.990096
225,13,23.881354,37.990047
225,14,23.881453,37.990077
225,15,23.881292,37.990008
225,16,23.881273,37.990008
225,17,23.881064,37.989749
225,18,23.881044,37.989768
225,19,23.880974,37.989669
225,20,23.880255,37.98902
225,21,23.879364,37.989459
225,22,23.877454,37.990661
225,23,23.875336,37.99208
225,24,23.874135,37.991561
225,25,23.872875,37.989962
225,26,23.870925,37.990093
225,27,23.870127,37.990882
225,28,23.871416,37.992232
225,29,23.871585,37.994342
225,30,23.870115,37.996043
225,31,23.867605,37.997363
225,32,23.864535,37.999004
225,33,23.861134,38.000373
225,34,23.858195,38.002291
225,35,23.856514,38.003123
225,36,23.855484,38.003635
225,37,23.854734,38.004257
225,38,23.854244,38.005325
225,39,23.853634,38.006774
225,40,23.853424,38.008293
225,41,23.853704,38.008803
225,42,23.853245,38.009002
225,43,23.851785,38.009261
225,44,23.850456,38.009513
225,45,23.849137,38.009773
225,46,23.848507,38.009891
225,47,23.847887,38.010002
225,48,23.846786,38.01015
225,49,23.845556,38.01036
225,50,23.844326,38.01052
225,51,23.842775,38.010692
225,52,23.839726,38.011172
225,53,23.836746,38.012554
225,54,23.834116,38.013225
225,55,23.834026,38.013213
225,56,23.832435,38.013545
225,57,23.830336,38.013965
225,58,23.827446,38.014026
225,59,23.824156,38.013896
225,60,23.822065,38.013778
225,61,23.822065,38.013778
225,62,23.820786,38.013747
225,63,23.818004,38.013099
225,64,23.814514,38.01218
225,65,23.814184,38.012039
225,66,23.813395,38.011878
225,67,23.811764,38.011528
225,68,23.810284,38.011226
225,69,23.809655,38.011028
225,70,23.809484,38.010967
225,71,23.809294,38.010886
225,72,23.808824,38.010676
225,73,23.808705,38.010566
225,74,23.808104,38.010375
225,75,23.807693,38.010196
225,76,23.806593,38.009627
225,77,23.806562,38.009639
225,78,23.806303,38.009529
225,79,23.806263,38.009467
225,80,23.806013,38.009357
225,81,23.805643,38.009246
225,82,23.805643,38.009227
225,83,23.805233,38.009109
225,84,23.804863,38.008899
225,85,23.804792,38.00883
225,86,23.803663,38.008381
225,87,23.803663,38.008342
225,88,23.803083,38.00809
225,89,23.803065,38.008078
225,90,23.802784,38.007949
225,91,23.802645,38.00785
225,92,23.802595,38.00785
225,93,23.802355,38.00777
225,94,23.802284,38.007808
225,95,23.800704,38.00724
225,96,23.798995,38.00685
225,97,23.798183,38.006579
225,98,23.798073,38.006591
225,99,23.797323,38.006339
225,100,23.796642,38.006087
225,101,23.796281,38.005996
225,102,23.795951,38.005878
225,103,23.795061,38.005206
225,104,23.79375,38.004294
225,105,23.79372,38.004294
225,106,23.79312,38.003814
225,107,23.792429,38.003246
225,108,23.791629,38.003955
225,109,23.790199,38.005176
225,110,23.788701,38.006476
225,111,23.788231,38.006866
225,112,23.7875,38.007545
225,113,23.787401,38.007613
225,114,23.786901,38.007972
225,115,23.786142,38.008762
225,116,23.786312,38.00907
225,117,23.785822,38.009269
225,118,23.785353,38.009509
225,119,23.785152,38.009548
225,120,23.785313,38.009536
225,121,23.784893,38.009326
225,122,23.784903,38.009296
225,123,23.784903,38.009284
225,124,23.784884,38.009033
225,125,23.785803,38.008712
225,126,23.785892,38.008662
225,127,23.786133,38.008502
225,128,23.786164,38.008472
225,129,23.786483,38.008193
225,130,23.786494,38.008182
225,131,23.786783,38.00793
225,132,23.786783,38.007919
225,133,23.786894,38.00761
225,134,23.786203,38.00658
225,135,23.785994,38.006248
225,136,23.785484,38.005527
225,137,23.785065,38.004866
225,138,23.784424,38.003886
225,139,23.783853,38.003108
225,140,23.783834,38.003108
225,141,23.783684,38.002978
225,142,23.783674,38.002959
225,143,23.783624,38.002761
225,144,23.783735,38.002723
225,145,23.783726,38.002712
225,146,23.784146,38.00249
225,147,23.784256,38.00243
225,148,23.784256,38.00241
225,149,23.784336,38.00235
225,150,23.785026,38.001979
225,151,23.785097,38.001968
225,152,23.785497,38.001777
225,153,23.785769,38.001636
225,154,23.785787,38.001605
225,155,23.786408,38.001304
225,156,23.786408,38.001293
225,157,23.786857,38.001072
225,158,23.789327,38.001712
225,159,23.792828,38.003512
225,160,23.794927,38.005084
225,161,23.798169,38.006484
225,162,23.801018,38.007175
225,163,23.801227,38.007254
225,164,23.804407,38.008426
225,165,23.806307,38.009284
225,166,23.809936,38.010924
225,167,23.812995,38.011615
225,168,23.814775,38.012046
225,169,23.815215,38.012157
225,170,23.817895,38.012877
225,171,23.820357,38.013549
225,172,23.822116,38.013667
225,173,23.823436,38.013736
225,174,23.824636,38.013785
225,175,23.828778,38.013877
225,176,23.831818,38.013538
225,177,23.834208,38.013027
225,178,23.837377,38.012034
225,179,23.840667,38.010864
225,180,23.843998,38.010512
225,181,23.848518,38.009792
225,182,23.853328,38.00896
225,183,23.854578,38.008651
225,184,23.854738,38.007529
225,185,23.855247,38.00619
225,186,23.856348,38.00526
225,187,23.856067,38.003409
225,188,23.859018,38.001811
225,189,23.862829,37.999652
225,190,23.86678,37.997772
225,191,23.86989,37.996063
225,192,23.87271,37.994792
225,193,23.876018,37.991542
225,194,23.880169,37.988994
225,195,23.881128,37.989845
225,196,23.881267,37.989955
225,197,23.881326,37.989955
225,198,23.881336,37.990054
225,199,23.881176,37.990035
225,200,23.881167,37.990035
225,201,23.881126,37.989875
225,202,23.881126,37.989875
225,203,23.880827,37.989524
225,204,23.880267,37.989036
225,205,23.880216,37.989025
225,206,23.878976,37.989715
225,207,23.876847,37.991084
225,208,23.874776,37.992393
225,209,23.873466,37.990734
225,210,23.871956,37.989875
225,211,23.869896,37.990836
225,212,23.871065,37.991977
225,213,23.872135,37.993797
225,214,23.870245,37.995418
225,215,23.870304,37.995777
225,216,23.870304,37.995777
225,217,23.869345,37.996337
225,218,23.866924,37.997738
225,219,23.863924,37.999278
225,220,23.860584,38.00077
225,221,23.858084,38.002361
225,222,23.857905,38.003192
225,223,23.857963,38.005283
225,224,23.858353,38.006713
225,225,23.858433,38.007003
225,226,23.858423,38.006984
225,227,23.858602,38.007354
225,228,23.860083,38.007175
225,229,23.860322,38.007137
225,230,23.860733,38.008117
225,231,23.860943,38.009227
225,232,23.861122,38.010325
225,233,23.861193,38.011084
225,234,23.860773,38.012195
225,235,23.860384,38.013625
225,236,23.860335,38.015728
225,237,23.860424,38.017967
225,238,23.860473,38.019527
225,239,23.860464,38.019778
225,240,23.860224,38.021141
225,241,23.859774,38.022872
225,242,23.859635,38.023692
225,243,23.857304,38.024234
225,244,23.854174,38.024905
225,245,23.850744,38.026054
225,246,23.850494,38.026145
225,247,23.848975,38.026634
225,248,23.846244,38.027922
225,249,23.844195,38.028792
225,250,23.843183,38.027122
225,251,23.841194,38.027923
225,252,23.838403,38.029144
225,253,23.837383,38.029605
225,254,23.836923,38.029255
225,255,23.835603,38.027473
225,256,23.833883,38.025722
225,257,23.832863,38.024943
225,258,23.832233,38.025275
225,259,23.831484,38.025664
225,260,23.830513,38.026195
225,261,23.830442,38.026233
225,262,23.823023,38.032535
225,263,23.823082,38.032786
225,264,23.822641,38.033088
225,265,23.822552,38.033217
225,266,23.821371,38.034297
225,267,23.820591,38.034858
225,268,23.820581,38.035018
225,269,23.820852,38.034766
225,270,23.821093,38.034606
225,271,23.821232,38.034526
225,272,23.821241,38.034557
225,273,23.821161,38.034606
225,274,23.821161,38.034618
225,275,23.821272,38.034557
225,276,23.821552,38.034446
225,277,23.821611,38.034397
225,278,23.821589,38.034305
225,279,23.821658,38.034305
225,280,23.821649,38.034343
225,281,23.82139,38.034564
225,282,23.82065,38.034804
225,283,23.820881,38.034583
225,284,23.821452,38.034114
225,285,23.821821,38.033844
225,286,23.82258,38.033134
225,287,23.82327,38.032554
225,288,23.830591,38.026553
225,289,23.831732,38.025863
225,290,23.832681,38.025042
225,291,23.832993,38.024821
225,292,23.833622,38.025512
225,293,23.834572,38.02658
225,294,23.835922,38.02795
225,295,23.837092,38.028171
225,296,23.838981,38.027442
225,297,23.841682,38.026191
225,298,23.842542,38.026283
225,299,23.844263,38.025795
225,300,23.847374,38.025215
225,301,23.848635,38.025004
225,302,23.848814,38.024265
225,303,23.847975,38.022563
225,304,23.847525,38.021934
225,305,23.846935,38.021175
225,306,23.848255,38.020725
225,307,23.850505,38.020763
225,308,23.851816,38.017933
225,309,23.853426,38.014331
225,310,23.855335,38.010902
225,311,23.855215,38.009223
225,312,23.855125,38.008681
225,313,23.854765,38.00772
225,314,23.854975,38.00624
225,315,23.855905,38.005302
225,316,23.856146,38.003772
225,317,23.857666,38.002544
225,318,23.859366,38.001583
225,319,23.862946,37.999614
225,320,23.866267,37.998065
225,321,23.871006,37.995754
225,322,23.874426,37.992614
225,323,23.877845,37.990356
225,324,23.880386,37.989196
225,325,23.881216,37.990054
225,326,23.881247,37.989994
225,327,23.881407,37.990222
225,328,23.881746,37.990523
225,329,23.881777,37.990493
225,330,23.881987,37.990611
225,331,23.881897,37.990493
225,332,23.881856,37.990455
225,333,23.881468,37.990226
225,334,23.881368,37.990127
225,335,23.881338,37.990066
225,336,23.881138,37.989676
225,337,23.880318,37.988998
225,338,23.879298,37.989539
225,339,23.877388,37.990749
225,340,23.875368,37.992099
225,341,23.874627,37.99216
225,342,23.873398,37.990588
225,343,23.872096,37.98981
225,344,23.870107,37.990901
225,345,23.871437,37.992282
225,346,23.871387,37.994453
225,347,23.869988,37.996093
225,348,23.867219,37.997604
225,349,23.864017,37.999256
225,350,23.860628,38.000766
225,351,23.858247,38.002296
225,352,23.857927,38.003387
225,353,23.857887,38.004348
225,354,23.857897,38.00452
225,355,23.857928,38.004871
225,356,23.857937,38.004951
225,357,23.858008,38.005462
225,358,23.858017,38.005474
225,359,23.858128,38.005824
225,360,23.858128,38.005836
225,361,23.858177,38.005977
225,362,23.858298,38.006228
225,363,23.858298,38.006278
225,364,23.858437,38.006789
225,365,23.858437,38.006828
225,366,23.858507,38.007026
225,367,23.859636,38.007224
225,368,23.860256,38.007186
225,369,23.860707,38.008086
225,370,23.860956,38.009536
225,371,23.861106,38.010658
225,372,23.861157,38.011657
225,373,23.860237,38.012736
225,374,23.860376,38.014087
225,375,23.860256,38.016288
225,376,23.860475,38.018917
225,377,23.860457,38.019786
225,378,23.860437,38.020007
225,379,23.860187,38.021358
225,380,23.859746,38.023078
225,381,23.859676,38.023566
225,382,23.858836,38.024017
225,383,23.855488,38.024718
225,384,23.852127,38.025657
225,385,23.850656,38.026145
225,386,23.849567,38.026485
225,387,23.846647,38.027735
225,388,23.844227,38.028846
225,389,23.843206,38.027144
225,390,23.841166,38.028003
225,391,23.839106,38.028914
225,392,23.838664,38.029113
225,393,23.838664,38.029124
225,394,23.838196,38.029315
225,395,23.838196,38.029327
225,396,23.838017,38.029395
225,397,23.837665,38.029544
225,398,23.837665,38.029544
225,399,23.837246,38.029662
225,400,23.836956,38.029262
225,401,23.836746,38.028961
225,402,23.836216,38.028182
225,403,23.835864,38.027774
225,404,23.835476,38.027366
225,405,23.834757,38.026637
225,406,23.834097,38.025996
225,407,23.833628,38.025195
225,408,23.832828,38.025077
225,409,23.832369,38.025646
225,410,23.831398,38.026115
225,411,23.830417,38.026706
225,412,23.828968,38.027656
225,413,23.828848,38.027736
225,414,23.823148,38.032657
225,415,23.823019,38.032417
225,416,23.822459,38.032768
225,417,23.822628,38.032577
225,418,23.822989,38.032256
225,419,23.830888,38.025955
225,420,23.831629,38.025554
225,421,23.831728,38.025356
225,422,23.830698,38.025867
225,423,23.829957,38.026496
225,424,23.829018,38.027224
225,425,23.828278,38.028064
225,426,23.827518,38.028835
225,427,23.826679,38.029555
225,428,23.825658,38.030395
225,429,23.824548,38.031356
225,430,23.823648,38.032318
225,431,23.823038,38.033118
225,432,23.822437,38.033519
225,433,23.822437,38.03353
225,434,23.821786,38.033229
225,435,23.821667,38.033149
225,436,23.821647,38.033199
225,437,23.822017,38.033
225,438,23.821937,38.032988
225,439,23.821918,38.03305
225,440,23.822178,38.032828
225,441,23.822517,38.032508
225,442,23.823557,38.032248
225,443,23.823708,38.0321
225,444,23.824728,38.031188
225,445,23.825888,38.030197
225,446,23.827008,38.029296
225,447,23.827868,38.028366
225,448,23.828956,38.027297
225,449,23.829996,38.026477
225,450,23.830846,38.025855
225,451,23.831867,38.025337
225,452,23.832727,38.025005
225,453,23.833078,38.024944
225,454,23.833849,38.025905
225,455,23.834848,38.026874
225,456,23.835669,38.027664
225,457,23.837078,38.028274
225,458,23.838839,38.027565
225,459,23.841259,38.026423
225,460,23.842369,38.025992
225,461,23.84389,38.026023
225,462,23.846899,38.025321
225,463,23.848919,38.024981
225,464,23.848549,38.023651
225,465,23.84698,38.021152
225,466,23.848539,38.02061
225,467,23.850559,38.020702
225,468,23.851869,38.017803
225,469,23.85362,38.013942
225,470,23.85555,38.01076
225,471,23.855231,38.008899
225,472,23.855181,38.008678
225,473,23.855181,38.008678
225,474,23.855131,38.008617
225,475,23.855221,38.007438
225,476,23.85573,38.006179
225,477,23.856449,38.005161
225,478,23.856119,38.00344
225,479,23.856949,38.002849
225,480,23.857128,38.002811
225,481,23.857138,38.002791
225,482,23.857317,38.002761
225,483,23.859857,38.001251
225,484,23.863388,37.999469
225,485,23.867427,37.997459
225,486,23.872497,37.99504
225,487,23.875658,37.99179
225,488,23.879707,37.989212
225,489,23.880777,37.989532
225,490,23.881227,37.98994
225,491,23.881286,37.989978
225,492,23.881317,37.990039
225,493,23.881317,37.98994
225,494,23.881326,37.98994
225,495,23.881326,37.990001
225,496,23.881256,37.990001
225,497,23.881416,37.990119
225,498,23.881656,37.990318
225,499,23.881847,37.990448
225,500,23.882119,37.990886
225,501,23.881789,37.992095
225,502,23.881338,37.993774
225,503,23.880878,37.995506
225,504,23.880398,37.997207
225,505,23.880157,37.998867
225,506,23.880487,38.000568
225,507,23.880678,38.002189
225,508,23.881597,38.002307
225,509,23.882698,38.002307
225,510,23.884138,38.001906
225,511,23.884779,38.001926
225,512,23.884578,38.002616
225,513,23.884459,38.003318
225,514,23.884699,38.003429
225,515,23.886299,38.003707
225,516,23.88867,38.004096
225,517,23.89184,38.004447
225,518,23.896089,38.003696
225,519,23.899439,38.003127
225,520,23.901489,38.002918
225,521,23.905559,38.002597
225,522,23.91016,38.002517
225,523,23.912951,38.000198
225,524,23.91749,37.998866
225,525,23.922079,37.997837
225,526,23.926939,37.997817
225,527,23.931709,37.998546
225,528,23.93611,38.000175
225,529,23.94017,38.001834
225,530,23.94442,38.003135
225,531,23.948759,38.004443
225,532,23.953249,38.005535
225,533,23.95599,38.006694
225,534,23.95607,38.006725
225,535,23.956459,38.006607
225,536,23.956888,38.006507
225,537,23.955907,38.006389
225,538,23.956158,38.0064
225,539,23.956798,38.006462
225,540,23.956928,38.006473
225,541,23.956299,38.006583
225,542,23.95477,38.006103
225,543,23.951078,38.005183
225,544,23.946059,38.003643
225,545,23.941518,38.002273
225,546,23.940698,38.002044
225,547,23.936838,38.000575
225,548,23.931648,37.998546
225,549,23.925709,37.997756
225,550,23.919689,37.998324
225,551,23.914579,37.999633
225,552,23.911849,38.002082
225,553,23.908661,38.002593
225,554,23.904732,38.002655
225,555,23.901013,38.003054
225,556,23.899412,38.003265
225,557,23.896582,38.003753
225,558,23.892542,38.004474
225,559,23.888511,38.004222
225,560,23.884741,38.003593
225,561,23.881921,38.003814
225,562,23.880892,38.003543
225,563,23.880612,38.000781
225,564,23.880701,37.996543
225,565,23.881811,37.992355
225,566,23.88178,37.990443
225,567,23.881421,37.990165
225,568,23.88128,37.990314
225,569,23.881141,37.990375
225,570,23.881191,37.990104
225,571,23.881232,37.990004
225,572,23.881112,37.989734
225,573,23.8808,37.989433
225,574,23.880149,37.989001
225,575,23.87874,37.98986
225,576,23.8766,37.991248
225,577,23.87512,37.992309
225,578,23.87519,37.99279
225,579,23.876251,37.99435
225,580,23.876032,37.996311
225,581,23.875181,37.99726
225,582,23.875761,37.998569
225,583,23.875952,37.999629
225,584,23.876472,38.001269
225,585,23.876632,38.002101
225,586,23.875452,38.002231
225,587,23.875683,38.003082
225,588,23.875873,38.003783
225,589,23.875663,38.004035
225,590,23.874264,38.004466
225,591,23.871834,38.005275
225,592,23.872194,38.007034
225,593,23.870834,38.008803
225,594,23.871025,38.010714
225,595,23.870146,38.010806
225,596,23.869125,38.010917
225,597,23.868495,38.011515
225,598,23.868255,38.012637
225,599,23.867945,38.013679
225,600,23.867485,38.014727
225,601,23.867056,38.015579
225,602,23.866695,38.016188
225,603,23.865845,38.017078
225,604,23.864845,38.017855
225,605,23.863266,38.019034
225,606,23.861647,38.019854
225,607,23.861507,38.019905
225,608,23.861467,38.019924
225,609,23.860878,38.020163
225,610,23.860329,38.019824
225,611,23.860128,38.020003
225,612,23.860119,38.020003
225,613,23.860248,38.019694
225,614,23.859998,38.019984
225,615,23.859998,38.019965
225,616,23.86019,38.019927
225,617,23.86027,38.019908
225,618,23.86071,38.01984
225,619,23.860519,38.019748
225,620,23.861238,38.01992
225,621,23.862879,38.01911
225,622,23.86496,38.017642
225,623,23.86599,38.016692
225,624,23.866619,38.01594
225,625,23.867088,38.015029
225,626,23.867689,38.013919
225,627,23.868079,38.012741
225,628,23.868359,38.0116
225,629,23.869169,38.01092
225,630,23.870319,38.010829
225,631,23.870899,38.010218
225,632,23.871769,38.007671
225,633,23.872138,38.005031
225,634,23.875238,38.004149
225,635,23.879299,38.003749
225,636,23.880729,38.002979
225,637,23.88023,38.000079
225,638,23.88087,37.995311
225,639,23.8821,37.990859
225,640,23.8817,37.990379
225,641,23.88124,37.99026
225,642,23.88117,37.99015
225,643,23.88114,37.990481
225,644,23.881159,37.99052
225,645,23.880999,37.990378
225,646,23.881249,37.990088
225,647,23.88119,37.989989
225,648,23.88134,37.989849
225,649,23.88122,37.989589
225,650,23.880989,37.989428
225,651,23.880329,37.988868
225,652,23.879518,37.989268
225,653,23.877669,37.99047
225,654,23.875278,37.992069
225,655,23.874588,37.992069
225,656,23.872957,37.990008
225,657,23.870617,37.99015
225,658,23.870397,37.991271
225,659,23.872158,37.993293
225,660,23.870258,37.995273
225,661,23.869099,37.996475
225,662,23.866018,37.998214
225,663,23.862089,37.999946
225,664,23.858509,38.002124
225,665,23.857898,38.004264
225,666,23.858439,38.006854
225,667,23.858519,38.007206
225,668,23.858578,38.007464
225,669,23.856927,38.007976
225,670,23.854368,38.008826
225,671,23.851787,38.009296
225,672,23.848778,38.009857
225,673,23.845839,38.010375
225,674,23.84405,38.010654
225,675,23.84404,38.010665
225,676,23.84384,38.010776
225,677,23.84358,38.012325
225,678,23.84402,38.014953
225,679,23.845171,38.017573
225,680,23.84604,38.019282
225,681,23.84692,38.020934
225,682,23.845449,38.021174
225,683,23.84235,38.021373
225,684,23.83927,38.021582
225,685,23.83699,38.020763
225,686,23.83666,38.021514
225,687,23.83787,38.023154
225,688,23.838369,38.023875
225,689,23.83897,38.023468
225,690,23.83844,38.023349
225,691,23.837509,38.023539
225,692,23.836529,38.023738
225,693,23.835558,38.023868
225,694,23.834968,38.023529
225,695,23.834198,38.023146
225,696,23.834388,38.022986
225,697,23.834629,38.022826
225,698,23.835409,38.022907
225,699,23.836119,38.022975
225,700,23.836088,38.022956
225,701,23.836128,38.023086
225,702,23.836249,38.023066
225,703,23.835798,38.022868
225,704,23.835808,38.023067
225,705,23.835378,38.022949
225,706,23.834728,38.022769
225,707,23.834188,38.02325
225,708,23.835179,38.023681
225,709,23.835968,38.023799
225,710,23.837078,38.023627
225,711,23.838049,38.023467
225,712,23.838819,38.023585
225,713,23.83823,38.024115
225,714,23.84038,38.025207
225,715,23.84321,38.026428
225,716,23.846451,38.025359
225,717,23.8491,38.024928
225,718,23.8491,38.024928
225,719,23.848869,38.024299
225,720,23.846828,38.021
225,721,23.844598,38.016799
225,722,23.843529,38.011989
225,723,23.843708,38.010868
225,724,23.843708,38.010829
225,725,23.847137,38.010039
225,726,23.853206,38.00904
225,727,23.854847,38.007529
225,728,23.855657,38.006191
225,729,23.856348,38.004908
225,730,23.857048,38.002898
225,731,23.861717,38.000129
225,732,23.866068,37.99824
225,733,23.871477,37.995651
225,734,23.875658,37.991859
225,735,23.880848,37.98865
225,736,23.882908,37.987101
225,737,23.882097,37.985664
225,738,23.880437,37.985595
225,739,23.878467,37.985675
225,740,23.877777,37.985015
225,741,23.877247,37.984065
225,742,23.876026,37.984263
225,743,23.876007,37.984214
225,744,23.875977,37.984104
