226,1,23.876518,37.984134
226,2,23.877277,37.984214
226,3,23.877687,37.984943
226,4,23.878168,37.985682
226,5,23.879278,37.985541
226,6,23.880508,37.985473
226,7,23.881499,37.985553
226,8,23.882518,37.985873
226,9,23.882858,37.986942
226,10,23.882918,37.987643
226,11,23.881468,37.988254
226,12,23.880408,37.989112
226,13,23.881117,37.989814
226,14,23.881227,37.989895
226,15,23.881326,37.989974
226,16,23.881447,37.990054
226,17,23.881286,37.989994
226,18,23.881456,37.990112
226,19,23.881567,37.990172
226,20,23.881607,37.990173
226,21,23.881727,37.990291
226,22,23.882137,37.990611
226,23,23.882147,37.991062
226,24,23.881757,37.992473
226,25,23.881187,37.994502
226,26,23.880607,37.996604
226,27,23.880188,37.998824
226,28,23.880589,38.000976
226,29,23.880718,38.002265
226,30,23.881539,38.002364
226,31,23.883109,38.002223
226,32,23.884808,38.001582
226,33,23.884887,38.001853
226,34,23.884657,38.002475
226,35,23.884477,38.003276
226,36,23.886267,38.003627
226,37,23.889125,38.004107
226,38,23.892937,38.004177
226,39,23.898108,38.003287
226,40,23.903498,38.002646
226,41,23.908839,38.002506
226,42,23.912338,38.000995
226,43,23.916228,37.999133
226,44,23.918188,37.999954
226,45,23.918129,37.999904
226,46,23.918369,37.999995
226,47,23.91803,38.000156
226,48,23.91531,38.000827
226,49,23.91222,38.002715
226,50,23.908291,38.003917
226,51,23.903012,38.004096
226,52,23.89837,38.004638
226,53,23.894211,38.005317
226,54,23.889341,38.005557
226,55,23.885052,38.004855
226,56,23.883131,38.004585
226,57,23.882079,38.004703
226,58,23.880649,38.004505
226,59,23.88061,38.002933
226,60,23.880159,38.000564
226,61,23.880258,37.997604
226,62,23.881269,37.993755
226,63,23.88162,37.991534
226,64,23.881441,37.991454
226,65,23.881562,37.991004
226,66,23.88161,37.990383
226,67,23.881781,37.990463
226,68,23.8815,37.990264
226,69,23.881241,37.989932
226,70,23.881241,37.989921
226,71,23.881911,37.990569
226,72,23.881861,37.990569
226,73,23.881361,37.990107
226,74,23.881351,37.990097
226,75,23.881161,37.990096
226,76,23.881111,37.990085
226,77,23.881111,37.989944
226,78,23.881071,37.989864
226,79,23.880942,37.989753
226,80,23.880272,37.989112
226,81,23.879843,37.989181
226,82,23.878233,37.990161
226,83,23.876182,37.991512
226,84,23.875002,37.992313
226,85,23.874361,37.991904
226,86,23.872872,37.990035
226,87,23.871002,37.990047
226,88,23.870243,37.991008
226,89,23.871702,37.992557
226,90,23.871113,37.994586
226,91,23.869802,37.996158
226,92,23.867061,37.997668
226,93,23.863731,37.999339
226,94,23.860351,38.000919
226,95,23.857922,38.002689
226,96,23.857922,38.00513
226,97,23.858471,38.00724
226,98,23.85848,38.00724
226,99,23.85903,38.007431
226,100,23.86031,38.007258
226,101,23.86054,38.007438
226,102,23.860771,38.008609
226,103,23.861002,38.009677
226,104,23.861122,38.010688
226,105,23.861252,38.011417
226,106,23.862091,38.011455
226,107,23.86238,38.011516
226,108,23.862591,38.011535
226,109,23.862292,38.011443
226,110,23.862272,38.011592
226,111,23.861232,38.011542
226,112,23.860524,38.011493
226,113,23.860344,38.010653
226,114,23.859514,38.010112
226,115,23.858413,38.008964
226,116,23.857964,38.008514
226,117,23.857674,38.008284
226,118,23.857593,38.008193
226,119,23.857574,38.008181
226,120,23.857424,38.00764
226,121,23.856603,38.007019
226,122,23.855123,38.006797
226,123,23.855842,38.006019
226,124,23.856443,38.005291
226,125,23.856132,38.00339
226,126,23.858913,38.001929
226,127,23.862284,37.999889
226,128,23.865993,37.998237
226,129,23.869854,37.996097
226,130,23.870304,37.995978
226,131,23.872934,37.994598
226,132,23.874444,37.992637
226,133,23.876485,37.991268
226,134,23.880245,37.989036
226,135,23.881075,37.989837
226,136,23.881255,37.990035
226,137,23.881354,37.990035
226,138,23.881303,37.990066
226,139,23.881303,37.990066
226,140,23.881204,37.990028
226,141,23.881106,37.989806
226,142,23.880985,37.989746
226,143,23.880245,37.989025
226,144,23.879995,37.989105
226,145,23.878505,37.989985
226,146,23.876375,37.991374
226,147,23.874735,37.992392
226,148,23.873424,37.990691
226,149,23.871985,37.98986
226,150,23.869894,37.990901
226,151,23.871624,37.992591
226,152,23.870933,37.994651
226,153,23.869713,37.996181
226,154,23.866993,37.997692
226,155,23.863703,37.999351
226,156,23.860373,38.0009
226,157,23.857933,38.002708
226,158,23.857933,38.004989
226,159,23.858402,38.0069
226,160,23.858402,38.0069
226,161,23.858531,38.00727
226,162,23.858603,38.007449
226,163,23.858603,38.007461
226,164,23.859423,38.007381
226,165,23.860434,38.007262
226,166,23.860613,38.007515
226,167,23.860832,38.008754
226,168,23.861072,38.009925
226,169,23.861153,38.010836
226,170,23.861233,38.011768
226,171,23.860274,38.012939
226,172,23.860403,38.014609
226,173,23.860323,38.016849
226,174,23.860462,38.019137
226,175,23.860452,38.019828
226,176,23.860372,38.020389
226,177,23.860082,38.021918
226,178,23.859682,38.023528
226,179,23.859561,38.023918
226,180,23.856922,38.024398
226,181,23.854492,38.02486
226,182,23.852682,38.02552
226,183,23.850962,38.026061
226,184,23.849562,38.026512
226,185,23.846992,38.027553
226,186,23.844483,38.028991
226,187,23.843413,38.027491
226,188,23.841812,38.027762
226,189,23.839031,38.028965
226,190,23.837221,38.029705
226,191,23.836552,38.028793
226,192,23.835722,38.027732
226,193,23.834321,38.02637
226,194,23.833132,38.024939
226,195,23.832571,38.025211
226,196,23.832142,38.025389
226,197,23.831401,38.025798
226,198,23.830461,38.026317
226,199,23.823052,38.032558
226,200,23.823061,38.032798
226,201,23.822811,38.033008
226,202,23.822811,38.033008
226,203,23.822512,38.033316
226,204,23.822832,38.032996
226,205,23.823032,38.032687
226,206,23.823063,38.032718
226,207,23.823193,38.032626
226,208,23.830392,38.026637
226,209,23.830914,38.026279
226,210,23.831093,38.02621
226,211,23.832453,38.025482
226,212,23.833233,38.024921
226,213,23.834003,38.025939
226,214,23.834882,38.02677
226,215,23.835922,38.02787
226,216,23.836942,38.028289
226,217,23.838562,38.027641
226,218,23.840551,38.026759
226,219,23.842421,38.026149
226,220,23.84395,38.026001
226,221,23.84699,38.02531
226,222,23.848771,38.02502
226,223,23.848859,38.025001
226,224,23.848879,38.024432
226,225,23.84805,38.022701
226,226,23.84733,38.020991
226,227,23.84943,38.02066
226,228,23.851049,38.019599
226,229,23.85257,38.016189
226,230,23.85432,38.012328
226,231,23.85544,38.010119
226,232,23.8552,38.008769
226,233,23.85499,38.00825
226,234,23.85515,38.00693
226,235,23.85578,38.00587
226,236,23.85632,38.00473
226,237,23.856659,38.003089
226,238,23.856779,38.002929
226,239,23.85677,38.002929
226,240,23.857251,38.00281
226,241,23.858521,38.00215
226,242,23.860941,38.000529
226,243,23.86421,37.999198
226,244,23.86767,37.997379
226,245,23.870229,37.996028
226,246,23.872891,37.994666
226,247,23.874491,37.992636
226,248,23.875881,37.991699
226,249,23.87935,37.989459
226,250,23.88059,37.989421
226,251,23.88125,37.990172
226,252,23.881371,37.990123
226,253,23.881351,37.990161
226,254,23.881993,37.990623
226,255,23.881863,37.990592
226,256,23.881863,37.990554
226,257,23.881853,37.990474
226,258,23.881433,37.990184
226,259,23.881343,37.990123
226,260,23.881334,37.990123
226,261,23.881115,37.989722
226,262,23.880315,37.989051
226,263,23.880236,37.98904
226,264,23.878986,37.98978
226,265,23.876867,37.991142
226,266,23.875026,37.992622
226,267,23.876106,37.994121
226,268,23.876176,37.99546
226,269,23.875418,37.99694
226,270,23.875448,37.99813
226,271,23.875559,37.998901
226,272,23.874578,37.998992
226,273,23.874489,37.999362
226,274,23.874759,38.000312
226,275,23.875071,38.001251
226,276,23.87544,38.002342
226,277,23.875721,38.003272
226,278,23.875912,38.003814
226,279,23.875341,38.004004
226,280,23.874582,38.004546
226,281,23.875562,38.005195
226,282,23.876772,38.005576
226,283,23.877112,38.006198
226,284,23.877621,38.00682
226,285,23.877942,38.00727
226,286,23.87849,38.007351
226,287,23.878971,38.007492
226,288,23.879461,38.007911
226,289,23.879813,38.008242
226,290,23.879581,38.008293
226,291,23.879581,38.008303
226,292,23.879492,38.008464
226,293,23.879232,38.008704
226,294,23.878844,38.008785
226,295,23.878784,38.008823
226,296,23.879173,38.008731
226,297,23.879544,38.008342
226,298,23.879544,38.00833
226,299,23.879374,38.007762
226,300,23.878643,38.007251
226,301,23.877782,38.00706
226,302,23.877083,38.006019
226,303,23.876463,38.00571
226,304,23.874963,38.004901
226,305,23.874442,38.00452
226,306,23.875892,38.004058
226,307,23.878434,38.003829
226,308,23.879682,38.003799
226,309,23.880673,38.003379
226,310,23.880382,38.000407
226,311,23.880663,37.996066
226,312,23.881933,37.991466
226,313,23.881533,37.990287
226,314,23.881193,37.989929
226,315,23.881233,37.98994
226,316,23.881233,37.989951
226,317,23.881233,37.990112
226,318,23.881224,37.990081
226,319,23.881064,37.98984
226,320,23.881024,37.989811
226,321,23.880444,37.989268
226,322,23.880264,37.989028
226,323,23.881605,37.988307
226,324,23.884004,37.987369
226,325,23.886854,37.985778
226,326,23.890274,37.983748
226,327,23.893784,37.981338
226,328,23.897573,37.978889
226,329,23.901373,37.97644
226,330,23.904383,37.97356
226,331,23.905524,37.96997
226,332,23.905982,37.96725
226,333,23.906372,37.965339
226,334,23.906353,37.964271
226,335,23.903362,37.963592
226,336,23.900412,37.963111
226,337,23.897611,37.962482
226,338,23.895241,37.96004
226,339,23.89266,37.957621
226,340,23.889651,37.956901
226,341,23.887001,37.956031
226,342,23.884062,37.954352
226,343,23.880093,37.953651
226,344,23.876022,37.953052
226,345,23.871582,37.952193
226,346,23.867151,37.952194
226,347,23.86349,37.951633
226,348,23.8626,37.951663
226,349,23.86207,37.951744
226,350,23.862061,37.951732
226,351,23.86185,37.951701
226,352,23.862702,37.950332
226,353,23.864172,37.94789
226,354,23.866121,37.944759
226,355,23.86754,37.94049
226,356,23.869119,37.93608
226,357,23.870949,37.931762
226,358,23.872649,37.927253
226,359,23.874188,37.922801
226,360,23.875587,37.918281
226,361,23.874627,37.914481
226,362,23.873638,37.910533
226,363,23.873058,37.907535
226,364,23.872638,37.904914
226,365,23.8725,37.902705
226,366,23.87267,37.900547
226,367,23.873428,37.899356
226,368,23.875239,37.897517
226,369,23.877489,37.895748
226,370,23.880338,37.894149
226,371,23.881039,37.893588
226,372,23.88156,37.891566
226,373,23.88156,37.891498
226,374,23.88156,37.890807
226,375,23.88074,37.887969
226,376,23.87792,37.885421
226,377,23.87496,37.882812
226,378,23.87159,37.88045
226,379,23.868571,37.877891
226,380,23.865579,37.87593
226,381,23.86276,37.87432
226,382,23.85965,37.872569
226,383,23.856539,37.870361
226,384,23.853199,37.867771
226,385,23.850208,37.86505
226,386,23.847167,37.862392
226,387,23.843678,37.860424
226,388,23.840268,37.858233
226,389,23.835027,37.857204
226,390,23.833017,37.856403
226,391,23.832598,37.856143
226,392,23.831657,37.855464
226,393,23.831257,37.854824
226,394,23.830788,37.853805
226,395,23.830557,37.853263
226,396,23.829866,37.851772
226,397,23.829566,37.851081
226,398,23.829357,37.850631
226,399,23.829156,37.84996
226,400,23.829086,37.849818
226,401,23.828207,37.84872
226,402,23.827557,37.848239
226,403,23.826286,37.847598
226,404,23.825935,37.847419
226,405,23.825085,37.846988
226,406,23.824264,37.846587
226,407,23.823524,37.846279
226,408,23.822664,37.84587
226,409,23.821653,37.84531
226,410,23.820392,37.844489
226,411,23.818563,37.843208
226,412,23.816272,37.841689
226,413,23.813692,37.84016
226,414,23.811022,37.838561
226,415,23.809853,37.837821
226,416,23.809082,37.837341
226,417,23.807481,37.836329
226,418,23.805792,37.835281
226,419,23.805792,37.835269
226,420,23.804753,37.834621
226,421,23.804062,37.834189
226,422,23.803951,37.834129
226,423,23.802052,37.833709
226,424,23.799153,37.83416
226,425,23.796201,37.83462
226,426,23.793592,37.834991
226,427,23.791512,37.835182
226,428,23.791492,37.83517
226,429,23.790441,37.83525
226,430,23.787072,37.83406
226,431,23.785301,37.834762
226,432,23.782091,37.836063
226,433,23.779151,37.836841
226,434,23.776572,37.838729
226,435,23.774601,37.84066
226,436,23.77297,37.841571
226,437,23.771749,37.842182
226,438,23.770859,37.844211
226,439,23.770507,37.845012
226,440,23.769848,37.846541
226,441,23.769157,37.848331
226,442,23.768587,37.84991
226,443,23.768107,37.851169
226,444,23.767246,37.853469
226,445,23.767617,37.85411
226,446,23.767675,37.856212
226,447,23.768936,37.85847
226,448,23.769885,37.860389
226,449,23.769405,37.861999
226,450,23.768495,37.8647
226,451,23.767225,37.867771
226,452,23.765156,37.87046
226,453,23.764437,37.873191
226,454,23.763906,37.87633
226,455,23.763607,37.87923
