227,1,23.685863,38.020709
227,2,23.685983,38.020869
227,3,23.688164,38.019279
227,4,23.689484,38.018211
227,5,23.689493,38.018192
227,6,23.689182,38.01749
227,7,23.688222,38.015918
227,8,23.687513,38.014746
227,9,23.686393,38.012835
227,10,23.686073,38.012268
227,11,23.686073,38.012268
227,12,23.686293,38.012076
227,13,23.687322,38.011905
227,14,23.688192,38.010944
227,15,23.688072,38.008174
227,16,23.687983,38.007343
227,17,23.687852,38.006202
227,18,23.687803,38.006061
227,19,23.687612,38.005653
227,20,23.687603,38.005653
227,21,23.687393,38.005214
227,22,23.687304,38.005004
227,23,23.687164,38.004672
227,24,23.686984,38.004291
227,25,23.686945,38.004192
227,26,23.686865,38.00394
227,27,23.686645,38.003459
227,28,23.686606,38.003391
227,29,23.686164,38.002669
227,30,23.686035,38.002472
227,31,23.685696,38.001903
227,32,23.685695,38.001891
227,33,23.685486,38.001441
227,34,23.687856,38.000183
227,35,23.689416,37.999442
227,36,23.691157,37.998344
227,37,23.694937,37.995822
227,38,23.696327,37.994884
227,39,23.696817,37.994544
227,40,23.698177,37.993163
227,41,23.696767,37.992232
227,42,23.696348,37.991641
227,43,23.696308,37.991572
227,44,23.695987,37.991054
227,45,23.695987,37.991042
227,46,23.695808,37.990672
227,47,23.695679,37.990413
227,48,23.695478,37.990032
227,49,23.695339,37.989802
227,50,23.695219,37.989604
227,51,23.695059,37.989254
227,52,23.69505,37.989242
227,53,23.69483,37.988681
227,54,23.69483,37.988662
227,55,23.694599,37.98812
227,56,23.694609,37.988109
227,57,23.694868,37.987338
227,58,23.699067,37.985889
227,59,23.701387,37.984989
227,60,23.702168,37.98492
227,61,23.702097,37.984919
227,62,23.701918,37.984969
227,63,23.701368,37.984069
227,64,23.700267,37.982631
227,65,23.701118,37.981799
227,66,23.703679,37.980159
227,67,23.705349,37.979549
227,68,23.704707,37.977699
227,69,23.704528,37.97697
227,70,23.703359,37.976871
227,71,23.70178,37.977111
227,72,23.701629,37.977802
227,73,23.70167,37.97787
227,74,23.701683,37.978011
227,75,23.701683,37.977561
227,76,23.701143,37.977309
227,77,23.699132,37.977798
227,78,23.697573,37.978218
227,79,23.695133,37.979366
227,80,23.692722,37.980174
227,81,23.691023,37.980785
227,82,23.689713,37.981265
227,83,23.688253,37.981914
227,84,23.686553,37.982474
227,85,23.684894,37.982806
227,86,23.683554,37.983085
227,87,23.682502,37.983176
227,88,23.682873,37.984035
227,89,23.685012,37.987094
227,90,23.687162,37.989555
227,91,23.687293,37.989673
227,92,23.688951,37.991153
227,93,23.692032,37.993873
227,94,23.694542,37.996124
227,95,23.696583,37.997745
227,96,23.701582,38.000136
227,97,23.706411,38.002295
227,98,23.711422,38.005397
227,99,23.716252,38.009136
227,100,23.71849,38.013495
227,101,23.722111,38.017966
227,102,23.72546,38.022937
227,103,23.72752,38.027938
227,104,23.729919,38.03228
227,105,23.733049,38.03678
227,106,23.73476,38.04227
227,107,23.738701,38.0461
227,108,23.7423,38.04938
227,109,23.744449,38.048522
227,110,23.744489,38.048511
227,111,23.7445,38.048499
227,112,23.744819,38.0484
227,113,23.74622,38.047729
227,114,23.746238,38.04771
227,115,23.747629,38.048117
227,116,23.749699,38.048236
227,117,23.749828,38.048667
227,118,23.750639,38.049499
227,119,23.752918,38.048668
227,120,23.754429,38.048156
227,121,23.756109,38.047385
227,122,23.757358,38.046695
227,123,23.757509,38.046584
227,124,23.757759,38.046443
227,125,23.758718,38.045295
227,126,23.760019,38.043365
227,127,23.75964,38.042613
227,128,23.760889,38.041015
227,129,23.760429,38.039954
227,130,23.760059,38.039035
227,131,23.76059,38.038535
227,132,23.763409,38.036845
227,133,23.765139,38.035644
227,134,23.766579,38.035373
227,135,23.770088,38.035133
227,136,23.773209,38.033462
227,137,23.77554,38.032161
227,138,23.777729,38.03086
227,139,23.77895,38.030131
227,140,23.780541,38.02917
227,141,23.781909,38.028339
227,142,23.783149,38.02758
227,143,23.785719,38.025958
227,144,23.788248,38.024508
227,145,23.789029,38.023978
227,146,23.791659,38.02256
227,147,23.793949,38.020167
227,148,23.795529,38.018199
227,149,23.795639,38.018119
227,150,23.795808,38.018008
227,151,23.798478,38.017268
227,152,23.802648,38.017997
227,153,23.806058,38.018775
227,154,23.806589,38.018886
227,155,23.808759,38.019374
227,156,23.812889,38.019893
227,157,23.817259,38.020862
227,158,23.821798,38.021984
227,159,23.826029,38.022632
227,160,23.827379,38.022922
227,161,23.829019,38.022792
227,162,23.830388,38.022823
227,163,23.83182,38.022152
227,164,23.83354,38.021293
227,165,23.83415,38.020961
227,166,23.835171,38.02042
227,167,23.835161,38.02024
227,168,23.835191,38.020141
227,169,23.835182,38.019809
227,170,23.835823,38.019649
227,171,23.836933,38.019809
227,172,23.837083,38.020778
227,173,23.838333,38.021419
227,174,23.841863,38.021449
227,175,23.845144,38.021289
227,176,23.846794,38.021129
227,177,23.848333,38.02074
227,178,23.850573,38.020739
227,179,23.851942,38.017718
227,180,23.853242,38.01482
227,181,23.854612,38.011809
227,182,23.857033,38.009868
227,183,23.857344,38.009448
227,184,23.857724,38.008529
227,185,23.857424,38.008048
227,186,23.857414,38.008048
227,187,23.857855,38.007746
227,188,23.859184,38.007507
227,189,23.862083,38.007076
227,190,23.865593,38.006324
227,191,23.867493,38.005305
227,192,23.867274,38.002967
227,193,23.866372,38.000636
227,194,23.865463,37.998905
227,195,23.866724,37.997936
227,196,23.870924,37.995875
227,197,23.874764,37.992507
227,198,23.878624,37.989967
227,199,23.880453,37.989265
227,200,23.881153,37.990043
227,201,23.881883,37.990653
227,202,23.881903,37.990641
227,203,23.881903,37.990653
227,204,23.881951,37.990631
227,205,23.881599,37.990291
227,206,23.881529,37.990261
227,207,23.881498,37.990272
227,208,23.881479,37.9901
227,209,23.88148,37.990191
227,210,23.882049,37.990703
227,211,23.882179,37.990982
227,212,23.881859,37.992232
227,213,23.881289,37.994262
227,214,23.880578,37.996852
227,215,23.8802,37.999214
227,216,23.88068,38.001513
227,217,23.88082,38.002544
227,218,23.88078,38.002692
227,219,23.880749,38.002791
227,220,23.880759,38.003043
227,221,23.880777,38.003063
227,222,23.880837,38.003173
227,223,23.880867,38.003395
227,224,23.880917,38.003684
227,225,23.880917,38.003715
227,226,23.880827,38.003806
227,227,23.879776,38.003794
227,228,23.877315,38.003825
227,229,23.874875,38.004386
227,230,23.874895,38.004825
227,231,23.876125,38.005576
227,232,23.876936,38.005668
227,233,23.876995,38.005767
227,234,23.877186,38.006229
227,235,23.877605,38.00682
227,236,23.877806,38.00719
227,237,23.878026,38.006789
227,238,23.877954,38.007278
227,239,23.878494,38.00745
227,240,23.878904,38.00727
227,241,23.879434,38.0078
227,242,23.878975,38.007338
227,243,23.878235,38.007376
227,244,23.877714,38.006968
227,245,23.877714,38.006958
227,246,23.877414,38.006568
227,247,23.876985,38.00571
227,248,23.875685,38.005309
227,249,23.874454,38.004478
227,250,23.875374,38.004158
227,251,23.878034,38.003749
227,252,23.879594,38.003738
227,253,23.880674,38.003707
227,254,23.880795,38.003287
227,255,23.880484,38.000358
227,256,23.880755,37.996127
227,257,23.881895,37.991947
227,258,23.881525,37.990237
227,259,23.881306,37.989997
227,260,23.881235,37.989997
227,261,23.881194,37.989856
227,262,23.881165,37.989825
227,263,23.880594,37.989277
227,264,23.880033,37.989066
227,265,23.878463,37.989985
227,266,23.876034,37.991607
227,267,23.874934,37.992336
227,268,23.873893,37.991225
227,269,23.872463,37.989756
227,270,23.870224,37.990386
227,271,23.870563,37.991355
227,272,23.872253,37.993377
227,273,23.870273,37.995517
227,274,23.868654,37.996768
227,275,23.866244,37.998088
227,276,23.863822,37.99929
227,277,23.860893,38.000549
227,278,23.858192,38.0023
227,279,23.857881,38.004069
227,280,23.858341,38.006591
227,281,23.858572,38.007369
227,282,23.857272,38.007869
227,283,23.85448,38.008758
227,284,23.851171,38.009379
227,285,23.848272,38.00991
227,286,23.845183,38.010451
227,287,23.843943,38.010612
227,288,23.842633,38.010753
227,289,23.840072,38.011085
227,290,23.837273,38.012287
227,291,23.834442,38.013118
227,292,23.833023,38.013419
227,293,23.829434,38.013988
227,294,23.824943,38.013926
227,295,23.821224,38.013728
227,296,23.818035,38.01305
227,297,23.816194,38.012561
227,298,23.813375,38.011859
227,299,23.808796,38.01062
227,300,23.804186,38.00848
227,301,23.801916,38.007678
227,302,23.799286,38.007019
227,303,23.796215,38.005988
227,304,23.794575,38.00492
227,305,23.792085,38.003051
227,306,23.789526,38.00191
227,307,23.788465,38.001529
227,308,23.785434,38.000011
227,309,23.782555,37.997741
227,310,23.782194,37.9975
227,311,23.781964,37.997329
227,312,23.779274,37.995597
227,313,23.775934,37.993316
227,314,23.771854,37.991306
227,315,23.769604,37.989685
227,316,23.766673,37.988013
227,317,23.764105,37.986442
227,318,23.763575,37.986202
227,319,23.762764,37.985931
227,320,23.760654,37.984783
227,321,23.760244,37.984794
227,322,23.758755,37.983592
227,323,23.755896,37.981761
227,324,23.754145,37.980041
227,325,23.753926,37.979869
227,326,23.753766,37.98006
227,327,23.752565,37.978851
227,328,23.752294,37.978389
227,329,23.753644,37.97951
227,330,23.754934,37.980769
227,331,23.756865,37.982608
227,332,23.759103,37.98397
227,333,23.759714,37.984511
227,334,23.762184,37.985522
227,335,23.763075,37.985893
227,336,23.764505,37.985832
227,337,23.765545,37.9863
227,338,23.766094,37.986721
227,339,23.767454,37.988341
227,340,23.770284,37.98994
227,341,23.773864,37.99198
227,342,23.777735,37.99433
227,343,23.780765,37.996261
227,344,23.783726,37.998493
227,345,23.784215,37.998924
227,346,23.784605,37.999275
227,347,23.787075,38.000846
227,348,23.791056,38.002284
227,349,23.794336,38.004585
227,350,23.798416,38.006553
227,351,23.802646,38.007773
227,352,23.807017,38.009654
227,353,23.811015,38.011226
227,354,23.811257,38.011287
227,355,23.813455,38.011787
227,356,23.817646,38.012817
227,357,23.820727,38.013526
227,358,23.821115,38.013606
227,359,23.822916,38.013724
227,360,23.827086,38.013923
227,361,23.831556,38.013633
227,362,23.833866,38.013171
227,363,23.836746,38.012431
227,364,23.840326,38.010982
227,365,23.844067,38.010573
227,366,23.848396,38.009883
227,367,23.852936,38.009105
227,368,23.856355,38.008216
227,369,23.859455,38.007476
227,370,23.862785,38.006965
227,371,23.866735,38.006134
227,372,23.871215,38.005332
227,373,23.874935,38.004364
227,374,23.877825,38.003944
227,375,23.879854,38.003943
227,376,23.879854,38.003784
227,377,23.880554,38.003734
227,378,23.880825,38.003623
227,379,23.880645,38.001323
227,380,23.880216,37.998153
227,381,23.880917,37.995525
227,382,23.881737,37.992553
227,383,23.882077,37.990753
227,384,23.881336,37.990252
227,385,23.881327,37.990215
227,386,23.881345,37.990203
227,387,23.881836,37.990493
227,388,23.881685,37.991584
227,389,23.881415,37.991695
227,390,23.881415,37.991706
227,391,23.881325,37.991676
227,392,23.881614,37.991645
227,393,23.881624,37.991584
227,394,23.881984,37.990894
227,395,23.881444,37.990234
227,396,23.881195,37.990325
227,397,23.881115,37.990195
227,398,23.881164,37.990158
227,399,23.881384,37.990078
227,400,23.881314,37.990039
227,401,23.881313,37.989849
227,402,23.881323,37.989829
