228,1,23.881279,37.99023
228,2,23.881368,37.990192
228,3,23.881508,37.990272
228,4,23.881598,37.990371
228,5,23.881237,37.989902
228,6,23.881267,37.98994
228,7,23.881236,37.98997
228,8,23.881007,37.989841
228,9,23.880735,37.989501
228,10,23.880405,37.9892
228,11,23.880405,37.989188
228,12,23.880236,37.989017
228,13,23.880426,37.988826
228,14,23.883186,37.987655
228,15,23.886816,37.985694
228,16,23.890306,37.983634
228,17,23.894846,37.980575
228,18,23.899885,37.977313
228,19,23.904286,37.973712
228,20,23.905565,37.969684
228,21,23.906114,37.966704
228,22,23.906185,37.966296
228,23,23.906194,37.966265
228,24,23.906234,37.966106
228,25,23.906234,37.966106
228,26,23.906274,37.965934
228,27,23.907005,37.964373
228,28,23.904516,37.963805
228,29,23.900957,37.962954
228,30,23.900426,37.960754
228,31,23.900557,37.958613
228,32,23.900387,37.956024
228,33,23.899826,37.954192
228,34,23.898126,37.951404
228,35,23.896226,37.947303
228,36,23.894068,37.943004
228,37,23.891767,37.938075
228,38,23.889538,37.933543
228,39,23.886858,37.933574
228,40,23.884058,37.935054
228,41,23.882559,37.932395
228,42,23.884468,37.930335
228,43,23.884157,37.926623
228,44,23.885777,37.922554
228,45,23.890816,37.920222
228,46,23.893896,37.915092
228,47,23.895077,37.91199
228,48,23.894447,37.909179
228,49,23.894428,37.90441
228,50,23.897278,37.901729
228,51,23.902217,37.901241
228,52,23.907507,37.898201
228,53,23.912777,37.89516
228,54,23.917498,37.8922
228,55,23.921778,37.888648
228,56,23.924438,37.885318
228,57,23.924488,37.885219
228,58,23.925348,37.883701
228,59,23.927118,37.88008
228,60,23.925099,37.876369
228,61,23.921839,37.873797
228,62,23.920859,37.870739
228,63,23.919267,37.869498
228,64,23.918037,37.86848
228,65,23.916477,37.867888
228,66,23.914667,37.8674
228,67,23.912727,37.866969
228,68,23.910827,37.86679
228,69,23.911037,37.867309
228,70,23.911599,37.868389
228,71,23.910998,37.868709
228,72,23.910427,37.868647
228,73,23.909557,37.868796
228,74,23.908608,37.868896
228,75,23.907596,37.868675
228,76,23.906797,37.868655
228,77,23.906707,37.868575
228,78,23.906689,37.868564
228,79,23.906867,37.868564
228,80,23.906867,37.868602
228,81,23.907277,37.868953
228,82,23.907818,37.869274
228,83,23.908718,37.869502
228,84,23.908928,37.869911
228,85,23.909178,37.870189
228,86,23.909378,37.870337
228,87,23.909428,37.870479
228,88,23.909017,37.870479
228,89,23.908488,37.87051
228,90,23.907987,37.870559
228,91,23.907507,37.870548
228,92,23.907118,37.870277
228,93,23.907257,37.870338
228,94,23.907846,37.870536
228,95,23.907846,37.870547
228,96,23.908105,37.870528
228,97,23.909056,37.870417
228,98,23.909386,37.870356
228,99,23.908935,37.869926
228,100,23.908646,37.869475
228,101,23.908476,37.869456
228,102,23.907255,37.868957
228,103,23.906925,37.868606
228,104,23.906875,37.868667
228,105,23.907076,37.868876
228,106,23.907505,37.869155
228,107,23.908476,37.869415
228,108,23.908865,37.869834
228,109,23.909096,37.870135
228,110,23.909395,37.870364
228,111,23.909115,37.870456
228,112,23.908606,37.870486
228,113,23.907866,37.870555
228,114,23.907205,37.870426
228,115,23.907286,37.870346
228,116,23.907045,37.870227
228,117,23.907255,37.870406
228,118,23.907606,37.870524
228,119,23.907826,37.870536
228,120,23.907826,37.870547
228,121,23.908176,37.87051
228,122,23.909157,37.870448
228,123,23.909187,37.870219
228,124,23.908876,37.869769
228,125,23.908247,37.869387
228,126,23.907457,37.869068
228,127,23.907016,37.868717
228,128,23.906878,37.868625
228,129,23.906878,37.868674
228,130,23.907836,37.869284
228,131,23.908387,37.869403
228,132,23.908747,37.869594
228,133,23.908957,37.869964
228,134,23.909227,37.870243
228,135,23.909388,37.870494
228,136,23.909008,37.870463
228,137,23.908558,37.870483
228,138,23.908077,37.870482
228,139,23.907648,37.870483
228,140,23.907188,37.870365
228,141,23.907419,37.870433
228,142,23.907848,37.870532
228,143,23.907838,37.870532
228,144,23.908138,37.870494
228,145,23.908928,37.870425
228,146,23.909238,37.870246
228,147,23.908909,37.869785
228,148,23.908388,37.869396
228,149,23.907639,37.869197
228,150,23.907148,37.868839
228,151,23.907038,37.868747
228,152,23.907038,37.868747
228,153,23.906908,37.868655
228,154,23.906889,37.868507
228,155,23.90683,37.868526
228,156,23.906855,37.868568
228,157,23.907314,37.868648
228,158,23.908094,37.868709
228,159,23.909034,37.8689
228,160,23.910055,37.868629
228,161,23.911066,37.868689
228,162,23.911566,37.868018
228,163,23.910835,37.867179
228,164,23.910776,37.866729
228,165,23.910776,37.866729
228,166,23.911896,37.866767
228,167,23.911905,37.866767
228,168,23.912904,37.866947
228,169,23.914055,37.867118
228,170,23.914064,37.867118
228,171,23.914164,37.867149
228,172,23.914223,37.867179
228,173,23.915672,37.867667
228,174,23.917053,37.868038
228,175,23.917852,37.868316
228,176,23.918972,37.869247
228,177,23.920472,37.870337
228,178,23.921422,37.871856
228,179,23.923241,37.874797
228,180,23.92591,37.876518
228,181,23.928861,37.877639
228,182,23.930222,37.875419
228,183,23.931011,37.874129
228,184,23.931091,37.873938
228,185,23.930832,37.874667
228,186,23.928322,37.878928
228,187,23.925481,37.88375
228,188,23.924212,37.886242
228,189,23.922901,37.887653
228,190,23.919642,37.890971
228,191,23.914852,37.893882
228,192,23.910002,37.896991
228,193,23.906032,37.900642
228,194,23.900294,37.90142
228,195,23.895603,37.902999
228,196,23.894413,37.904701
228,197,23.894432,37.908569
228,198,23.895231,37.912738
228,199,23.892761,37.917079
228,200,23.89005,37.92155
228,201,23.884751,37.922938
228,202,23.884759,37.926928
228,203,23.884609,37.930229
228,204,23.88279,37.932609
228,205,23.884559,37.93497
228,206,23.888109,37.933002
228,207,23.8907,37.93555
228,208,23.892819,37.9402
228,209,23.895119,37.945102
228,210,23.897728,37.950381
228,211,23.899689,37.953959
228,212,23.90029,37.955661
228,213,23.90044,37.95758
228,214,23.90048,37.95993
228,215,23.900461,37.9626
228,216,23.902092,37.962989
228,217,23.906523,37.964099
228,218,23.907063,37.96466
228,219,23.906264,37.966289
228,220,23.905754,37.968509
228,221,23.905353,37.971618
228,222,23.903263,37.974906
228,223,23.899533,37.977558
228,224,23.895193,37.980369
228,225,23.891943,37.982521
228,226,23.887802,37.985172
228,227,23.882581,37.98783
228,228,23.880633,37.989322
228,229,23.880983,37.989642
228,230,23.881294,37.990112
228,231,23.881343,37.990062
228,232,23.881344,37.990222
228,233,23.881353,37.990104
228,234,23.881323,37.990203
228,235,23.881243,37.990062
228,236,23.881273,37.989982
228,237,23.881513,37.989952
228,238,23.881563,37.9901
228,239,23.881563,37.990119
228,240,23.881992,37.990508
228,241,23.882042,37.991069
228,242,23.881543,37.99285
228,243,23.880861,37.995391
228,244,23.880192,37.997882
228,245,23.880331,38.000091
228,246,23.880661,38.002242
228,247,23.88195,38.002322
228,248,23.884121,38.001861
228,249,23.884901,38.001689
228,250,23.884762,38.002021
228,251,23.884491,38.003272
228,252,23.884682,38.003513
228,253,23.887102,38.003871
228,254,23.890303,38.004401
228,255,23.892344,38.00447
228,256,23.892293,38.004642
228,257,23.892103,38.004722
228,258,23.892214,38.004722
228,259,23.892183,38.004722
228,260,23.892202,38.004702
228,261,23.892092,38.004783
228,262,23.892092,38.004653
228,263,23.892352,38.004665
228,264,23.892151,38.004535
228,265,23.890611,38.004566
228,266,23.88976,38.004436
228,267,23.889291,38.004345
228,268,23.888622,38.004233
228,269,23.887962,38.004123
228,270,23.886733,38.003932
228,271,23.885761,38.003722
228,272,23.884642,38.003524
228,273,23.884802,38.002445
228,274,23.884012,38.002174
228,275,23.883162,38.001704
228,276,23.882931,38.001514
228,277,23.88294,38.001575
228,278,23.882391,38.001636
228,279,23.882332,38.001315
228,280,23.882412,38.000525
228,281,23.881872,37.999255
228,282,23.880223,37.999195
228,283,23.880413,37.997123
228,284,23.881563,37.993014
228,285,23.882084,37.990676
228,286,23.881664,37.990318
228,287,23.881735,37.990367
228,288,23.881995,37.990798
228,289,23.881433,37.99163
228,290,23.881393,37.991641
228,291,23.881393,37.991641
228,292,23.881514,37.991642
228,293,23.881634,37.991572
228,294,23.882004,37.990802
228,295,23.881415,37.990191
228,296,23.881365,37.9901
228,297,23.881053,37.989711
228,298,23.880715,37.98936
228,299,23.880974,37.989691
228,300,23.881124,37.990394
228,301,23.881133,37.990283
228,302,23.881353,37.990165
228,303,23.881323,37.990073
228,304,23.881373,37.990092
228,305,23.881302,37.990032
228,306,23.881261,37.99005
228,307,23.881002,37.989669
228,308,23.880321,37.989059
228,309,23.880162,37.989071
228,310,23.879171,37.989612
228,311,23.877091,37.990951
228,312,23.875021,37.992331
228,313,23.873901,37.99129
228,314,23.872331,37.989821
228,315,23.869741,37.990642
228,316,23.870351,37.99129
228,317,23.872131,37.99327
228,318,23.8702,37.995529
228,319,23.870281,37.995799
228,320,23.870291,37.995799
228,321,23.870322,37.995948
228,322,23.86824,37.997069
228,323,23.865181,37.99871
228,324,23.861952,38.00003
228,325,23.858801,38.002009
228,326,23.85786,38.00381
228,327,23.857901,38.004661
228,328,23.85795,38.00513
228,329,23.85795,38.00513
228,330,23.857991,38.005409
228,331,23.858061,38.005698
228,332,23.858061,38.005698
228,333,23.858191,38.006187
228,334,23.858191,38.006198
228,335,23.858249,38.006438
228,336,23.858308,38.006648
228,337,23.858308,38.00666
228,338,23.858419,38.006992
228,339,23.858419,38.007022
228,340,23.858469,38.007251
228,341,23.858478,38.00727
228,342,23.858538,38.007411
228,343,23.857547,38.007873
228,344,23.856188,38.008563
228,345,23.857178,38.009655
228,346,23.855667,38.010696
228,347,23.854257,38.012706
228,348,23.852818,38.015887
228,349,23.851868,38.018008
228,350,23.850816,38.020297
228,351,23.849136,38.020575
228,352,23.847246,38.021026
228,353,23.846386,38.021137
228,354,23.843725,38.021445
228,355,23.840705,38.021636
228,356,23.838716,38.021617
228,357,23.838006,38.022708
228,358,23.837948,38.023299
228,359,23.838518,38.02468
228,360,23.841109,38.025409
228,361,23.843138,38.026988
228,362,23.842758,38.027339
228,363,23.839938,38.02854
228,364,23.837469,38.029632
228,365,23.837469,38.029643
228,366,23.837118,38.029575
228,367,23.835948,38.027935
228,368,23.83425,38.026256
228,369,23.83349,38.025085
228,370,23.832929,38.024913
228,371,23.83263,38.025302
228,372,23.832121,38.025413
228,373,23.83123,38.025874
228,374,23.83049,38.026282
228,375,23.82294,38.032474
228,376,23.82319,38.032672
228,377,23.822781,38.033023
228,378,23.82255,38.033244
228,379,23.82263,38.033206
228,380,23.82294,38.032966
228,381,23.823341,38.032634
228,382,23.82336,38.032603
228,383,23.82287,38.032382
228,384,23.822812,38.032444
228,385,23.822841,38.032382
228,386,23.822961,38.032272
228,387,23.830942,38.025931
228,388,23.832442,38.025283
228,389,23.832921,38.024772
228,390,23.833772,38.025394
228,391,23.834583,38.026412
228,392,23.835863,38.026744
228,393,23.838114,38.025764
228,394,23.839814,38.025153
228,395,23.838182,38.024093
228,396,23.837781,38.022945
228,397,23.838522,38.021835
228,398,23.840662,38.021636
228,399,23.844763,38.021347
228,400,23.846853,38.021106
228,401,23.848123,38.020774
228,402,23.850673,38.020522
228,403,23.852203,38.017162
228,404,23.854063,38.013022
228,405,23.856514,38.010173
228,406,23.857923,38.009014
228,407,23.857584,38.008155
228,408,23.857544,38.008007
228,409,23.857115,38.006858
228,410,23.855274,38.00719
228,411,23.855845,38.005828
228,412,23.856405,38.004768
228,413,23.856455,38.003177
228,414,23.859415,38.001617
228,415,23.863355,37.999507
228,416,23.867035,37.997718
228,417,23.871395,37.995688
228,418,23.874165,37.992877
228,419,23.877575,37.990588
228,420,23.880295,37.98907
228,421,23.881294,37.990088
228,422,23.881334,37.99018
228,423,23.881445,37.990142
228,424,23.881284,37.990051
228,425,23.881384,37.99002
228,426,23.881254,37.990058
228,427,23.881393,37.990199
228,428,23.881433,37.99018
228,429,23.881424,37.990261
228,430,23.882075,37.990729
228,431,23.882025,37.991291
228,432,23.881505,37.99319
228,433,23.880754,37.995952
228,434,23.880145,37.998882
228,435,23.880635,38.001552
228,436,23.880774,38.00294
228,437,23.880804,38.003112
228,438,23.880804,38.003173
228,439,23.880794,38.003383
228,440,23.880794,38.003451
228,441,23.880594,38.003623
228,442,23.879184,38.003715
228,443,23.876483,38.003913
228,444,23.873683,38.004744
228,445,23.871933,38.005756
228,446,23.871693,38.007915
228,447,23.870973,38.010227
228,448,23.870794,38.010848
228,449,23.870184,38.010909
228,450,23.869323,38.010989
228,451,23.868513,38.011291
228,452,23.868253,38.012531
228,453,23.867893,38.013751
228,454,23.867303,38.015052
228,455,23.866915,38.015804
228,456,23.866624,38.016314
228,457,23.865885,38.017104
228,458,23.864995,38.017905
228,459,23.863943,38.018665
228,460,23.862272,38.019626
228,461,23.860931,38.020225
228,462,23.86037,38.020404
228,463,23.85934,38.020392
228,464,23.85885,38.020541
228,465,23.857139,38.020893
228,466,23.85565,38.021144
228,467,23.85452,38.021316
228,468,23.85347,38.021465
228,469,23.853189,38.021502
228,470,23.852609,38.021583
228,471,23.851989,38.021663
228,472,23.85085,38.021835
228,473,23.849868,38.021953
228,474,23.849138,38.022113
228,475,23.848078,38.022132
228,476,23.847448,38.022273
228,477,23.846609,38.022403
228,478,23.845499,38.022563
228,479,23.844499,38.022723
228,480,23.843359,38.022823
228,481,23.842668,38.022792
228,482,23.842838,38.022673
228,483,23.843519,38.022544
228,484,23.844359,38.022426
228,485,23.844738,38.022346
228,486,23.845398,38.022235
228,487,23.845398,38.022204
228,488,23.845107,38.022304
228,489,23.844448,38.022365
228,490,23.843208,38.022537
228,491,23.843178,38.022537
228,492,23.843178,38.022548
228,493,23.842907,38.022738
228,494,23.843746,38.022708
228,495,23.843956,38.022708
228,496,23.843956,38.022696
228,497,23.844766,38.022555
228,498,23.845987,38.022407
228,499,23.847288,38.022185
228,500,23.848577,38.022026
228,501,23.849838,38.021884
228,502,23.851048,38.021735
228,503,23.851788,38.021617
228,504,23.851788,38.021499
228,505,23.850567,38.0214
228,506,23.850536,38.020809
228,507,23.851877,38.017897
228,508,23.853207,38.014907
228,509,23.854468,38.012126
228,510,23.855788,38.010585
228,511,23.857116,38.009764
228,512,23.857196,38.009684
228,513,23.857457,38.009334
228,514,23.858027,38.009082
228,515,23.857536,38.008151
228,516,23.857425,38.00793
228,517,23.859365,38.007449
228,518,23.862806,38.006889
228,519,23.866366,38.006179
228,520,23.867836,38.004588
228,521,23.867116,38.002487
228,522,23.866307,38.000426
228,523,23.865366,37.998736
228,524,23.865346,37.998637
228,525,23.868076,37.997119
228,526,23.872467,37.99507
228,527,23.875347,37.992019
228,528,23.878897,37.989688
228,529,23.880658,37.98941
228,530,23.881338,37.989989
228,531,23.881278,37.990001
228,532,23.88089,37.989452
228,533,23.880449,37.98902
228,534,23.8799,37.989192
228,535,23.877569,37.990631
228,536,23.875019,37.992431
228,537,23.876159,37.994133
228,538,23.87602,37.996501
228,539,23.87499,37.995959
228,540,23.87311,37.995639
228,541,23.870471,37.996127
228,542,23.86965,37.996269
228,543,23.866601,37.997989
228,544,23.86376,37.9994
228,545,23.860799,38.000682
228,546,23.85811,38.002361
228,547,23.85814,38.000949
228,548,23.858441,37.999469
228,549,23.8578,37.998107
228,550,23.85737,37.997638
228,551,23.854891,37.99794
228,552,23.852751,37.998099
228,553,23.852751,37.998489
228,554,23.852732,37.99908
228,555,23.852182,37.999301
228,556,23.850903,37.998401
228,557,23.850024,37.99776
228,558,23.848673,37.997291
228,559,23.847464,37.996841
228,560,23.845354,37.99681
228,561,23.844164,37.997692
228,562,23.843852,37.998981
228,563,23.844303,37.999621
228,564,23.844344,37.999923
228,565,23.844423,37.999934
228,566,23.844094,37.999663
228,567,23.843874,37.999374
228,568,23.843774,37.998752
228,569,23.844015,37.997722
228,570,23.844786,37.997061
228,571,23.846216,37.996642
228,572,23.847557,37.996822
228,573,23.848427,37.9971
228,574,23.848957,37.997352
228,575,23.848828,37.997242
228,576,23.848907,37.997302
228,577,23.850227,37.997821
228,578,23.851797,37.999011
228,579,23.852637,37.99877
228,580,23.852776,37.998
228,581,23.856306,37.997711
228,582,23.857706,37.998001
228,583,23.858387,37.999259
228,584,23.858097,38.00093
228,585,23.857947,38.002109
228,586,23.857947,38.002178
228,587,23.859867,38.001167
228,588,23.863077,37.999507
228,589,23.866657,37.997799
228,590,23.871338,37.995597
228,591,23.874209,37.992706
228,592,23.876768,37.991027
228,593,23.880248,37.988967
228,594,23.8813,37.990008
228,595,23.88125,37.990069
228,596,23.881371,37.989959
228,597,23.88136,37.989997
228,598,23.881312,37.989879
228,599,23.881262,37.98978
228,600,23.880451,37.989039
228,601,23.879471,37.989341
228,602,23.877191,37.990791
228,603,23.875122,37.992191
228,604,23.874141,37.991489
228,605,23.872551,37.989719
228,606,23.87001,37.990569
228,607,23.870889,37.99174
228,608,23.87193,37.994133
228,609,23.870329,37.995773
228,610,23.870319,37.995932
228,611,23.868029,37.997154
228,612,23.865059,37.998744
228,613,23.86221,37.999892
228,614,23.859329,38.001663
228,615,23.85793,38.003314
228,616,23.85816,38.005924
228,617,23.85853,38.007213
228,618,23.85798,38.007682
228,619,23.85609,38.00841
228,620,23.856901,38.009242
228,621,23.857102,38.009754
228,622,23.855402,38.010864
228,623,23.853762,38.013794
228,624,23.852312,38.016994
228,625,23.851462,38.018832
228,626,23.850372,38.020744
228,627,23.848553,38.020602
228,628,23.846873,38.021091
228,629,23.844563,38.021331
228,630,23.841762,38.021392
228,631,23.839172,38.02159
228,632,23.837113,38.020831
228,633,23.837263,38.0204
228,634,23.837023,38.01971
228,635,23.836264,38.018791
228,636,23.835563,38.018241
228,637,23.834453,38.018962
228,638,23.833433,38.01974
228,639,23.832273,38.020732
228,640,23.830892,38.021373
228,641,23.830292,38.021674
228,642,23.829361,38.022125
228,643,23.829482,38.022846
228,644,23.831442,38.023097
228,645,23.833042,38.023456
228,646,23.833322,38.023735
228,647,23.833883,38.023914
228,648,23.834854,38.023814
228,649,23.834784,38.023455
228,650,23.834102,38.023147
228,651,23.834463,38.022838
228,652,23.834963,38.022709
228,653,23.835364,38.022869
228,654,23.836503,38.023318
228,655,23.836303,38.0232
228,656,23.836344,38.023299
228,657,23.836063,38.02312
228,658,23.835434,38.022971
228,659,23.834644,38.022891
228,660,23.834255,38.023341
228,661,23.835044,38.02357
228,662,23.834694,38.02399
228,663,23.834555,38.02402
228,664,23.834545,38.024039
228,665,23.833734,38.024009
228,666,23.833305,38.023788
228,667,23.832506,38.023418
228,668,23.830967,38.023139
228,669,23.829068,38.023028
228,670,23.829687,38.023509
228,671,23.832768,38.024619
228,672,23.834747,38.026641
228,673,23.836598,38.028541
228,674,23.838678,38.027671
228,675,23.841849,38.02624
228,676,23.843078,38.026561
228,677,23.84578,38.025481
228,678,23.848789,38.025032
228,679,23.849199,38.024902
228,680,23.848009,38.022613
228,681,23.845979,38.019455
228,682,23.84436,38.016402
228,683,23.84355,38.013362
228,684,23.843979,38.011924
228,685,23.844188,38.011874
228,686,23.844149,38.011893
228,687,23.844987,38.011695
228,688,23.846807,38.011486
228,689,23.848917,38.011184
228,690,23.851087,38.010833
228,691,23.852058,38.010654
228,692,23.851738,38.010684
228,693,23.851578,38.010913
228,694,23.851427,38.011962
228,695,23.853347,38.011882
228,696,23.854766,38.0115
228,697,23.856926,38.009849
228,698,23.857846,38.009089
228,699,23.857574,38.008128
228,700,23.857484,38.00801
228,701,23.858555,38.007548
228,702,23.861716,38.007068
228,703,23.865745,38.006236
228,704,23.867195,38.005947
228,705,23.867824,38.004566
228,706,23.867035,38.002235
228,707,23.866255,38.000286
228,708,23.865835,37.999427
228,709,23.865616,37.998427
228,710,23.868767,37.996657
228,711,23.869957,37.996036
228,712,23.871877,37.995414
228,713,23.873947,37.992995
228,714,23.877157,37.990794
228,715,23.880056,37.988994
228,716,23.880867,37.989573
228,717,23.881308,37.990043
228,718,23.881208,37.990013
228,719,23.881227,37.990013
228,720,23.881357,37.990042
228,721,23.881277,37.990032
228,722,23.881297,37.990123
228,723,23.881297,37.990104
228,724,23.881506,37.990234
228,725,23.881515,37.990234
228,726,23.881296,37.990005
228,727,23.881296,37.989825
228,728,23.881315,37.989825
