229,1,23.881311,37.990146
229,2,23.881571,37.990256
229,3,23.881481,37.990237
229,4,23.881481,37.990249
229,5,23.881571,37.990367
229,6,23.881441,37.990196
229,7,23.88117,37.989944
229,8,23.88126,37.989932
229,9,23.881189,37.989864
229,10,23.881289,37.989955
229,11,23.881289,37.989986
229,12,23.880977,37.989597
229,13,23.880447,37.989085
229,14,23.879618,37.989284
229,15,23.877536,37.990615
229,16,23.875197,37.992164
229,17,23.874965,37.992324
229,18,23.874337,37.991783
229,19,23.872816,37.989883
229,20,23.870726,37.990081
229,21,23.869545,37.990703
229,22,23.867654,37.989635
229,23,23.865805,37.987674
229,24,23.864744,37.986053
229,25,23.863994,37.986324
229,26,23.862555,37.986965
229,27,23.860344,37.987945
229,28,23.857313,37.989245
229,29,23.854003,37.990676
229,30,23.850664,37.992156
229,31,23.849853,37.993026
229,32,23.848823,37.992694
229,33,23.849603,37.991153
229,34,23.850374,37.989025
229,35,23.850593,37.987506
229,36,23.850763,37.986247
229,37,23.850914,37.985255
229,38,23.851025,37.984755
229,39,23.851573,37.982677
229,40,23.852243,37.980377
229,41,23.852663,37.978965
229,42,23.852142,37.978866
229,43,23.850812,37.978847
229,44,23.848984,37.978809
229,45,23.848012,37.978839
229,46,23.847254,37.978888
229,47,23.846853,37.97932
229,48,23.847204,37.979572
229,49,23.847833,37.979602
229,50,23.847815,37.979621
229,51,23.847845,37.979659
229,52,23.847845,37.979869
229,53,23.847836,37.980018
229,54,23.847845,37.979629
229,55,23.849106,37.97961
229,56,23.851305,37.979609
229,57,23.852246,37.97964
229,58,23.852356,37.979652
229,59,23.852356,37.979984
229,60,23.851486,37.983043
229,61,23.851246,37.983993
229,62,23.850816,37.985843
229,63,23.850536,37.988235
229,64,23.849846,37.990493
229,65,23.849306,37.992633
229,66,23.850526,37.995895
229,67,23.850397,37.997985
229,68,23.851737,37.998996
229,69,23.852568,37.998916
229,70,23.852799,37.997978
229,71,23.856068,37.997676
229,72,23.856077,37.997947
229,73,23.856096,37.997958
229,74,23.856207,37.997897
229,75,23.857477,37.997619
229,76,23.858097,37.99866
229,77,23.858078,38.00096
229,78,23.857979,38.002151
229,79,23.858759,38.00193
229,80,23.862519,37.999721
229,81,23.866259,37.998031
229,82,23.869808,37.996063
229,83,23.872648,37.994842
229,84,23.874538,37.992522
229,85,23.877588,37.990481
229,86,23.880298,37.989032
229,87,23.881199,37.989944
229,88,23.881309,37.990043
229,89,23.881309,37.990054
229,90,23.8813,37.990134
229,91,23.881849,37.990535
229,92,23.881869,37.990535
229,93,23.881258,37.990047
229,94,23.880428,37.989188
229,95,23.879938,37.989238
229,96,23.878278,37.990229
229,97,23.875858,37.99182
229,98,23.874659,37.992351
229,99,23.873317,37.990592
229,100,23.872038,37.989863
229,101,23.869929,37.990875
229,102,23.871338,37.992274
229,103,23.871307,37.994514
229,104,23.870327,37.995902
229,105,23.868227,37.997073
229,106,23.865116,37.998744
229,107,23.862256,37.999904
229,108,23.859547,38.001532
229,109,23.857915,38.003074
229,110,23.857987,38.005515
229,111,23.858446,38.007114
229,112,23.858486,38.007324
229,113,23.858527,38.007464
229,114,23.858536,38.007476
229,115,23.858246,38.007624
229,116,23.856286,38.008247
229,117,23.853254,38.009078
229,118,23.849584,38.00975
229,119,23.846264,38.010318
229,120,23.844003,38.010669
229,121,23.844003,38.010681
229,122,23.842924,38.010791
229,123,23.840873,38.01102
229,124,23.838154,38.011958
229,125,23.834814,38.013129
229,126,23.833374,38.01345
229,127,23.830593,38.014018
229,128,23.827433,38.014118
229,129,23.824204,38.013969
229,130,23.821063,38.013797
229,131,23.820543,38.013778
229,132,23.820034,38.013698
229,133,23.817114,38.012878
229,134,23.816224,38.012638
229,135,23.816223,38.012667
229,136,23.815812,38.012588
229,137,23.814213,38.012237
229,138,23.812433,38.011805
229,139,23.812004,38.011706
229,140,23.811824,38.011676
229,141,23.809645,38.011188
229,142,23.807354,38.010139
229,143,23.805873,38.009437
229,144,23.803614,38.008468
229,145,23.802694,38.008098
229,146,23.800974,38.007476
229,147,23.799604,38.007186
229,148,23.797834,38.006626
229,149,23.795663,38.005794
229,150,23.795584,38.005756
229,151,23.794994,38.005286
229,152,23.794284,38.004805
229,153,23.792644,38.003585
229,154,23.792413,38.003413
229,155,23.791793,38.002822
229,156,23.791415,38.002593
229,157,23.790714,38.002334
229,158,23.789364,38.001926
229,159,23.788824,38.001716
229,160,23.787215,38.001117
229,161,23.785984,38.001708
229,162,23.784643,38.00238
229,163,23.783933,38.002731
229,164,23.783915,38.002711
229,165,23.782724,38.003303
229,166,23.782243,38.003341
229,167,23.781124,38.001891
229,168,23.778814,38.001403
229,169,23.777074,38.001514
229,170,23.775665,38.001285
229,171,23.774546,38.001784
229,172,23.774065,38.001994
229,173,23.774016,38.001944
229,174,23.773565,38.002117
229,175,23.773435,38.002166
229,176,23.773435,38.002166
229,177,23.772906,38.001834
229,178,23.770805,37.999694
229,179,23.768345,37.996543
229,180,23.767535,37.994792
229,181,23.767134,37.994014
229,182,23.766874,37.993465
229,183,23.766614,37.993003
229,184,23.766575,37.992912
229,185,23.766294,37.992343
229,186,23.766285,37.992263
229,187,23.765933,37.991534
229,188,23.765885,37.991474
229,189,23.765734,37.991263
229,190,23.765414,37.990924
229,191,23.765454,37.990863
229,192,23.765303,37.990641
229,193,23.765133,37.990371
229,194,23.764602,37.989723
229,195,23.764563,37.989642
229,196,23.764412,37.989421
229,197,23.764002,37.989013
229,198,23.763902,37.988883
229,199,23.763302,37.988342
229,200,23.762402,37.987613
229,201,23.762142,37.987403
229,202,23.761812,37.987243
229,203,23.761541,37.987483
229,204,23.761522,37.987495
229,205,23.761383,37.987475
229,206,23.761463,37.987438
229,207,23.761373,37.987475
229,208,23.761484,37.987254
229,209,23.761573,37.987136
229,210,23.761593,37.987124
229,211,23.761352,37.986804
229,212,23.761361,37.986793
229,213,23.761343,37.986515
229,214,23.762333,37.986194
229,215,23.763483,37.986076
229,216,23.765043,37.985878
229,217,23.765423,37.986365
229,218,23.766604,37.987384
229,219,23.768473,37.988963
229,220,23.771041,37.990733
229,221,23.772093,37.991355
229,222,23.775612,37.992945
229,223,23.778862,37.995227
229,224,23.778912,37.995257
229,225,23.780562,37.996238
229,226,23.783632,37.998489
229,227,23.786053,38.000259
229,228,23.787092,38.000858
229,229,23.787962,38.001247
229,230,23.787981,38.001247
229,231,23.789101,38.001628
229,232,23.789781,38.001887
229,233,23.790521,38.002277
229,234,23.792161,38.003158
229,235,23.792683,38.003528
229,236,23.793272,38.003966
229,237,23.795023,38.005206
229,238,23.798282,38.006587
229,239,23.802733,38.007838
229,240,23.806843,38.00957
229,241,23.811413,38.011272
229,242,23.816053,38.01234
229,243,23.819594,38.013309
229,244,23.823365,38.01371
229,245,23.824454,38.013771
229,246,23.824893,38.013801
229,247,23.828323,38.013893
229,248,23.832393,38.013442
229,249,23.836143,38.012622
229,250,23.839363,38.011184
229,251,23.843224,38.010623
229,252,23.847094,38.010082
229,253,23.852252,38.009192
229,254,23.856592,38.008102
229,255,23.858353,38.007583
229,256,23.858932,38.007522
229,257,23.861212,38.00714
229,258,23.865612,38.006259
229,259,23.867631,38.00495
229,260,23.867311,38.003211
229,261,23.866371,38.000792
229,262,23.86536,37.998862
229,263,23.86672,37.997871
229,264,23.87002,37.99607
229,265,23.870039,37.996058
229,266,23.871959,37.995418
229,267,23.874118,37.992878
229,268,23.87501,37.992256
229,269,23.87825,37.990115
229,270,23.880461,37.989284
229,271,23.881311,37.990172
229,272,23.881331,37.990093
229,273,23.881271,37.990203
229,274,23.881151,37.990623
229,275,23.88117,37.990661
229,276,23.88155,37.990962
229,277,23.88163,37.990401
229,278,23.881241,37.990203
229,279,23.881271,37.990172
229,280,23.881281,37.990013
229,281,23.881241,37.99005
229,282,23.88116,37.989902
229,283,23.88116,37.989902
229,284,23.881022,37.989692
229,285,23.880281,37.989001
229,286,23.879011,37.98965
229,287,23.876692,37.99118
229,288,23.875011,37.992301
229,289,23.874971,37.992331
229,290,23.874092,37.991554
229,291,23.872483,37.989772
229,292,23.870032,37.990531
229,293,23.870692,37.991523
229,294,23.87219,37.993713
229,295,23.87027,37.995723
229,296,23.87028,37.995784
229,297,23.87028,37.995784
229,298,23.870279,37.995975
229,299,23.86797,37.997203
229,300,23.864808,37.998874
229,301,23.861658,38.000132
229,302,23.858788,38.001995
229,303,23.857857,38.003746
229,304,23.858036,38.005626
229,305,23.858126,38.006115
229,306,23.858145,38.006164
229,307,23.858204,38.006363
229,308,23.858324,38.006713
229,309,23.858324,38.006724
229,310,23.858404,38.006965
229,311,23.858404,38.006995
229,312,23.858424,38.007026
229,313,23.858482,38.007255
229,314,23.858502,38.007255
229,315,23.858531,38.007324
229,316,23.857612,38.007732
229,317,23.856292,38.008212
229,318,23.856493,38.00878
229,319,23.856533,38.008842
229,320,23.857103,38.009501
229,321,23.856052,38.010413
229,322,23.854342,38.012454
229,323,23.852852,38.015765
229,324,23.851652,38.018257
229,325,23.850573,38.020705
229,326,23.848853,38.020595
229,327,23.847131,38.021076
229,328,23.847311,38.021587
229,329,23.848221,38.022937
229,330,23.8486,38.023666
229,331,23.848841,38.024154
229,332,23.849001,38.024513
229,333,23.84947,38.025234
229,334,23.849821,38.025745
229,335,23.850071,38.026084
229,336,23.85012,38.026256
229,337,23.848002,38.026985
229,338,23.845241,38.028556
229,339,23.84394,38.028438
229,340,23.842791,38.027346
229,341,23.84015,38.028537
229,342,23.837761,38.029597
229,343,23.83769,38.029616
229,344,23.83752,38.029697
229,345,23.83735,38.029758
229,346,23.83735,38.029758
229,347,23.836941,38.029338
229,348,23.83554,38.027476
229,349,23.834461,38.026436
229,350,23.833841,38.025695
229,351,23.833231,38.024966
229,352,23.832871,38.024978
229,353,23.832541,38.025409
229,354,23.83201,38.0255
229,355,23.83112,38.02594
229,356,23.83049,38.026309
229,357,23.82301,38.03252
229,358,23.822859,38.032649
229,359,23.823158,38.032397
229,360,23.823038,38.032588
229,361,23.823358,38.032577
229,362,23.829729,38.027057
229,363,23.831249,38.026157
229,364,23.832498,38.025477
229,365,23.832968,38.024807
229,366,23.833578,38.025145
229,367,23.834228,38.026164
229,368,23.835239,38.027045
229,369,23.837079,38.026107
229,370,23.839131,38.025397
229,371,23.8391,38.024917
229,372,23.837999,38.023486
229,373,23.838209,38.022246
229,374,23.839748,38.021766
229,375,23.842958,38.021487
229,376,23.845339,38.021247
229,377,23.846859,38.021106
229,378,23.84857,38.020637
229,379,23.85083,38.020217
229,380,23.85248,38.016566
229,381,23.85432,38.012527
229,382,23.85635,38.010295
229,383,23.85782,38.009147
229,384,23.858221,38.008868
229,385,23.857632,38.00814
229,386,23.857613,38.008128
229,387,23.858053,38.007648
229,388,23.860183,38.007278
229,389,23.864883,38.006427
229,390,23.867742,38.004836
229,391,23.866903,38.001945
229,392,23.866783,38.001674
229,393,23.866252,38.000236
229,394,23.865352,37.998695
229,395,23.865853,37.998325
229,396,23.869772,37.996135
229,397,23.870102,37.996036
229,398,23.872171,37.995307
229,399,23.874591,37.992587
229,400,23.875162,37.992187
229,401,23.878842,37.989788
229,402,23.880923,37.989627
229,403,23.881242,37.989959
229,404,23.881242,37.98994
229,405,23.881274,37.990112
229,406,23.881323,37.990172
229,407,23.881243,37.990043
229,408,23.881233,37.990054
229,409,23.881193,37.989894
229,410,23.881183,37.989894
229,411,23.881024,37.989753
229,412,23.880354,37.989131
229,413,23.880255,37.989013
229,414,23.881374,37.988383
229,415,23.883045,37.987815
229,416,23.882617,37.989344
229,417,23.881846,37.992175
229,418,23.880966,37.995315
229,419,23.880177,37.998553
229,420,23.880605,38.001365
229,421,23.881206,38.002486
229,422,23.883525,38.002296
229,423,23.884886,38.001846
229,424,23.884497,38.003176
229,425,23.884737,38.003627
229,426,23.887607,38.004058
229,427,23.891496,38.004588
229,428,23.896227,38.00378
229,429,23.900207,38.003131
229,430,23.904228,38.002681
229,431,23.908039,38.00262
229,432,23.911228,38.002379
229,433,23.911718,38.002208
229,434,23.911789,38.002486
229,435,23.912229,38.002658
229,436,23.91275,38.002769
229,437,23.91313,38.00291
229,438,23.91321,38.00386
229,439,23.913401,38.00505
229,440,23.91364,38.005629
229,441,23.913481,38.005691
229,442,23.913591,38.00571
229,443,23.913591,38.005698
229,444,23.913631,38.005668
229,445,23.913631,38.005657
229,446,23.913702,38.005576
229,447,23.913482,38.005656
229,448,23.913113,38.005767
229,449,23.912841,38.006045
229,450,23.912602,38.006378
229,451,23.912311,38.006709
229,452,23.912111,38.006881
229,453,23.912092,38.006892
229,454,23.912132,38.006842
229,455,23.912483,38.006473
229,456,23.912483,38.006473
229,457,23.913202,38.005721
229,458,23.913443,38.005301
229,459,23.913313,38.004783
229,460,23.913313,38.004771
229,461,23.913254,38.00423
229,462,23.913173,38.002879
229,463,23.911604,38.0023
229,464,23.909514,38.00257
229,465,23.904224,38.002711
229,466,23.897955,38.003501
229,467,23.892315,38.004543
229,468,23.887884,38.004161
229,469,23.883653,38.003569
229,470,23.881534,38.003849
229,471,23.881335,38.003848
229,472,23.880794,38.002856
229,473,23.880264,37.999896
229,474,23.880954,37.995357
229,475,23.882124,37.991096
229,476,23.881523,37.990306
229,477,23.881443,37.990157
229,478,23.881444,37.990066
229,479,23.881323,37.989905
229,480,23.881292,37.990047
229,481,23.881712,37.990547
229,482,23.882153,37.990848
229,483,23.882133,37.99118
229,484,23.881723,37.992679
229,485,23.881203,37.994567
229,486,23.880792,37.996177
229,487,23.880792,37.996189
229,488,23.880693,37.996509
229,489,23.880363,37.997729
229,490,23.880203,37.999488
229,491,23.880614,38.00111
229,492,23.880733,38.002417
229,493,23.880743,38.00267
229,494,23.880792,38.00281
229,495,23.880811,38.002971
229,496,23.88083,38.003039
229,497,23.88084,38.00341
229,498,23.880831,38.00347
229,499,23.88064,38.0037
229,500,23.879629,38.0037
229,501,23.878209,38.003719
229,502,23.876459,38.003848
229,503,23.874439,38.004409
229,504,23.872049,38.005149
229,505,23.87216,38.006617
229,506,23.870859,38.008518
229,507,23.871069,38.010658
229,508,23.87035,38.010798
229,509,23.86904,38.01094
229,510,23.868539,38.011192
229,511,23.868219,38.01263
229,512,23.86771,38.014201
229,513,23.86712,38.01538
229,514,23.866732,38.016139
229,515,23.866171,38.016769
229,516,23.865271,38.0176
229,517,23.86409,38.018539
229,518,23.8626,38.019371
229,519,23.860831,38.020202
229,520,23.859991,38.020282
229,521,23.859101,38.020553
229,522,23.857851,38.020793
229,523,23.856612,38.021003
229,524,23.855531,38.021163
229,525,23.854681,38.021304
229,526,23.853602,38.021423
229,527,23.85296,38.021503
229,528,23.85243,38.021571
229,529,23.8514,38.021732
229,530,23.850481,38.02188
229,531,23.849751,38.021949
229,532,23.848911,38.022049
229,533,23.848152,38.022059
229,534,23.847501,38.02217
229,535,23.846561,38.02233
229,536,23.845501,38.02249
229,537,23.844841,38.022571
229,538,23.844081,38.022712
229,539,23.843472,38.02275
229,540,23.843011,38.022762
229,541,23.842601,38.022761
229,542,23.842682,38.022724
229,543,23.843062,38.022552
229,544,23.843651,38.022441
229,545,23.84485,38.0223
229,546,23.845011,38.022311
229,547,23.84511,38.022323
229,548,23.845341,38.022254
229,549,23.84518,38.022274
229,550,23.8456,38.022181
229,551,23.8456,38.02217
229,552,23.845421,38.022239
229,553,23.84515,38.02225
229,554,23.843479,38.02248
229,555,23.84346,38.02249
229,556,23.84346,38.02248
229,557,23.843441,38.02267
229,558,23.844851,38.02248
229,559,23.846521,38.022258
229,560,23.847912,38.02211
229,561,23.848973,38.021991
229,562,23.849851,38.02185
229,563,23.850712,38.021781
229,564,23.852291,38.021529
229,565,23.853632,38.021331
229,566,23.855041,38.02116
229,567,23.85629,38.020961
229,568,23.857722,38.020709
229,569,23.858801,38.02035
229,570,23.86034,38.020152
229,571,23.860781,38.020134
229,572,23.862451,38.019393
229,573,23.864801,38.017852
229,574,23.86609,38.016784
229,575,23.86675,38.015983
229,576,23.86675,38.015983
229,577,23.86697,38.015582
229,578,23.86718,38.015121
229,579,23.86786,38.013709
229,580,23.868132,38.012828
229,581,23.868561,38.011119
229,582,23.869591,38.01044
229,583,23.870941,38.010329
229,584,23.8707,38.008651
229,585,23.871882,38.005992
229,586,23.872681,38.004924
229,587,23.874161,38.004535
229,588,23.874901,38.004264
229,589,23.875301,38.004103
229,590,23.874891,38.002513
229,591,23.87631,38.002082
229,592,23.8761,38.000091
229,593,23.875881,37.999389
229,594,23.875841,37.999389
229,595,23.875872,37.998638
229,596,23.876211,37.998427
229,597,23.876071,37.995696
229,598,23.874983,37.992625
229,599,23.874964,37.992614
229,600,23.874945,37.992263
229,601,23.877945,37.990272
229,602,23.880385,37.989143
229,603,23.881255,37.990043
229,604,23.881255,37.989932
229,605,23.881214,37.990023
229,606,23.881233,37.990134
229,607,23.881384,37.990097
229,608,23.882115,37.990546
229,609,23.882115,37.990607
229,610,23.881745,37.990417
229,611,23.881343,37.989978
229,612,23.881153,37.990138
