23,1,23.843223,37.99718
23,2,23.842783,37.995079
23,3,23.844424,37.994437
23,4,23.847723,37.994598
23,5,23.848513,37.992976
23,6,23.849793,37.992489
23,7,23.853233,37.990978
23,8,23.857023,37.989326
23,9,23.861013,37.987625
23,10,23.864214,37.986243
23,11,23.865684,37.987563
23,12,23.867695,37.989642
23,13,23.870075,37.990394
23,14,23.873004,37.990253
23,15,23.874646,37.992274
23,16,23.875715,37.991683
23,17,23.879265,37.989425
23,18,23.880585,37.989376
23,19,23.881106,37.989825
23,20,23.881145,37.989875
23,21,23.881655,37.990424
23,22,23.881556,37.990413
23,23,23.881525,37.990333
23,24,23.881214,37.990333
23,25,23.881144,37.990241
23,26,23.881295,37.989921
23,27,23.880344,37.989032
23,28,23.879095,37.989662
23,29,23.876184,37.991573
23,30,23.874645,37.992621
23,31,23.873165,37.994453
23,32,23.870806,37.995883
23,33,23.870695,37.995914
23,34,23.867836,37.997253
23,35,23.863856,37.999282
23,36,23.859886,38.001224
23,37,23.857915,38.003054
23,38,23.857916,38.004966
23,39,23.857925,38.005065
23,40,23.857996,38.005496
23,41,23.857977,38.005515
23,42,23.858036,38.005855
23,43,23.858067,38.005916
23,44,23.858107,38.006026
23,45,23.858166,38.006225
23,46,23.858166,38.006236
23,47,23.858335,38.006847
23,48,23.858345,38.006866
23,49,23.858385,38.007007
23,50,23.858536,38.007389
23,51,23.858536,38.007389
23,52,23.858076,38.007586
23,53,23.856035,38.008308
23,54,23.852566,38.00914
23,55,23.848495,38.00986
23,56,23.844286,38.010471
23,57,23.839676,38.011092
23,58,23.836355,38.012652
23,59,23.835834,38.012794
23,60,23.834145,38.013164
23,61,23.833605,38.013275
23,62,23.833585,38.013275
23,63,23.831855,38.013656
23,64,23.830946,38.013877
23,65,23.830277,38.013958
23,66,23.829487,38.013988
23,67,23.828767,38.013988
23,68,23.828367,38.013999
23,69,23.827128,38.013999
23,70,23.826668,38.01398
23,71,23.826357,38.01398
23,72,23.824726,38.013919
23,73,23.823946,38.01387
23,74,23.823927,38.013858
23,75,23.822977,38.013858
23,76,23.821068,38.013789
23,77,23.820848,38.013771
23,78,23.820768,38.013759
23,79,23.820418,38.013759
23,80,23.818557,38.013279
23,81,23.816298,38.01263
23,82,23.816187,38.012592
23,83,23.814837,38.012271
23,84,23.814657,38.012241
23,85,23.813858,38.01205
23,86,23.813738,38.012031
23,87,23.813558,38.011981
23,88,23.812957,38.011832
23,89,23.811798,38.011592
23,90,23.811779,38.011523
23,91,23.811729,38.011825
23,92,23.811049,38.012923
23,93,23.809389,38.014053
23,94,23.807619,38.015403
23,95,23.806759,38.015483
23,96,23.805559,38.015601
23,97,23.805038,38.01472
23,98,23.804798,38.01369
23,99,23.803478,38.01392
23,100,23.802238,38.01374
23,101,23.801689,38.013488
23,102,23.801539,38.013377
23,103,23.801399,38.013327
23,104,23.801129,38.01329
23,105,23.800938,38.013259
23,106,23.800777,38.01324
23,107,23.800728,38.01419
23,108,23.800607,38.015761
23,109,23.800746,38.01699
23,110,23.800746,38.017001
23,111,23.800778,38.017242
23,112,23.800787,38.017291
23,113,23.800786,38.01731
23,114,23.800436,38.017589
23,115,23.799936,38.017577
23,116,23.797906,38.017386
23,117,23.797478,38.017386
23,118,23.797458,38.017398
23,119,23.797079,38.017459
23,120,23.79706,38.017459
23,121,23.79677,38.017539
23,122,23.796671,38.017577
23,123,23.796651,38.017566
23,124,23.796301,38.017714
23,125,23.796282,38.017714
23,126,23.795893,38.017936
23,127,23.794363,38.016765
23,128,23.792763,38.015987
23,129,23.789611,38.014606
23,130,23.787042,38.012755
23,131,23.784643,38.011035
23,132,23.784183,38.010696
23,133,23.784054,38.010578
23,134,23.783823,38.010429
23,135,23.783653,38.01031
23,136,23.783483,38.010169
23,137,23.783243,38.010009
23,138,23.783243,38.009998
23,139,23.783092,38.009906
23,140,23.783052,38.009867
23,141,23.783052,38.00983
23,142,23.784332,38.009269
23,143,23.784982,38.009269
23,144,23.785032,38.009319
23,145,23.785032,38.00933
23,146,23.785013,38.009448
23,147,23.784893,38.009467
23,148,23.784992,38.009498
23,149,23.784893,38.009387
23,150,23.784843,38.009326
23,151,23.784852,38.009326
23,152,23.784763,38.009154
23,153,23.784033,38.009425
23,154,23.783432,38.009704
23,155,23.783373,38.009715
23,156,23.783524,38.010177
23,157,23.786144,38.012088
23,158,23.789533,38.014499
23,159,23.790804,38.015418
23,160,23.793573,38.016478
23,161,23.795624,38.01789
23,162,23.795654,38.017871
23,163,23.795845,38.01786
23,164,23.796215,38.017638
23,165,23.796526,38.017489
23,166,23.796705,38.017428
23,167,23.797676,38.01717
23,168,23.798306,38.017158
23,169,23.799015,38.017268
23,170,23.802835,38.017959
23,171,23.805435,38.01847
23,172,23.806816,38.01876
23,173,23.806847,38.018771
23,174,23.809026,38.01926
23,175,23.813837,38.020278
23,176,23.819628,38.021419
23,177,23.824488,38.02233
23,178,23.829658,38.023391
23,179,23.833238,38.02483
23,180,23.834099,38.02605
23,181,23.834358,38.026248
23,182,23.835138,38.027007
23,183,23.836409,38.028499
23,184,23.838808,38.027507
23,185,23.842187,38.025996
23,186,23.843718,38.026065
23,187,23.847409,38.025207
23,188,23.849089,38.024875
23,189,23.849098,38.024875
23,190,23.848639,38.023716
23,191,23.847039,38.021186
23,192,23.848729,38.020507
23,193,23.850847,38.020068
23,194,23.852198,38.01704
23,195,23.853637,38.01382
23,196,23.855638,38.010631
23,197,23.857119,38.009551
23,198,23.858119,38.008743
23,199,23.858047,38.008693
23,200,23.857757,38.008392
23,201,23.857548,38.008033
23,202,23.857428,38.007904
23,203,23.857418,38.007904
23,204,23.857298,38.007255
23,205,23.855697,38.007217
23,206,23.855108,38.006156
23,207,23.855818,38.005245
23,208,23.856198,38.003672
23,209,23.857507,38.002575
23,210,23.860567,38.000685
23,211,23.864737,37.998847
23,212,23.868757,37.996616
23,213,23.873037,37.994415
23,214,23.876398,37.991256
23,215,23.879688,37.989166
23,216,23.881028,37.989665
23,217,23.881399,37.990184
23,218,23.881399,37.990073
23,219,23.881408,37.990073
23,220,23.881329,37.989982
23,221,23.881138,37.990074
23,222,23.881067,37.989802
23,223,23.880207,37.988982
23,224,23.878576,37.989913
23,225,23.875826,37.991764
23,226,23.874276,37.992843
23,227,23.872906,37.994724
23,228,23.870726,37.995902
23,229,23.870655,37.995921
23,230,23.868064,37.997142
23,231,23.864324,37.999122
23,232,23.860223,38.001021
23,233,23.857953,38.002791
23,234,23.857963,38.00526
23,235,23.858374,38.006858
23,236,23.858433,38.007117
23,237,23.858513,38.007389
23,238,23.858532,38.007399
23,239,23.859322,38.007381
23,240,23.860632,38.007892
23,241,23.861002,38.009932
23,242,23.861061,38.012085
23,243,23.860331,38.013583
23,244,23.860231,38.016254
23,245,23.860422,38.019374
23,246,23.860042,38.021976
23,247,23.859613,38.023727
23,248,23.857143,38.024307
23,249,23.853354,38.025245
23,250,23.850784,38.026084
23,251,23.849635,38.026485
23,252,23.846544,38.027786
23,253,23.844154,38.028816
23,254,23.842933,38.027236
23,255,23.839994,38.028518
23,256,23.837595,38.029567
23,257,23.836515,38.028709
23,258,23.834616,38.026568
23,259,23.833737,38.025527
23,260,23.833056,38.024855
23,261,23.831436,38.023944
23,262,23.827986,38.023204
23,263,23.827406,38.023093
23,264,23.824177,38.022471
23,265,23.820346,38.02193
23,266,23.817117,38.02114
23,267,23.813367,38.020339
23,268,23.809587,38.019538
23,269,23.805606,38.018699
23,270,23.801326,38.017737
23,271,23.799806,38.017547
23,272,23.799717,38.017535
23,273,23.797857,38.017386
23,274,23.796858,38.017558
23,275,23.796408,38.017779
23,276,23.796358,38.017768
23,277,23.795947,38.01794
23,278,23.795918,38.01794
23,279,23.795726,38.01797
23,280,23.793608,38.016509
23,281,23.792029,38.015838
23,282,23.789009,38.014259
23,283,23.78603,38.012069
23,284,23.78343,38.010188
23,285,23.78317,38.00999
23,286,23.783141,38.009971
23,287,23.783171,38.009731
23,288,23.78351,38.009639
23,289,23.7835,38.009628
23,290,23.78379,38.009536
23,291,23.7843,38.009376
23,292,23.784849,38.009345
23,293,23.784868,38.009555
23,294,23.785099,38.009524
23,295,23.784858,38.009253
23,296,23.783739,38.009605
23,297,23.783159,38.009796
23,298,23.784929,38.011196
23,299,23.788238,38.013588
23,300,23.791468,38.015518
23,301,23.792716,38.015937
23,302,23.794867,38.017048
23,303,23.795246,38.017406
23,304,23.795265,38.017436
23,305,23.796595,38.017398
23,306,23.799614,38.017318
23,307,23.802793,38.017898
23,308,23.805384,38.018466
23,309,23.807264,38.018737
23,310,23.807634,38.018618
23,311,23.808594,38.01826
23,312,23.808724,38.018211
23,313,23.809343,38.017981
23,314,23.809744,38.017833
23,315,23.810304,38.017612
23,316,23.810536,38.01752
23,317,23.811676,38.01707
23,318,23.811766,38.01704
23,319,23.811926,38.016979
23,320,23.812076,38.016918
23,321,23.812666,38.016727
23,322,23.813846,38.016265
23,323,23.815116,38.015765
23,324,23.815136,38.015746
23,325,23.816305,38.016707
23,326,23.818305,38.018886
23,327,23.821016,38.020495
23,328,23.824057,38.021625
23,329,23.827637,38.022274
23,330,23.828956,38.023265
23,331,23.832366,38.024356
23,332,23.833547,38.025215
23,333,23.834769,38.026695
23,334,23.835379,38.027286
23,335,23.836269,38.028354
23,336,23.838058,38.027774
23,337,23.841188,38.026412
23,338,23.842878,38.026584
23,339,23.845829,38.025405
23,340,23.848829,38.024943
23,341,23.84903,38.024623
23,342,23.847719,38.022162
23,343,23.847219,38.020984
23,344,23.849619,38.020644
23,345,23.851469,38.018615
23,346,23.853628,38.013824
23,347,23.855398,38.010814
23,348,23.857257,38.009402
23,349,23.858097,38.0087
23,350,23.857517,38.00809
23,351,23.857517,38.008079
23,352,23.857487,38.007709
23,353,23.856796,38.006877
23,354,23.855115,38.006648
23,355,23.855856,38.005267
23,356,23.856115,38.003486
23,357,23.858446,38.002136
23,358,23.862165,37.999877
23,359,23.865916,37.998256
23,360,23.870226,37.995956
23,361,23.874096,37.992847
23,362,23.878466,37.989929
23,363,23.880785,37.989467
23,364,23.881284,37.989917
23,365,23.881275,37.989936
23,366,23.881414,37.990126
23,367,23.881405,37.990127
23,368,23.881405,37.990116
23,369,23.881275,37.990078
23,370,23.881235,37.990059
23,371,23.880405,37.989177
23,372,23.880214,37.989017
23,373,23.879225,37.989536
23,374,23.876635,37.991214
23,375,23.874106,37.992996
23,376,23.872936,37.994697
23,377,23.871446,37.995689
23,378,23.869377,37.99633
23,379,23.866358,37.998061
23,380,23.862528,37.999793
23,381,23.859197,38.001735
23,382,23.857976,38.001544
23,383,23.858418,37.999515
23,384,23.857606,37.997943
23,385,23.856496,37.997745
23,386,23.853967,37.998016
23,387,23.852727,37.998317
23,388,23.852648,37.999336
23,389,23.851478,37.998847
23,390,23.850149,37.997855
23,391,23.848478,37.997226
23,392,23.846727,37.996658
23,393,23.845007,37.996879
23,394,23.844727,37.996989
23,395,23.844986,37.996872
23,396,23.845337,37.996753
23,397,23.845356,37.996722
23,398,23.845056,37.996791
23,399,23.844757,37.996883
23,400,23.844757,37.996852
23,401,23.845367,37.996772
23,402,23.847868,37.996932
23,403,23.849318,37.997501
23,404,23.849358,37.997531
23,405,23.849589,37.997642
23,406,23.850917,37.998443
23,407,23.852438,37.999462
23,408,23.852668,37.998283
23,409,23.855008,37.997901
23,410,23.8576,37.997901
23,411,23.858409,37.999682
23,412,23.857959,38.002021
23,413,23.858,38.002311
23,414,23.858469,38.002071
23,415,23.861999,37.999931
23,416,23.86582,37.998279
23,417,23.86968,37.996108
23,418,23.87158,37.99554
23,419,23.87452,37.992561
23,420,23.879179,37.989508
23,421,23.880799,37.98952
23,422,23.881278,37.990008
23,423,23.88143,37.990077
23,424,23.88125,37.990078
23,425,23.881269,37.990039
23,426,23.88188,37.990477
23,427,23.88192,37.990577
23,428,23.88179,37.990428
23,429,23.88138,37.990078
23,430,23.88138,37.990008
23,431,23.88059,37.989108
23,432,23.87936,37.98949
23,433,23.87645,37.991389
23,434,23.874689,37.992611
23,435,23.873308,37.994319
23,436,23.870998,37.99586
23,437,23.870819,37.995899
23,438,23.868239,37.997088
23,439,23.864448,37.999099
23,440,23.860668,38.000769
23,441,23.858007,38.002791
23,442,23.858047,38.005443
23,443,23.858347,38.006534
23,444,23.858347,38.006565
23,445,23.858486,38.007052
23,446,23.858495,38.007064
23,447,23.858576,38.007324
23,448,23.860126,38.007312
23,449,23.860505,38.007282
23,450,23.860525,38.007282
23,451,23.860836,38.008632
23,452,23.861147,38.010852
23,453,23.860246,38.012893
23,454,23.860345,38.015403
23,455,23.860476,38.018794
23,456,23.860436,38.019916
23,457,23.860065,38.022116
23,458,23.859665,38.023819
23,459,23.858324,38.024127
23,460,23.854664,38.024836
23,461,23.851093,38.026027
23,462,23.850452,38.026237
23,463,23.847563,38.027206
23,464,23.844503,38.028987
23,465,23.843643,38.027797
23,466,23.841963,38.027717
23,467,23.838503,38.029197
23,468,23.837552,38.029628
23,469,23.837552,38.029628
23,470,23.837343,38.029708
23,471,23.836103,38.028007
23,472,23.834314,38.026225
23,473,23.833575,38.025096
23,474,23.832454,38.025245
23,475,23.831505,38.025733
23,476,23.830493,38.026282
23,477,23.822964,38.032661
23,478,23.823054,38.032691
23,479,23.823173,38.032703
23,480,23.823124,38.032882
23,481,23.823124,38.032833
23,482,23.823235,38.032722
23,483,23.822785,38.032691
23,484,23.822914,38.032451
23,485,23.822614,38.032569
23,486,23.822304,38.03284
23,487,23.822174,38.03297
23,488,23.822643,38.032539
23,489,23.823353,38.032439
23,490,23.829992,38.026878
23,491,23.831772,38.025817
23,492,23.832881,38.024798
23,493,23.833132,38.024818
23,494,23.833572,38.025207
23,495,23.834432,38.026366
23,496,23.835943,38.027927
23,497,23.836533,38.028518
23,498,23.838984,38.027519
23,499,23.842122,38.026049
23,500,23.843413,38.026278
23,501,23.847122,38.025267
23,502,23.848862,38.024966
23,503,23.848852,38.024226
23,504,23.847141,38.021388
23,505,23.845731,38.01876
23,506,23.844051,38.015448
23,507,23.84349,38.013031
23,508,23.84349,38.01197
23,509,23.84354,38.01157
23,510,23.84366,38.01081
23,511,23.84367,38.01081
23,512,23.844759,38.010409
23,513,23.847698,38.00999
23,514,23.851889,38.009231
23,515,23.854979,38.008312
23,516,23.855068,38.006771
23,517,23.855808,38.005939
23,518,23.856397,38.005229
23,519,23.856077,38.0036
23,520,23.856678,38.003058
23,521,23.858439,38.002147
23,522,23.861778,38.000068
23,523,23.865377,37.998557
23,524,23.868557,37.996807
23,525,23.872847,37.994666
23,526,23.876306,37.991378
23,527,23.880047,37.989047
23,528,23.881216,37.989997
23,529,23.881407,37.990157
23,530,23.881426,37.990188
23,531,23.881776,37.990497
23,532,23.881647,37.990379
23,533,23.881388,37.990169
23,534,23.881379,37.990107
23,535,23.881409,37.990207
23,536,23.881988,37.990626
23,537,23.881869,37.990615
23,538,23.881517,37.990295
23,539,23.881438,37.990256
23,540,23.881418,37.990245
23,541,23.881418,37.990207
23,542,23.880528,37.989318
23,543,23.879738,37.989318
23,544,23.877298,37.990859
23,545,23.874038,37.993117
23,546,23.871989,37.995498
23,547,23.870758,37.995967
23,548,23.868319,37.997066
23,549,23.865148,37.998767
23,550,23.861929,38.000068
23,551,23.858598,38.002128
23,552,23.858028,38.001129
23,553,23.858278,37.999087
23,554,23.857409,37.997669
23,555,23.855718,37.997867
23,556,23.853129,37.998065
23,557,23.852688,37.998656
23,558,23.852398,37.999515
23,559,23.850928,37.998504
23,560,23.849558,37.997684
23,561,23.847738,37.996974
23,562,23.845888,37.996623
23,563,23.845037,37.996845
23,564,23.844818,37.996993
23,565,23.844818,37.997054
23,566,23.844787,37.996986
23,567,23.844827,37.996986
23,568,23.844488,37.997207
23,569,23.844378,37.997299
23,570,23.844477,37.997188
23,571,23.844776,37.996898
23,572,23.844767,37.996898
23,573,23.845047,37.996799
23,574,23.847088,37.996799
23,575,23.849268,37.997558
23,576,23.850899,37.99852
23,577,23.852589,37.999168
23,578,23.852598,37.998046
23,579,23.855969,37.997737
23,580,23.857698,37.998126
23,581,23.858318,37.999946
23,582,23.857929,38.002265
23,583,23.859499,38.001445
23,584,23.862928,37.999583
23,585,23.866237,37.998042
23,586,23.870008,37.996001
23,587,23.87337,37.993842
23,588,23.876799,37.991031
23,589,23.880108,37.989001
23,590,23.881148,37.989852
23,591,23.881418,37.990142
23,592,23.881449,37.990162
23,593,23.881909,37.990532
23,594,23.881939,37.990542
23,595,23.882049,37.990715
23,596,23.88201,37.990645
23,597,23.881898,37.990516
23,598,23.881418,37.990184
23,599,23.881418,37.990184
23,600,23.880977,37.989642
23,601,23.880126,37.9891
23,602,23.878046,37.99036
23,603,23.875406,37.992168
23,604,23.875826,37.993709
23,605,23.876026,37.996627
23,606,23.876745,37.999626
23,607,23.879246,38.001495
23,608,23.880775,38.002487
23,609,23.880835,38.003265
23,610,23.880834,38.003295
23,611,23.880844,38.003524
23,612,23.880825,38.003604
23,613,23.880594,38.003856
23,614,23.879124,38.003887
23,615,23.877004,38.003898
23,616,23.876225,38.004088
23,617,23.874665,38.004489
23,618,23.872743,38.005118
23,619,23.871973,38.005977
23,620,23.871282,38.008086
23,621,23.871092,38.010825
23,622,23.871592,38.013977
23,623,23.872042,38.016807
23,624,23.870882,38.017825
23,625,23.868062,38.018004
23,626,23.866883,38.016353
23,627,23.865402,38.017524
23,628,23.863931,38.018646
23,629,23.861952,38.019756
23,630,23.860731,38.020267
23,631,23.860721,38.020286
23,632,23.860422,38.020427
23,633,23.861051,38.019938
23,634,23.862211,38.01937
23,635,23.863552,38.018409
23,636,23.864871,38.017318
23,637,23.864922,38.01728
23,638,23.864851,38.017371
23,639,23.864931,38.017253
23,640,23.865181,38.017001
23,641,23.865252,38.01686
23,642,23.864582,38.017501
23,643,23.862742,38.018882
23,644,23.861292,38.019611
23,645,23.859592,38.02027
23,646,23.857493,38.020781
23,647,23.855162,38.021189
23,648,23.853031,38.021461
23,649,23.851561,38.021659
23,650,23.850142,38.021869
23,651,23.848951,38.022059
23,652,23.847822,38.02209
23,653,23.846382,38.02235
23,654,23.845122,38.02251
23,655,23.843641,38.022701
23,656,23.842552,38.022761
23,657,23.842892,38.02262
23,658,23.843431,38.022529
23,659,23.843751,38.022498
23,660,23.843801,38.022498
23,661,23.843912,38.022498
23,662,23.843702,38.022528
23,663,23.842771,38.022708
23,664,23.843582,38.022689
23,665,23.844952,38.022518
23,666,23.846262,38.022357
23,667,23.847643,38.022117
23,668,23.848682,38.022037
23,669,23.849243,38.022017
23,670,23.849783,38.021907
23,671,23.850703,38.021797
23,672,23.851842,38.021605
23,673,23.853273,38.021285
23,674,23.856814,38.020774
23,675,23.859672,38.020183
23,676,23.860672,38.020202
23,677,23.862672,38.019313
23,678,23.864732,38.017951
23,679,23.864772,38.01794
23,680,23.864783,38.01794
23,681,23.865853,38.017051
23,682,23.867563,38.016719
23,683,23.868683,38.018008
23,684,23.869343,38.01794
23,685,23.869352,38.01794
23,686,23.869612,38.017901
23,687,23.869701,38.01789
23,688,23.869921,38.017871
23,689,23.87145,38.01773
23,690,23.87218,38.017619
23,691,23.872011,38.016818
23,692,23.87186,38.015826
23,693,23.871691,38.014686
23,694,23.871471,38.013297
23,695,23.871231,38.011806
23,696,23.871012,38.010356
23,697,23.870821,38.009155
23,698,23.87186,38.007655
23,699,23.871879,38.006137
23,700,23.871768,38.005588
23,701,23.87175,38.005526
23,702,23.87175,38.005516
23,703,23.871019,38.005405
23,704,23.86715,38.006076
23,705,23.865509,38.006328
23,706,23.862599,38.006969
23,707,23.860529,38.007339
23,708,23.85788,38.007739
23,709,23.857099,38.007999
23,710,23.856459,38.008239
23,711,23.856439,38.008239
23,712,23.856119,38.00833
23,713,23.852949,38.00909
23,714,23.850119,38.009601
23,715,23.847368,38.010051
23,716,23.844968,38.010421
23,717,23.844949,38.010432
23,718,23.844469,38.010494
23,719,23.844339,38.010555
23,720,23.844119,38.010585
23,721,23.845221,38.007904
23,722,23.847311,38.004035
23,723,23.847662,38.000175
23,724,23.847012,37.997413
23,725,23.845022,37.997813
23,726,23.845102,37.998863
23,727,23.843193,37.999282
23,728,23.843403,37.998184
23,729,23.843403,37.998092
23,730,23.843523,37.998061
