230,1,23.881302,37.990252
230,2,23.881613,37.990383
230,3,23.881573,37.990184
230,4,23.881342,37.989932
230,5,23.881332,37.989963
230,6,23.881301,37.989902
230,7,23.881282,37.989833
230,8,23.881273,37.989994
230,9,23.881153,37.989852
230,10,23.880882,37.9896
230,11,23.880253,37.989032
230,12,23.879192,37.989551
230,13,23.876953,37.990982
230,14,23.875093,37.99221
230,15,23.874643,37.992248
230,16,23.873252,37.990417
230,17,23.872062,37.989837
230,18,23.869843,37.990566
230,19,23.869192,37.990455
230,20,23.867243,37.989226
230,21,23.865663,37.987396
230,22,23.864852,37.986064
230,23,23.866252,37.985263
230,24,23.867542,37.982753
230,25,23.867493,37.979263
230,26,23.865833,37.978351
230,27,23.864402,37.976939
230,28,23.863413,37.975501
230,29,23.861993,37.973831
230,30,23.862074,37.97285
230,31,23.862583,37.971389
230,32,23.862454,37.969348
230,33,23.863104,37.967326
230,34,23.863745,37.964885
230,35,23.864025,37.962375
230,36,23.863485,37.959594
230,37,23.861675,37.957874
230,38,23.859505,37.956234
230,39,23.858894,37.955752
230,40,23.859375,37.955032
230,41,23.861296,37.952411
230,42,23.862736,37.95032
230,43,23.863966,37.948291
230,44,23.865705,37.945652
230,45,23.867205,37.942031
230,46,23.868274,37.938281
230,47,23.869706,37.934704
230,48,23.871245,37.931163
230,49,23.872595,37.927524
230,50,23.873705,37.924384
230,51,23.874885,37.920806
230,52,23.875666,37.917255
230,53,23.874935,37.915225
230,54,23.874935,37.914497
230,55,23.874784,37.914497
230,56,23.874954,37.915119
230,57,23.875793,37.917449
230,58,23.874733,37.92139
230,59,23.873733,37.924499
230,60,23.872894,37.926849
230,61,23.872435,37.928589
230,62,23.874945,37.928539
230,63,23.875374,37.92926
230,64,23.875543,37.930171
230,65,23.875663,37.93032
230,66,23.875664,37.930751
230,67,23.875814,37.931461
230,68,23.875984,37.93228
230,69,23.876853,37.932453
230,70,23.877585,37.932132
230,71,23.877945,37.93188
230,72,23.877926,37.931891
230,73,23.877916,37.93193
230,74,23.877266,37.9323
230,75,23.877127,37.932281
230,76,23.877217,37.932262
230,77,23.877217,37.932293
230,78,23.877257,37.932273
230,79,23.877186,37.932392
230,80,23.876816,37.932571
230,81,23.874056,37.932922
230,82,23.871555,37.93304
230,83,23.870516,37.933101
230,84,23.869745,37.934779
230,85,23.868456,37.937968
230,86,23.867476,37.941379
230,87,23.866134,37.944881
230,88,23.864445,37.94757
230,89,23.863374,37.94929
230,90,23.863224,37.950091
230,91,23.864553,37.951251
230,92,23.866604,37.951953
230,93,23.870613,37.951953
230,94,23.875594,37.952793
230,95,23.880193,37.953502
230,96,23.884452,37.954513
230,97,23.888393,37.956424
230,98,23.890004,37.956775
230,99,23.890004,37.956775
230,100,23.891872,37.957134
230,101,23.895051,37.959643
230,102,23.898462,37.962615
230,103,23.902702,37.963176
230,104,23.907192,37.964324
230,105,23.906462,37.965354
230,106,23.906412,37.965575
230,107,23.906332,37.966075
230,108,23.905903,37.968165
230,109,23.905383,37.971607
230,110,23.903242,37.974956
230,111,23.898953,37.977946
230,112,23.894802,37.980617
230,113,23.890963,37.983206
230,114,23.886553,37.985889
230,115,23.883302,37.987659
230,116,23.880392,37.988887
230,117,23.880842,37.989535
230,118,23.881302,37.990146
230,119,23.881332,37.990085
230,120,23.881382,37.990066
230,121,23.881342,37.990078
230,122,23.881252,37.990047
230,123,23.881292,37.989978
230,124,23.881653,37.990127
230,125,23.882233,37.990608
230,126,23.882532,37.989578
230,127,23.882982,37.987926
230,128,23.882982,37.987895
230,129,23.884602,37.986915
230,130,23.888071,37.984985
230,131,23.891561,37.982746
230,132,23.895201,37.980334
230,133,23.899061,37.977855
230,134,23.902741,37.975413
230,135,23.90493,37.972373
230,136,23.9056,37.969012
230,137,23.90679,37.968181
230,138,23.90978,37.968219
230,139,23.91119,37.969818
230,140,23.912371,37.972648
230,141,23.91304,37.975627
230,142,23.915001,37.978377
230,143,23.91604,37.980868
230,144,23.91658,37.983928
230,145,23.91729,37.986389
230,146,23.91766,37.988597
230,147,23.91927,37.991226
230,148,23.92041,37.993564
230,149,23.92248,37.995864
230,150,23.92355,37.997524
230,151,23.92506,37.997615
230,152,23.929291,37.997936
230,153,23.93293,37.998916
230,154,23.936439,38.000305
230,155,23.939958,38.001716
230,156,23.942699,38.002517
230,157,23.945629,38.003455
230,158,23.948219,38.004245
230,159,23.950109,38.004806
230,160,23.954259,38.005767
230,161,23.95825,38.006976
230,162,23.962169,38.007907
230,163,23.966549,38.009098
230,164,23.970808,38.010589
230,165,23.974438,38.012531
230,166,23.977167,38.014709
230,167,23.979008,38.017619
230,168,23.981299,38.019859
230,169,23.982779,38.022849
230,170,23.983229,38.024898
230,171,23.982519,38.02668
230,172,23.982399,38.028449
230,173,23.983339,38.030009
230,174,23.984428,38.03229
230,175,23.986039,38.034541
230,176,23.989227,38.03665
230,177,23.990347,38.039111
230,178,23.989576,38.042319
230,179,23.988666,38.044891
230,180,23.988568,38.045322
230,181,23.988568,38.045333
230,182,23.988568,38.045424
230,183,23.987897,38.047934
230,184,23.986439,38.051425
230,185,23.984458,38.054766
230,186,23.98309,38.058417
230,187,23.981729,38.061728
230,188,23.98197,38.06517
230,189,23.982269,38.068721
230,190,23.982569,38.07217
230,191,23.982609,38.07587
230,192,23.980858,38.079108
230,193,23.979557,38.081489
230,194,23.979048,38.082457
230,195,23.978928,38.08271
230,196,23.978097,38.084128
230,197,23.976867,38.086467
230,198,23.976208,38.087768
230,199,23.975717,38.088767
230,200,23.974259,38.091858
230,201,23.972599,38.096019
230,202,23.971049,38.100128
230,203,23.969879,38.103717
230,204,23.96982,38.105876
230,205,23.96978,38.109588
230,206,23.96977,38.113788
230,207,23.969751,38.117736
230,208,23.969733,38.121615
230,209,23.969242,38.125354
230,210,23.968592,38.129196
230,211,23.96795,38.132956
230,212,23.966891,38.136897
230,213,23.96616,38.140738
230,214,23.965441,38.143711
230,215,23.9675,38.14453
230,216,23.971509,38.14421
230,217,23.976098,38.143692
230,218,23.980718,38.14368
230,219,23.985319,38.144229
230,220,23.988868,38.145869
230,221,23.991779,38.14775
230,222,23.994561,38.149619
230,223,23.996771,38.150051
230,224,23.999901,38.148052
230,225,24.002981,38.146041
230,226,24.006361,38.143833
230,227,24.009852,38.141543
230,228,24.013092,38.139415
230,229,24.016021,38.138236
230,230,24.016672,38.138644
230,231,24.015913,38.139285
230,232,24.015814,38.139736
230,233,24.015675,38.140155
230,234,24.015474,38.140834
230,235,24.014844,38.141173
230,236,24.014654,38.141814
230,237,24.014635,38.142253
230,238,24.014625,38.142253
230,239,24.014555,38.143233
230,240,24.014586,38.144011
230,241,24.014527,38.143912
230,242,24.014456,38.14411
230,243,24.014456,38.144221
230,244,24.014397,38.145263
230,245,24.014307,38.146922
230,246,24.014146,38.148913
230,247,24.014058,38.150783
230,248,24.013998,38.151671
230,249,24.013939,38.153022
230,250,24.013819,38.15462
230,251,24.01389,38.155391
230,252,24.013908,38.155749
230,253,24.013868,38.15639
230,254,24.013849,38.156619
230,255,24.01372,38.156749
230,256,24.013859,38.156378
230,257,24.013899,38.155978
230,258,24.013899,38.155437
230,259,24.013788,38.154926
230,260,24.013869,38.153827
230,261,24.013928,38.152736
230,262,24.014027,38.151595
230,263,24.014046,38.150634
230,264,24.014086,38.150294
230,265,24.014166,38.148734
230,266,24.014305,38.146934
230,267,24.014385,38.145373
230,268,24.014444,38.144233
230,269,24.014515,38.143352
230,270,24.014475,38.143401
230,271,24.014555,38.14347
230,272,24.014626,38.144329
230,273,24.014595,38.145179
230,274,24.014555,38.145561
230,275,24.014525,38.146282
230,276,24.014485,38.146991
230,277,24.014454,38.14759
230,278,24.014815,38.1477
230,279,24.015524,38.148532
230,280,24.016763,38.148871
230,281,24.017103,38.148921
230,282,24.017163,38.148791
230,283,24.017221,38.148909
230,284,24.017641,38.148989
230,285,24.017792,38.14902
230,286,24.017521,38.149009
230,287,24.016561,38.148868
230,288,24.015152,38.148098
230,289,24.014471,38.147628
230,290,24.014461,38.146716
230,291,24.014491,38.145515
230,292,24.014562,38.144447
230,293,24.014412,38.143435
230,294,24.014421,38.143435
230,295,24.014421,38.143435
230,296,24.014461,38.143206
230,297,24.014551,38.141906
230,298,24.015162,38.141036
230,299,24.015652,38.139987
230,300,24.016651,38.138656
230,301,24.015041,38.138385
230,302,24.010102,38.141394
230,303,24.006052,38.144046
230,304,24.001532,38.147018
230,305,23.996731,38.15015
230,306,23.994782,38.149848
230,307,23.990492,38.146869
230,308,23.985771,38.144538
230,309,23.980181,38.143718
230,310,23.97459,38.143828
230,311,23.968771,38.14476
230,312,23.965321,38.143958
230,313,23.96619,38.139857
230,314,23.967541,38.134566
230,315,23.968481,38.129355
230,316,23.969391,38.124034
230,317,23.96964,38.119044
230,318,23.96965,38.114142
230,319,23.969681,38.108771
230,320,23.969711,38.104941
230,321,23.969851,38.103202
230,322,23.97138,38.098941
230,323,23.973341,38.093882
230,324,23.975111,38.089862
230,325,23.976591,38.086871
230,326,23.977961,38.084312
230,327,23.97814,38.083979
230,328,23.978969,38.082469
230,329,23.980271,38.080077
230,330,23.98184,38.077136
230,331,23.98247,38.072696
230,332,23.98209,38.068256
230,333,23.98193,38.066417
230,334,23.98189,38.065689
230,335,23.981609,38.062239
230,336,23.982479,38.059619
230,337,23.984259,38.054988
230,338,23.987099,38.050307
230,339,23.988228,38.046249
230,340,23.989838,38.041641
230,341,23.989477,38.03733
230,342,23.985278,38.034308
230,343,23.983186,38.02999
230,344,23.983186,38.025302
230,345,23.981697,38.020614
230,346,23.979196,38.017864
230,347,23.977056,38.014743
230,348,23.973217,38.011825
230,349,23.967997,38.010066
230,350,23.962918,38.007937
230,351,23.957608,38.006946
230,352,23.952337,38.005534
230,353,23.946737,38.003894
230,354,23.941828,38.002414
230,355,23.936968,38.000694
230,356,23.931547,37.998565
230,357,23.925417,37.997776
230,358,23.919867,37.998317
230,359,23.914457,37.999705
230,360,23.911177,38.002487
230,361,23.906696,38.002677
230,362,23.901266,38.003066
230,363,23.895247,38.003997
230,364,23.890347,38.004547
230,365,23.887077,38.004047
230,366,23.886717,38.003985
230,367,23.886066,38.003886
230,368,23.885557,38.003795
230,369,23.884838,38.003696
230,370,23.884607,38.003127
230,371,23.884768,38.002375
230,372,23.884157,38.002135
230,373,23.883107,38.002006
230,374,23.882656,38.001785
230,375,23.882335,38.001544
230,376,23.882555,37.999504
230,377,23.880464,37.999233
230,378,23.880354,37.997581
230,379,23.881563,37.993171
230,380,23.882023,37.990703
230,381,23.881373,37.990191
230,382,23.881261,37.99002
230,383,23.881231,37.98994
230,384,23.881232,37.990032
230,385,23.881241,37.990043
230,386,23.881241,37.990023
230,387,23.881031,37.989703
230,388,23.881022,37.989703
230,389,23.880911,37.989593
230,390,23.88031,37.989001
230,391,23.879851,37.989173
230,392,23.87829,37.990123
230,393,23.875949,37.991684
230,394,23.8745,37.992015
230,395,23.8729,37.989993
230,396,23.870701,37.990142
230,397,23.870482,37.991153
230,398,23.872242,37.993132
230,399,23.870311,37.995384
230,400,23.870352,37.995753
230,401,23.870352,37.995753
230,402,23.870362,37.995814
230,403,23.868452,37.996906
230,404,23.865372,37.998565
230,405,23.862442,37.999804
230,406,23.859343,38.001666
230,407,23.857982,38.002525
230,408,23.857912,38.004214
230,409,23.858272,38.006336
230,410,23.858412,38.006816
230,411,23.858442,38.006946
230,412,23.858442,38.006946
230,413,23.858532,38.007216
230,414,23.858532,38.007216
230,415,23.857952,38.007686
230,416,23.856111,38.008388
230,417,23.85707,38.009436
230,418,23.856152,38.010375
230,419,23.854302,38.012596
230,420,23.852781,38.015956
230,421,23.851551,38.018645
230,422,23.850431,38.020816
230,423,23.848621,38.020606
230,424,23.8474,38.020996
230,425,23.846681,38.021167
230,426,23.844181,38.021426
230,427,23.84185,38.021457
230,428,23.83926,38.021697
230,429,23.83836,38.022147
230,430,23.83798,38.022739
230,431,23.837921,38.022788
230,432,23.838021,38.023399
230,433,23.83888,38.02478
230,434,23.84169,38.025588
230,435,23.843189,38.027068
230,436,23.8426,38.027389
230,437,23.839759,38.028598
230,438,23.838749,38.02906
230,439,23.838188,38.029319
230,440,23.838059,38.029369
230,441,23.837639,38.029559
230,442,23.837639,38.02959
230,443,23.83713,38.02959
230,444,23.83683,38.029171
230,445,23.83659,38.02883
230,446,23.835948,38.027961
230,447,23.835548,38.027481
230,448,23.834059,38.026001
230,449,23.833008,38.02486
230,450,23.832657,38.025138
230,451,23.832176,38.025379
230,452,23.831917,38.025679
230,453,23.831356,38.025901
230,454,23.830795,38.02626
230,455,23.830256,38.026568
230,456,23.830046,38.02671
230,457,23.830635,38.02626
230,458,23.831384,38.025809
230,459,23.832374,38.025409
230,460,23.832433,38.025527
230,461,23.832443,38.025489
230,462,23.831882,38.025768
230,463,23.831003,38.026249
230,464,23.829702,38.027088
230,465,23.828743,38.027736
230,466,23.830933,38.026324
230,467,23.830942,38.026404
230,468,23.832191,38.025676
230,469,23.832892,38.024844
230,470,23.833202,38.024924
230,471,23.833563,38.025245
230,472,23.833973,38.025936
230,473,23.835073,38.027003
230,474,23.835603,38.026854
230,475,23.837565,38.026053
230,476,23.838734,38.026676
230,477,23.841094,38.025534
230,478,23.838303,38.024726
230,479,23.837653,38.022994
230,480,23.837872,38.022723
230,481,23.837852,38.022785
230,482,23.838374,38.022007
230,483,23.840733,38.021617
230,484,23.844512,38.021377
230,485,23.846853,38.021087
230,486,23.849012,38.020599
230,487,23.851131,38.019397
230,488,23.852931,38.015418
230,489,23.854702,38.011577
230,490,23.856583,38.010086
230,491,23.858113,38.008895
230,492,23.857872,38.008445
230,493,23.857602,38.008026
230,494,23.857591,38.008007
230,495,23.857062,38.006827
230,496,23.85531,38.007197
230,497,23.85581,38.005649
230,498,23.856291,38.00413
230,499,23.857431,38.0027
230,500,23.861242,38.000289
230,501,23.865162,37.998668
230,502,23.868961,37.996517
230,503,23.871191,37.995715
230,504,23.874781,37.992404
230,505,23.87956,37.989302
230,506,23.881001,37.989765
230,507,23.881311,37.990115
230,508,23.881361,37.990097
230,509,23.881371,37.990097
230,510,23.881351,37.990085
230,511,23.881191,37.990023
230,512,23.881201,37.990054
230,513,23.88125,37.990023
230,514,23.88138,37.989993
230,515,23.881479,37.990005
230,516,23.881929,37.990493
230,517,23.882201,37.990913
230,518,23.8818,37.992411
230,519,23.881279,37.994342
230,520,23.880659,37.996581
230,521,23.88023,37.998862
230,522,23.880649,38.000911
230,523,23.880789,38.002551
230,524,23.880819,38.00291
230,525,23.880879,38.003379
230,526,23.880879,38.00344
230,527,23.880878,38.003589
230,528,23.880049,38.003688
230,529,23.878519,38.003799
230,530,23.876179,38.00402
230,531,23.874098,38.0046
230,532,23.872128,38.00518
230,533,23.872198,38.006568
230,534,23.870928,38.008529
230,535,23.871128,38.010639
230,536,23.870597,38.01081
230,537,23.870098,38.010871
230,538,23.870147,38.010883
230,539,23.869728,38.010913
230,540,23.869047,38.010993
230,541,23.868538,38.011432
230,542,23.868298,38.012581
230,543,23.867918,38.01385
230,544,23.867248,38.015212
230,545,23.866989,38.015773
230,546,23.86689,38.015922
230,547,23.86689,38.015922
230,548,23.86672,38.016231
230,549,23.8662,38.016773
230,550,23.86554,38.017394
230,551,23.864919,38.017963
230,552,23.86409,38.018585
230,553,23.862631,38.019393
230,554,23.86158,38.019934
230,555,23.86063,38.020316
230,556,23.85994,38.020187
230,557,23.859589,38.020305
230,558,23.859608,38.020454
230,559,23.859178,38.020484
230,560,23.859258,38.020465
230,561,23.859098,38.020564
230,562,23.859798,38.020324
230,563,23.860899,38.020164
230,564,23.862589,38.019374
230,565,23.86451,38.018104
230,566,23.865469,38.017352
230,567,23.866268,38.016575
230,568,23.866798,38.015995
230,569,23.867097,38.015434
230,570,23.867258,38.015094
230,571,23.867258,38.015094
230,572,23.867569,38.014503
230,573,23.868038,38.013202
230,574,23.868078,38.013072
230,575,23.868019,38.013351
230,576,23.86826,38.013411
230,577,23.868389,38.013282
230,578,23.868459,38.0134
230,579,23.868289,38.013411
230,580,23.868379,38.013331
230,581,23.868309,38.01337
230,582,23.867969,38.013499
230,583,23.868109,38.012919
230,584,23.868109,38.012931
230,585,23.868328,38.012012
230,586,23.868577,38.01089
230,587,23.868779,38.010569
230,588,23.870049,38.010452
230,589,23.870949,38.010352
230,590,23.870788,38.009193
230,591,23.871929,38.006412
230,592,23.871729,38.005451
230,593,23.87172,38.00537
230,594,23.873878,38.004642
230,595,23.876808,38.003841
230,596,23.879398,38.003791
230,597,23.880338,38.003761
230,598,23.880739,38.003669
230,599,23.880699,38.002521
230,600,23.88015,37.999351
230,601,23.881,37.99512
230,602,23.88192,37.991809
230,603,23.88175,37.990398
230,604,23.881399,37.990146
230,605,23.881229,37.990184
230,606,23.88105,37.990253
230,607,23.881069,37.990253
230,608,23.881099,37.990241
230,609,23.88152,37.990253
230,610,23.881791,37.990932
230,611,23.881309,37.99158
230,612,23.88158,37.991561
230,613,23.881731,37.991362
230,614,23.881971,37.990592
230,615,23.881861,37.990542
230,616,23.881861,37.990542
230,617,23.881311,37.990062
230,618,23.881301,37.989951
230,619,23.881231,37.989921
230,620,23.881225,37.989905
