231,1,23.881283,37.990032
231,2,23.881292,37.98997
231,3,23.881292,37.989852
231,4,23.881172,37.989803
231,5,23.880633,37.989364
231,6,23.879893,37.989166
231,7,23.878282,37.990146
231,8,23.875892,37.991706
231,9,23.874483,37.991977
231,10,23.873024,37.990127
231,11,23.871204,37.990008
231,12,23.870184,37.99089
231,13,23.871894,37.992672
231,14,23.870624,37.994841
231,15,23.870314,37.995723
231,16,23.870314,37.995723
231,17,23.870323,37.995773
231,18,23.868454,37.996863
231,19,23.865303,37.998553
231,20,23.862383,37.999782
231,21,23.859373,38.001583
231,22,23.858023,38.002372
231,23,23.857893,38.00381
231,24,23.858244,38.006202
231,25,23.858524,38.007491
231,26,23.856553,38.008113
231,27,23.853683,38.008972
231,28,23.850153,38.009594
231,29,23.847202,38.010104
231,30,23.844292,38.010555
231,31,23.844113,38.010566
231,32,23.843113,38.010684
231,33,23.841043,38.010925
231,34,23.838283,38.011836
231,35,23.835133,38.013007
231,36,23.833092,38.013438
231,37,23.831001,38.013888
231,38,23.82731,38.014006
231,39,23.82328,38.013846
231,40,23.81941,38.013427
231,41,23.816411,38.012576
231,42,23.815849,38.012405
231,43,23.81235,38.011615
231,44,23.80839,38.010414
231,45,23.805959,38.009254
231,46,23.802229,38.007743
231,47,23.798349,38.006694
231,48,23.795839,38.005794
231,49,23.79364,38.004234
231,50,23.79086,38.002292
231,51,23.788889,38.00167
231,52,23.787039,38.00114
231,53,23.784739,38.002288
231,54,23.783819,38.002727
231,55,23.782699,38.003296
231,56,23.78208,38.003055
231,57,23.780639,38.001563
231,58,23.77778,38.001243
231,59,23.77656,38.001063
231,60,23.774289,38.001834
231,61,23.77362,38.002124
231,62,23.77214,38.000762
231,63,23.769451,37.998313
231,64,23.76782,37.994285
231,65,23.766821,37.992515
231,66,23.765121,37.989875
231,67,23.762842,37.987525
231,68,23.761932,37.987075
231,69,23.761432,37.987136
231,70,23.761201,37.987326
231,71,23.761023,37.987289
231,72,23.760924,37.987308
231,73,23.760923,37.987128
231,74,23.761123,37.986869
231,75,23.761204,37.986831
231,76,23.761204,37.98669
231,77,23.761293,37.986689
231,78,23.762323,37.986201
231,79,23.762924,37.986133
231,80,23.765095,37.985873
231,81,23.766574,37.987304
231,82,23.768925,37.989192
231,83,23.771044,37.990753
231,84,23.775673,37.992942
231,85,23.779102,37.995303
231,86,23.782352,37.997374
231,87,23.786753,38.000575
231,88,23.790262,38.001846
231,89,23.791322,38.002277
231,90,23.792942,38.003437
231,91,23.793001,38.003456
231,92,23.795361,38.005225
231,93,23.80042,38.006946
231,94,23.804491,38.008346
231,95,23.808301,38.010135
231,96,23.813072,38.011535
231,97,23.816992,38.012485
231,98,23.820901,38.013465
231,99,23.825281,38.013717
231,100,23.829231,38.013786
231,101,23.832852,38.013266
231,102,23.832852,38.013266
231,103,23.833382,38.013156
231,104,23.836502,38.012454
231,105,23.839953,38.010925
231,106,23.842682,38.010555
231,107,23.843912,38.010414
231,108,23.847661,38.009894
231,109,23.852673,38.009074
231,110,23.857193,38.007884
231,111,23.860903,38.007213
231,112,23.861874,38.005973
231,113,23.861854,38.004264
231,114,23.861434,38.002746
231,115,23.861494,38.002105
231,116,23.861485,38.002025
231,117,23.861715,38.001464
231,118,23.862156,38.000175
231,119,23.862175,38.000186
231,120,23.862595,37.999755
231,121,23.866354,37.998046
231,122,23.869795,37.996116
231,123,23.870645,37.995875
231,124,23.873436,37.993644
231,125,23.877225,37.990752
231,126,23.880245,37.989051
231,127,23.881176,37.989883
231,128,23.881297,37.990104
231,129,23.881376,37.990042
231,130,23.881946,37.990561
231,131,23.881915,37.990512
231,132,23.881906,37.990542
231,133,23.881647,37.990371
231,134,23.881598,37.990371
231,135,23.881517,37.99034
231,136,23.881348,37.990161
231,137,23.881348,37.990161
231,138,23.881357,37.990131
231,139,23.881669,37.990359
231,140,23.882229,37.990768
231,141,23.881978,37.991668
231,142,23.881369,37.993846
231,143,23.88065,37.996425
231,144,23.88019,37.998935
231,145,23.880609,38.000995
231,146,23.88073,38.003044
231,147,23.880749,38.003295
231,148,23.880758,38.003333
231,149,23.880768,38.003494
231,150,23.880768,38.003505
231,151,23.880468,38.003646
231,152,23.878918,38.003695
231,153,23.876996,38.003707
231,154,23.876716,38.003826
231,155,23.876747,38.003875
231,156,23.876728,38.003955
231,157,23.876698,38.003966
231,158,23.876757,38.003936
231,159,23.876356,38.003367
231,160,23.876017,38.002276
231,161,23.875727,38.001407
231,162,23.875687,38.000697
231,163,23.875767,37.999286
231,164,23.875708,37.999095
231,165,23.875677,37.999057
231,166,23.875587,37.998947
231,167,23.876237,37.998565
231,168,23.876068,37.995575
231,169,23.874798,37.992473
231,170,23.877928,37.990302
231,171,23.880497,37.989212
231,172,23.881376,37.990142
231,173,23.881367,37.990104
231,174,23.881267,37.990013
231,175,23.881208,37.990013
231,176,23.881208,37.990032
231,177,23.881449,37.990123
231,178,23.882089,37.990665
231,179,23.882469,37.989554
231,180,23.882898,37.987964
231,181,23.885058,37.986613
231,182,23.888607,37.984645
231,183,23.892417,37.982105
231,184,23.896328,37.979576
231,185,23.900238,37.977046
231,186,23.903679,37.974407
231,187,23.905439,37.971038
231,188,23.90577,37.968108
231,189,23.90618,37.966166
231,190,23.90695,37.964648
231,191,23.905729,37.964026
231,192,23.902288,37.963096
231,193,23.900469,37.962905
231,194,23.900389,37.961814
231,195,23.90046,37.959773
231,196,23.900469,37.958121
231,197,23.900398,37.956191
231,198,23.900108,37.954631
231,199,23.899019,37.953269
231,200,23.898008,37.951167
231,201,23.896658,37.948207
231,202,23.894589,37.944118
231,203,23.892719,37.940059
231,204,23.89093,37.936069
231,205,23.890061,37.934417
231,206,23.888611,37.932807
231,207,23.887081,37.933429
231,208,23.88537,37.934318
231,209,23.884059,37.935028
231,210,23.88291,37.932937
231,211,23.88249,37.932277
231,212,23.883329,37.931358
231,213,23.88575,37.928546
231,214,23.883431,37.925277
231,215,23.886871,37.922385
231,216,23.890871,37.920074
231,217,23.893431,37.915794
231,218,23.89496,37.911663
231,219,23.89427,37.907561
231,220,23.894639,37.903823
231,221,23.89362,37.902362
231,222,23.89032,37.900241
231,223,23.885849,37.898822
231,224,23.884369,37.897403
231,225,23.883389,37.894203
231,226,23.883148,37.893054
231,227,23.882997,37.892383
231,228,23.881598,37.891173
231,229,23.881218,37.888774
231,230,23.878517,37.885882
231,231,23.874887,37.882693
231,232,23.871018,37.879962
231,233,23.867736,37.8772
231,234,23.864767,37.875338
231,235,23.861726,37.87371
231,236,23.858607,37.871768
231,237,23.855047,37.869239
231,238,23.851726,37.866329
231,239,23.848576,37.863539
231,240,23.845686,37.86169
231,241,23.843286,37.860179
231,242,23.841128,37.858428
231,243,23.837007,37.857657
231,244,23.832798,37.856197
231,245,23.830627,37.853416
231,246,23.829397,37.850696
231,247,23.828537,37.848937
231,248,23.825767,37.847266
231,249,23.822607,37.845748
231,250,23.819998,37.844138
231,251,23.818958,37.843429
231,252,23.818289,37.842959
231,253,23.815809,37.841361
231,254,23.813229,37.839831
231,255,23.809919,37.837802
231,256,23.80733,37.836181
231,257,23.80642,37.835613
231,258,23.80502,37.834731
231,259,23.804709,37.834533
231,260,23.804018,37.834102
231,261,23.803959,37.834064
231,262,23.803239,37.833602
231,263,23.80178,37.833613
231,264,23.800229,37.833885
231,265,23.79693,37.834414
231,266,23.79395,37.834835
231,267,23.792332,37.834983
231,268,23.792032,37.835003
231,269,23.791631,37.835041
231,270,23.788721,37.83464
231,271,23.786112,37.83372
231,272,23.785581,37.83419
231,273,23.782951,37.83586
231,274,23.780062,37.836429
231,275,23.778951,37.836879
231,276,23.776442,37.83879
231,277,23.774332,37.840869
231,278,23.772491,37.841541
231,279,23.772102,37.841552
231,280,23.771051,37.843642
231,281,23.770571,37.844703
231,282,23.770101,37.845763
231,283,23.769361,37.847602
231,284,23.768381,37.850204
231,285,23.76733,37.853064
231,286,23.76727,37.853954
231,287,23.76757,37.855213
231,288,23.76778,37.857044
231,289,23.76956,37.859455
231,290,23.769618,37.861083
231,291,23.769199,37.862434
231,292,23.76881,37.863654
231,293,23.76798,37.865833
231,294,23.767401,37.867362
231,295,23.767401,37.867374
231,296,23.766911,37.868144
231,297,23.76568,37.869724
231,298,23.764699,37.871444
231,299,23.76433,37.873305
231,300,23.76416,37.874187
231,301,23.763731,37.876598
231,302,23.763472,37.879168
231,303,23.763431,37.880759
231,304,23.763011,37.88227
231,305,23.762253,37.8843
231,306,23.761722,37.88639
231,307,23.761492,37.887279
231,308,23.7613,37.888129
231,309,23.76114,37.888778
231,310,23.76087,37.888767
231,311,23.76041,37.889057
231,312,23.760311,37.889327
231,313,23.761101,37.889236
231,314,23.761311,37.888137
231,315,23.761329,37.887248
231,316,23.760629,37.886729
231,317,23.760629,37.886729
231,318,23.76078,37.88655
231,319,23.761832,37.8856
231,320,23.761151,37.884849
231,321,23.760271,37.883739
231,322,23.75942,37.883437
231,323,23.759809,37.884807
231,324,23.75932,37.885585
231,325,23.75964,37.886024
231,326,23.75985,37.886295
231,327,23.760099,37.886226
231,328,23.76013,37.886207
231,329,23.759779,37.886107
231,330,23.759649,37.885997
231,331,23.759649,37.885985
231,332,23.758678,37.885215
231,333,23.759689,37.884944
231,334,23.75959,37.883193
231,335,23.761289,37.884944
231,336,23.762168,37.884544
231,337,23.762449,37.883792
231,338,23.763279,37.881492
231,339,23.763399,37.879901
231,340,23.763629,37.877501
231,341,23.764049,37.874263
231,342,23.764639,37.871242
231,343,23.766109,37.86922
231,344,23.767479,37.867049
231,345,23.768718,37.863941
231,346,23.769558,37.861362
231,347,23.767997,37.857761
231,348,23.767467,37.854312
231,349,23.767217,37.854171
231,350,23.767237,37.852741
231,351,23.768828,37.848529
231,352,23.770208,37.845081
231,353,23.771498,37.842181
231,354,23.773608,37.84135
231,355,23.777138,37.837921
231,356,23.782729,37.835849
231,357,23.785298,37.83435
231,358,23.785297,37.834339
231,359,23.786087,37.833636
231,360,23.789016,37.834784
231,361,23.792298,37.834964
231,362,23.794748,37.834735
231,363,23.798369,37.834125
231,364,23.799638,37.833934
231,365,23.800049,37.833896
231,366,23.801119,37.833717
231,367,23.803489,37.833777
231,368,23.805389,37.834979
231,369,23.808609,37.837001
231,370,23.81139,37.838752
231,371,23.813789,37.840183
231,372,23.816451,37.841754
231,373,23.819031,37.843474
231,374,23.819471,37.843776
231,375,23.819471,37.843776
231,376,23.819792,37.843986
231,377,23.821842,37.845348
231,378,23.823911,37.846366
231,379,23.827991,37.848487
231,380,23.829752,37.851398
231,381,23.831142,37.854487
231,382,23.834423,37.856917
231,383,23.838583,37.857856
231,384,23.842212,37.859084
231,385,23.844723,37.861274
231,386,23.848624,37.863555
231,387,23.852934,37.867446
231,388,23.857004,37.870597
231,389,23.862574,37.874137
231,390,23.865593,37.875839
231,391,23.869223,37.878367
231,392,23.873713,37.881717
231,393,23.877682,37.885108
231,394,23.881302,37.888839
231,395,23.882282,37.891288
231,396,23.883103,37.892386
231,397,23.883482,37.894107
231,398,23.885032,37.898677
231,399,23.889753,37.899959
231,400,23.894503,37.903091
231,401,23.894733,37.9033
231,402,23.894283,37.906211
231,403,23.895203,37.912162
231,404,23.892303,37.917793
231,405,23.888714,37.922294
231,406,23.883493,37.924723
231,407,23.885633,37.929042
231,408,23.882683,37.932384
231,409,23.884533,37.935005
231,410,23.888042,37.933036
231,411,23.890642,37.935436
231,412,23.892943,37.940456
231,413,23.894971,37.944816
231,414,23.897593,37.950084
231,415,23.899964,37.954352
231,416,23.900424,37.956123
231,417,23.900543,37.958374
231,418,23.900463,37.959983
231,419,23.900433,37.962592
231,420,23.903813,37.963523
231,421,23.907303,37.964382
231,422,23.906982,37.964713
231,423,23.906322,37.966193
231,424,23.905952,37.967975
231,425,23.905523,37.971286
231,426,23.903022,37.975154
231,427,23.898943,37.977954
231,428,23.894314,37.980945
231,429,23.889935,37.983943
231,430,23.885115,37.986712
231,431,23.882824,37.988673
231,432,23.882244,37.990714
231,433,23.881844,37.990516
231,434,23.881883,37.990547
231,435,23.881894,37.990607
231,436,23.881563,37.990249
231,437,23.881402,37.990138
231,438,23.881373,37.990138
231,439,23.881342,37.990078
231,440,23.880571,37.989238
231,441,23.880131,37.989047
231,442,23.878731,37.989849
231,443,23.87619,37.991527
231,444,23.874531,37.992026
231,445,23.87285,37.989887
231,446,23.870381,37.990317
231,447,23.870639,37.991416
231,448,23.87226,37.993606
231,449,23.870279,37.995677
231,450,23.870298,37.995768
231,451,23.868588,37.996829
231,452,23.865368,37.998611
231,453,23.862389,37.999839
231,454,23.859398,38.001621
231,455,23.857918,38.003482
231,456,23.858177,38.006042
231,457,23.858267,38.006362
231,458,23.858267,38.006373
231,459,23.858378,38.006705
231,460,23.858387,38.006736
231,461,23.858477,38.007136
231,462,23.858446,38.007156
231,463,23.858496,38.007377
231,464,23.857675,38.007686
231,465,23.856115,38.008464
231,466,23.857114,38.009636
231,467,23.855684,38.010596
231,468,23.853923,38.013328
231,469,23.852354,38.016849
231,470,23.851434,38.018939
231,471,23.850225,38.02077
231,472,23.848316,38.020709
231,473,23.847126,38.021079
231,474,23.847037,38.021117
231,475,23.845466,38.021247
231,476,23.843077,38.021488
231,477,23.839876,38.021777
231,478,23.838667,38.021747
231,479,23.837828,38.023109
231,480,23.838547,38.024688
231,481,23.840866,38.025337
231,482,23.843015,38.026828
231,483,23.841505,38.027888
231,484,23.838104,38.029369
231,485,23.837534,38.029609
231,486,23.836774,38.029067
231,487,23.835304,38.027205
231,488,23.833435,38.025005
231,489,23.832695,38.025134
231,490,23.832495,38.025443
231,491,23.832495,38.025443
231,492,23.831945,38.025783
231,493,23.830736,38.026455
231,494,23.829266,38.027385
231,495,23.828775,38.027736
231,496,23.823266,38.032714
231,497,23.822994,38.032714
231,498,23.823075,38.032542
231,499,23.822895,38.032473
231,500,23.822755,38.032623
231,501,23.822746,38.032642
231,502,23.822456,38.032913
231,503,23.822438,38.032932
231,504,23.823017,38.032592
231,505,23.823026,38.03266
231,506,23.830656,38.026519
231,507,23.831535,38.02603
231,508,23.832495,38.025382
231,509,23.832726,38.025104
231,510,23.832815,38.024955
231,511,23.833385,38.025126
231,512,23.834396,38.026458
231,513,23.835877,38.027938
231,514,23.836706,38.028487
231,515,23.838606,38.027686
231,516,23.841116,38.026557
231,517,23.842226,38.026046
231,518,23.839846,38.025146
231,519,23.838056,38.023734
231,520,23.838457,38.021926
231,521,23.839906,38.021816
231,522,23.843617,38.021506
231,523,23.846576,38.021197
231,524,23.848406,38.020717
231,525,23.850635,38.020656
231,526,23.852017,38.017566
231,527,23.853728,38.013767
231,528,23.856098,38.010467
231,529,23.857887,38.009086
231,530,23.857418,38.008037
231,531,23.856968,38.006896
231,532,23.855228,38.007217
231,533,23.855848,38.006045
231,534,23.856378,38.005115
231,535,23.856129,38.003364
231,536,23.858839,38.001975
231,537,23.862479,37.999835
231,538,23.865748,37.998397
231,539,23.869136,37.996437
231,540,23.869997,37.996078
231,541,23.870937,37.995819
231,542,23.873398,37.993777
231,543,23.877338,37.990706
231,544,23.880318,37.989116
231,545,23.881268,37.990226
231,546,23.881227,37.990645
231,547,23.881227,37.990645
231,548,23.881178,37.990276
231,549,23.881197,37.990237
231,550,23.881237,37.990066
231,551,23.881277,37.990047
231,552,23.881258,37.990085
231,553,23.881609,37.990314
231,554,23.882219,37.990802
231,555,23.881791,37.992351
231,556,23.88114,37.994769
231,557,23.880779,37.996108
231,558,23.880779,37.996119
231,559,23.88073,37.996189
231,560,23.88047,37.99715
231,561,23.88018,37.99887
231,562,23.88052,38.000838
231,563,23.880711,38.002929
231,564,23.88027,38.003768
231,565,23.877849,38.003787
231,566,23.87539,38.004158
231,567,23.87336,38.004836
231,568,23.8719,38.005615
231,569,23.872141,38.007434
231,570,23.87088,38.009376
231,571,23.870821,38.010787
231,572,23.86977,38.010879
231,573,23.868799,38.010989
231,574,23.868369,38.01192
231,575,23.86811,38.013011
231,576,23.86786,38.013831
231,577,23.86722,38.015181
231,578,23.86688,38.01591
231,579,23.866581,38.016372
231,580,23.86589,38.017073
231,581,23.86503,38.017802
231,582,23.863821,38.018673
231,583,23.861851,38.019782
231,584,23.860381,38.020294
231,585,23.86,38.020282
231,586,23.85972,38.020374
231,587,23.859489,38.020404
231,588,23.859569,38.020366
231,589,23.859489,38.020396
231,590,23.859489,38.020396
231,591,23.859218,38.020507
231,592,23.858928,38.020606
231,593,23.860348,38.020186
231,594,23.862309,38.019485
231,595,23.864667,38.017944
231,596,23.865968,38.016925
231,597,23.866687,38.016135
231,598,23.867298,38.014976
231,599,23.867848,38.013786
231,600,23.868178,38.013507
231,601,23.868467,38.013496
231,602,23.868458,38.013355
231,603,23.867977,38.013545
231,604,23.868427,38.011596
231,605,23.869867,38.010947
231,606,23.871047,38.010695
231,607,23.871548,38.007896
231,608,23.871948,38.005134
231,609,23.873478,38.004802
231,610,23.874819,38.004352
231,611,23.875049,38.003371
231,612,23.875531,38.00228
231,613,23.87653,38.001522
231,614,23.87579,37.999282
231,615,23.876259,37.998622
231,616,23.876108,37.995563
231,617,23.874837,37.992565
231,618,23.877777,37.990474
231,619,23.880487,37.989272
231,620,23.881268,37.990184
231,621,23.881147,37.990344
231,622,23.881147,37.990394
231,623,23.881147,37.990325
231,624,23.881308,37.990207
231,625,23.881317,37.990196
231,626,23.881286,37.990047
231,627,23.881286,37.990058
231,628,23.881256,37.989859
231,629,23.880426,37.989082
231,630,23.880367,37.989044
231,631,23.880327,37.989044
231,632,23.879488,37.989383
231,633,23.877348,37.990745
231,634,23.875017,37.992366
231,635,23.875998,37.994006
231,636,23.875997,37.996326
231,637,23.876337,37.998745
231,638,23.877876,38.000633
231,639,23.880386,38.002303
231,640,23.880747,38.002662
231,641,23.880817,38.003272
231,642,23.880808,38.003421
231,643,23.880817,38.003459
231,644,23.880678,38.00362
231,645,23.879328,38.003688
231,646,23.877037,38.003757
231,647,23.874536,38.004428
231,648,23.872047,38.005199
231,649,23.872186,38.007049
231,650,23.870836,38.00909
231,651,23.871015,38.010779
231,652,23.870245,38.01089
231,653,23.869304,38.01097
231,654,23.868524,38.011341
231,655,23.868195,38.012779
231,656,23.867805,38.013999
231,657,23.867165,38.015307
231,658,23.866844,38.015979
231,659,23.866484,38.016498
231,660,23.866474,38.016509
231,661,23.866135,38.016829
231,662,23.865555,38.01736
231,663,23.864765,38.017959
231,664,23.863255,38.019099
231,665,23.861534,38.019989
231,666,23.860334,38.020321
231,667,23.859283,38.020462
231,668,23.858155,38.020762
231,669,23.857115,38.020942
231,670,23.855905,38.021133
231,671,23.854935,38.021262
231,672,23.854015,38.021381
231,673,23.853195,38.021499
231,674,23.852665,38.021579
231,675,23.852135,38.021671
231,676,23.851475,38.021762
231,677,23.850855,38.021842
231,678,23.850705,38.021972
231,679,23.850634,38.021991
231,680,23.850813,38.02196
231,681,23.851852,38.021831
231,682,23.851942,38.021739
231,683,23.850832,38.021869
231,684,23.850872,38.021869
231,685,23.850773,38.021777
231,686,23.851932,38.021586
231,687,23.853102,38.021437
231,688,23.854693,38.021217
231,689,23.856653,38.020938
231,690,23.858592,38.020606
231,691,23.860172,38.020145
231,692,23.862113,38.019565
231,693,23.864372,38.018196
231,694,23.865911,38.016967
231,695,23.866732,38.016036
231,696,23.867412,38.014735
231,697,23.867922,38.013587
231,698,23.868221,38.012519
231,699,23.868511,38.01126
231,700,23.869042,38.01052
231,701,23.8705,38.010371
231,702,23.870991,38.010292
231,703,23.870951,38.008151
231,704,23.87179,38.00566
231,705,23.87176,38.005408
231,706,23.87176,38.005408
231,707,23.87298,38.004867
231,708,23.87439,38.004459
231,709,23.875219,38.003898
231,710,23.87492,38.002349
231,711,23.876409,38.002089
231,712,23.876058,38.000098
231,713,23.875728,37.998588
231,714,23.876117,37.998069
231,715,23.876269,37.994808
231,716,23.874908,37.992495
231,717,23.874889,37.992495
231,718,23.87562,37.991866
231,719,23.87912,37.989566
231,720,23.88036,37.989024
231,721,23.881269,37.989986
231,722,23.881328,37.990097
231,723,23.881298,37.990028
231,724,23.881329,37.990039
231,725,23.881408,37.990119
231,726,23.88139,37.990039
231,727,23.88139,37.990008
231,728,23.88139,37.990008
231,729,23.88138,37.990039
231,730,23.88134,37.989948
231,731,23.88139,37.990088
231,732,23.881569,37.9902
