232,1,23.881264,37.990032
232,2,23.881563,37.990333
232,3,23.881332,37.990032
232,4,23.881442,37.990062
232,5,23.881403,37.990062
232,6,23.881273,37.990023
232,7,23.881243,37.990035
232,8,23.881323,37.990047
232,9,23.881242,37.989849
232,10,23.881153,37.989837
232,11,23.881033,37.989776
232,12,23.880203,37.989035
232,13,23.880074,37.989047
232,14,23.878633,37.989879
232,15,23.876043,37.99158
232,16,23.874373,37.991901
232,17,23.872683,37.989791
232,18,23.870293,37.990401
232,19,23.870752,37.991572
232,20,23.872121,37.993923
232,21,23.870292,37.995773
232,22,23.870283,37.995773
232,23,23.868673,37.996753
232,24,23.865584,37.998443
232,25,23.863054,37.999564
232,26,23.859983,38.001162
232,27,23.857923,38.002994
232,28,23.858034,38.005664
232,29,23.858503,38.007235
232,30,23.858503,38.007247
232,31,23.858534,38.007327
232,32,23.857473,38.007815
232,33,23.854553,38.008765
232,34,23.850452,38.009536
232,35,23.847143,38.010127
232,36,23.844263,38.010589
232,37,23.844113,38.010601
232,38,23.843723,38.010639
232,39,23.841824,38.010836
232,40,23.839283,38.011348
232,41,23.836233,38.012729
232,42,23.834793,38.013061
232,43,23.834723,38.013073
232,44,23.834312,38.013164
232,45,23.831704,38.013733
232,46,23.829394,38.014003
232,47,23.827793,38.014014
232,48,23.827324,38.014015
232,49,23.825844,38.013953
232,50,23.824724,38.013904
232,51,23.823885,38.013865
232,52,23.822265,38.013785
232,53,23.822247,38.013785
232,54,23.821007,38.013725
232,55,23.817917,38.013015
232,56,23.814066,38.012035
232,57,23.812466,38.011676
232,58,23.809407,38.010905
232,59,23.806936,38.009784
232,60,23.805857,38.009223
232,61,23.804916,38.008804
232,62,23.804197,38.008483
232,63,23.802677,38.007934
232,64,23.802307,38.007816
232,65,23.802247,38.007804
232,66,23.802038,38.007724
232,67,23.799858,38.007144
232,68,23.797688,38.006523
232,69,23.797188,38.006351
232,70,23.796957,38.006259
232,71,23.795776,38.00579
232,72,23.795058,38.005291
232,73,23.794878,38.005179
232,74,23.794357,38.004829
232,75,23.794077,38.004599
232,76,23.793867,38.004428
232,77,23.793567,38.004256
232,78,23.793098,38.003875
232,79,23.793039,38.003837
232,80,23.792139,38.003147
232,81,23.791939,38.002986
232,82,23.791488,38.002665
232,83,23.791208,38.002445
232,84,23.789938,38.002075
232,85,23.789818,38.002036
232,86,23.789599,38.001956
232,87,23.788158,38.001445
232,88,23.787899,38.001365
232,89,23.787258,38.001094
232,90,23.785568,38.000114
232,91,23.785217,37.999915
232,92,23.783477,37.998527
232,93,23.780687,37.996417
232,94,23.778127,37.994876
232,95,23.774328,37.992366
232,96,23.770729,37.990585
232,97,23.770158,37.990135
232,98,23.769129,37.989303
232,99,23.765969,37.987281
232,100,23.764818,37.986682
232,101,23.764497,37.98659
232,102,23.764128,37.98643
232,103,23.763967,37.98635
232,104,23.763847,37.986209
232,105,23.764557,37.98595
232,106,23.764047,37.985148
232,107,23.762126,37.983367
232,108,23.761597,37.982757
232,109,23.761537,37.982536
232,110,23.761518,37.982418
232,111,23.759939,37.981708
232,112,23.75878,37.981536
232,113,23.75873,37.981517
232,114,23.757219,37.980888
232,115,23.755949,37.979686
232,116,23.755799,37.979206
232,117,23.755447,37.977695
232,118,23.754187,37.976734
232,119,23.753197,37.976085
232,120,23.752796,37.975894
232,121,23.752706,37.975863
232,122,23.752367,37.975772
232,123,23.752358,37.975761
232,124,23.752046,37.9757
232,125,23.751916,37.975681
232,126,23.751797,37.97567
232,127,23.751177,37.975558
232,128,23.750856,37.97549
232,129,23.750757,37.975471
232,130,23.750277,37.97536
232,131,23.749117,37.975162
232,132,23.748627,37.9751
232,133,23.748476,37.97507
232,134,23.748235,37.975009
232,135,23.748206,37.975009
232,136,23.747986,37.974948
232,137,23.747967,37.974948
232,138,23.747917,37.974776
232,139,23.747957,37.974547
232,140,23.747926,37.974159
232,141,23.747927,37.973906
232,142,23.747868,37.973868
232,143,23.747778,37.973598
232,144,23.747858,37.973449
232,145,23.747928,37.973228
232,146,23.747959,37.973197
232,147,23.747879,37.972857
232,148,23.747869,37.972556
232,149,23.74769,37.971847
232,150,23.747419,37.970557
232,151,23.74733,37.970408
232,152,23.747249,37.9701
232,153,23.74724,37.969619
232,154,23.74724,37.9696
232,155,23.747209,37.969119
232,156,23.74719,37.969039
232,157,23.747172,37.968391
232,158,23.747122,37.96836
232,159,23.747062,37.968071
232,160,23.746443,37.968021
232,161,23.744743,37.968219
232,162,23.744182,37.968337
232,163,23.744004,37.968299
232,164,23.743113,37.967838
232,165,23.741614,37.967018
232,166,23.740753,37.966476
232,167,23.739423,37.965797
232,168,23.739324,37.965758
232,169,23.739124,37.96569
232,170,23.738825,37.965561
232,171,23.738744,37.965289
232,172,23.738815,37.964939
232,173,23.739376,37.964427
232,174,23.739926,37.964096
232,175,23.739935,37.964084
232,176,23.740114,37.963984
232,177,23.740345,37.963867
232,178,23.740434,37.963836
232,179,23.740644,37.963744
232,180,23.740694,37.963744
232,181,23.740814,37.963664
232,182,23.740984,37.963466
232,183,23.741283,37.963058
232,184,23.741383,37.962817
232,185,23.741302,37.962676
232,186,23.741292,37.962585
232,187,23.741062,37.962467
232,188,23.740991,37.962436
232,189,23.740772,37.962326
232,190,23.740081,37.961944
232,191,23.739401,37.961585
232,192,23.739311,37.961474
232,193,23.739101,37.961303
232,194,23.739021,37.961292
232,195,23.73867,37.96112
232,196,23.73867,37.961109
232,197,23.738541,37.960998
232,198,23.738251,37.960906
232,199,23.737911,37.960716
232,200,23.737791,37.960624
232,201,23.737431,37.960414
232,202,23.737391,37.960415
232,203,23.737221,37.960303
232,204,23.737001,37.960193
232,205,23.736831,37.960033
232,206,23.736702,37.959934
232,207,23.736322,37.959823
232,208,23.735902,37.959662
232,209,23.735854,37.959624
232,210,23.734713,37.959255
232,211,23.734472,37.959155
232,212,23.733331,37.958877
232,213,23.732573,37.958636
232,214,23.731872,37.958465
232,215,23.731663,37.958427
232,216,23.731363,37.958316
232,217,23.730333,37.958587
232,218,23.729442,37.959327
232,219,23.729192,37.959468
232,220,23.729073,37.959559
232,221,23.728922,37.959651
232,222,23.728811,37.959681
232,223,23.72853,37.959972
232,224,23.728351,37.960082
232,225,23.728101,37.960281
232,226,23.727922,37.960391
232,227,23.727401,37.960823
232,228,23.727152,37.961074
232,229,23.726832,37.961295
232,230,23.726502,37.961524
232,231,23.726403,37.961562
232,232,23.725872,37.961971
232,233,23.725712,37.961982
232,234,23.725022,37.962451
232,235,23.72467,37.962752
232,236,23.72464,37.962772
232,237,23.72348,37.962051
232,238,23.720471,37.95969
232,239,23.718281,37.95816
232,240,23.717902,37.95784
232,241,23.716801,37.956939
232,242,23.71663,37.95687
232,243,23.71652,37.95687
232,244,23.71615,37.957149
232,245,23.716249,37.957198
232,246,23.716049,37.95708
232,247,23.715849,37.957412
232,248,23.715608,37.957401
232,249,23.714899,37.956881
232,250,23.714319,37.95642
232,251,23.71398,37.95618
232,252,23.712719,37.955161
232,253,23.71287,37.954101
232,254,23.713841,37.953262
232,255,23.71455,37.95365
232,256,23.715281,37.954181
232,257,23.715151,37.9551
232,258,23.7166,37.956481
232,259,23.72017,37.959301
232,260,23.723452,37.96186
232,261,23.724201,37.96239
232,262,23.72479,37.962821
232,263,23.72698,37.964622
232,264,23.728361,37.96564
232,265,23.728471,37.965781
232,266,23.728811,37.966083
232,267,23.729132,37.966372
232,268,23.729131,37.966471
232,269,23.729151,37.966483
232,270,23.729671,37.966834
232,271,23.729761,37.966976
232,272,23.730101,37.967235
232,273,23.7304,37.967384
232,274,23.730881,37.967784
232,275,23.73089,37.967796
232,276,23.73168,37.968566
232,277,23.73168,37.969455
232,278,23.73191,37.970314
232,279,23.73229,37.970432
232,280,23.732661,37.97055
232,281,23.734079,37.970298
232,282,23.73617,37.969478
232,283,23.73728,37.969119
232,284,23.737801,37.969027
232,285,23.73786,37.969027
232,286,23.73994,37.969909
232,287,23.74105,37.970558
232,288,23.741611,37.970939
232,289,23.744661,37.973079
232,290,23.747382,37.974917
232,291,23.748981,37.975959
232,292,23.748991,37.975947
232,293,23.749391,37.976207
232,294,23.751802,37.977886
232,295,23.754223,37.980056
232,296,23.755894,37.981788
232,297,23.758435,37.983416
232,298,23.759535,37.984328
232,299,23.761425,37.985229
232,300,23.761615,37.9854
232,301,23.761575,37.98548
232,302,23.762266,37.985721
232,303,23.762266,37.98577
232,304,23.762696,37.985862
232,305,23.762714,37.98585
232,306,23.763664,37.986071
232,307,23.765144,37.986109
232,308,23.765573,37.986541
232,309,23.767304,37.988243
232,310,23.770843,37.990462
232,311,23.775234,37.992622
232,312,23.778654,37.995082
232,313,23.778845,37.995181
232,314,23.779946,37.995811
232,315,23.782714,37.997691
232,316,23.785795,38.000083
232,317,23.790275,38.002002
232,318,23.793026,38.003593
232,319,23.793026,38.003593
232,320,23.794876,38.004981
232,321,23.798545,38.006622
232,322,23.800846,38.007109
232,323,23.804076,38.0083
232,324,23.807755,38.010039
232,325,23.812574,38.011581
232,326,23.815554,38.012252
232,327,23.817253,38.012691
232,328,23.820803,38.013579
232,329,23.825333,38.013839
232,330,23.830013,38.013889
232,331,23.832363,38.0134
232,332,23.834922,38.012912
232,333,23.838962,38.011333
232,334,23.841821,38.010772
232,335,23.844881,38.010432
232,336,23.849902,38.009563
232,337,23.854661,38.008682
232,338,23.856173,38.00822
232,339,23.858312,38.00759
232,340,23.858852,38.007499
232,341,23.861782,38.006778
232,342,23.862171,38.005157
232,343,23.861341,38.003406
232,344,23.861413,38.002257
232,345,23.861413,38.002257
232,346,23.861471,38.002116
232,347,23.861761,38.001617
232,348,23.862122,38.000019
232,349,23.86259,37.999767
232,350,23.86639,37.998015
232,351,23.86985,37.996085
232,352,23.87269,37.994857
232,353,23.876341,37.991355
232,354,23.879951,37.989074
232,355,23.880692,37.989425
232,356,23.881241,37.990203
232,357,23.881441,37.990222
232,358,23.881441,37.990241
232,359,23.88174,37.990451
232,360,23.881852,37.990542
232,361,23.881581,37.990371
232,362,23.881581,37.990371
232,363,23.8815,37.990333
232,364,23.88123,37.990013
232,365,23.881131,37.989913
232,366,23.880421,37.989223
232,367,23.879471,37.989493
232,368,23.87706,37.991011
232,369,23.87475,37.992442
232,370,23.873631,37.990992
232,371,23.872262,37.989864
232,372,23.86989,37.990695
232,373,23.871201,37.992095
232,374,23.871049,37.994635
232,375,23.869989,37.996104
232,376,23.867319,37.997542
232,377,23.86413,37.999213
232,378,23.86072,38.000675
232,379,23.857929,38.002586
232,380,23.857911,38.004978
232,381,23.8585,38.007289
232,382,23.85768,38.007751
232,383,23.856089,38.008491
232,384,23.856729,38.009082
232,385,23.857159,38.009612
232,386,23.856188,38.010223
232,387,23.854507,38.011901
232,388,23.853357,38.01448
232,389,23.852367,38.01675
232,390,23.852367,38.016761
232,391,23.852017,38.017539
232,392,23.850996,38.019759
232,393,23.849846,38.02069
232,394,23.847845,38.020801
232,395,23.846845,38.02111
232,396,23.844764,38.021308
232,397,23.841654,38.021438
232,398,23.838773,38.021518
232,399,23.838092,38.022437
232,400,23.837803,38.023067
232,401,23.838522,38.024688
232,402,23.841171,38.025428
232,403,23.842451,38.026057
232,404,23.843031,38.026866
232,405,23.841311,38.027927
232,406,23.838041,38.029345
232,407,23.837371,38.029647
232,408,23.837362,38.029647
232,409,23.836532,38.028716
232,410,23.835703,38.027637
232,411,23.833923,38.025836
232,412,23.832844,38.024817
232,413,23.832794,38.024989
232,414,23.832325,38.025581
232,415,23.831754,38.025851
232,416,23.831215,38.026142
232,417,23.830284,38.026702
232,418,23.829115,38.027503
232,419,23.828884,38.027633
232,420,23.822954,38.032882
232,421,23.822834,38.032974
232,422,23.822673,38.033084
232,423,23.822494,38.033176
232,424,23.822874,38.032924
232,425,23.822994,38.032805
232,426,23.822704,38.033065
232,427,23.822513,38.033225
232,428,23.822593,38.033187
232,429,23.822644,38.033107
232,430,23.822813,38.032989
232,431,23.822573,38.03321
232,432,23.822462,38.033301
232,433,23.821663,38.034011
232,434,23.821793,38.033893
232,435,23.823103,38.032744
232,436,23.823193,38.032626
232,437,23.830423,38.026637
232,438,23.831672,38.025916
232,439,23.832613,38.025195
232,440,23.833493,38.025135
232,441,23.834451,38.026385
232,442,23.836522,38.026416
232,443,23.837811,38.026557
232,444,23.839639,38.026317
232,445,23.840829,38.025447
232,446,23.83819,38.024158
232,447,23.83816,38.022307
232,448,23.839711,38.021778
232,449,23.84366,38.021445
232,450,23.846791,38.021094
232,451,23.847071,38.021045
232,452,23.849221,38.020614
232,453,23.85104,38.019633
232,454,23.85265,38.016033
232,455,23.85445,38.012054
232,456,23.856421,38.010185
232,457,23.85804,38.008963
232,458,23.857799,38.008395
232,459,23.85772,38.008296
232,460,23.85747,38.007957
232,461,23.857461,38.007957
232,462,23.85751,38.007667
232,463,23.856239,38.007087
232,464,23.855099,38.006206
232,465,23.856289,38.005294
232,466,23.856178,38.003303
232,467,23.859478,38.001544
232,468,23.862598,37.999743
232,469,23.866418,37.997993
232,470,23.869869,37.996082
232,471,23.869949,37.996063
232,472,23.87278,37.994762
232,473,23.876961,37.990943
232,474,23.880261,37.989054
232,475,23.881179,37.989955
232,476,23.88125,37.990073
232,477,23.881309,37.990054
232,478,23.88117,37.989963
232,479,23.88125,37.990023
232,480,23.88129,37.989864
232,481,23.880791,37.989402
232,482,23.880301,37.989001
232,483,23.879619,37.989321
232,484,23.877689,37.990524
232,485,23.87522,37.992175
232,486,23.873868,37.991237
232,487,23.872209,37.989837
232,488,23.869859,37.990768
232,489,23.87093,37.991908
232,490,23.871959,37.99414
232,491,23.87028,37.995818
232,492,23.87028,37.995818
232,493,23.86994,37.996138
232,494,23.867149,37.997649
232,495,23.864029,37.999259
232,496,23.860859,38.00059
232,497,23.857988,38.002479
232,498,23.857929,38.004871
232,499,23.858439,38.007011
232,500,23.858528,38.007281
232,501,23.858559,38.007281
232,502,23.858629,38.007491
232,503,23.856729,38.008113
232,504,23.85663,38.008982
232,505,23.85662,38.009994
232,506,23.854751,38.011615
232,507,23.853311,38.014705
232,508,23.851881,38.017894
232,509,23.850701,38.020553
232,510,23.848921,38.020553
232,511,23.846991,38.021102
232,512,23.84478,38.021331
232,513,23.84151,38.02148
232,514,23.83877,38.021548
232,515,23.83792,38.0228
232,516,23.83819,38.023941
232,517,23.839929,38.025008
232,518,23.842579,38.026229
232,519,23.842159,38.02756
232,520,23.839109,38.028892
232,521,23.838089,38.029354
232,522,23.837799,38.029495
232,523,23.837799,38.029506
232,524,23.837189,38.029678
232,525,23.836619,38.028839
232,526,23.835759,38.027697
232,527,23.834657,38.026576
232,528,23.833418,38.025005
232,529,23.832828,38.025096
232,530,23.832418,38.025615
232,531,23.831468,38.026084
232,532,23.830399,38.026714
232,533,23.828988,38.027652
232,534,23.828798,38.02777
232,535,23.831829,38.02584
232,536,23.832869,38.024871
232,537,23.833128,38.02481
232,538,23.833939,38.025748
232,539,23.834499,38.026359
232,540,23.834829,38.026679
232,541,23.83606,38.026641
232,542,23.837589,38.026111
232,543,23.838899,38.02661
232,544,23.84112,38.02557
232,545,23.838591,38.024848
232,546,23.837681,38.023029
232,547,23.83815,38.0223
232,548,23.839519,38.021709
232,549,23.843448,38.021457
232,550,23.846219,38.021118
232,551,23.846838,38.021079
232,552,23.847797,38.020828
232,553,23.850227,38.020747
232,554,23.850298,38.020759
232,555,23.850307,38.020759
232,556,23.850918,38.019957
232,557,23.852618,38.016147
232,558,23.854257,38.012488
232,559,23.856737,38.009997
232,560,23.858156,38.008907
232,561,23.857857,38.008498
232,562,23.857857,38.008498
232,563,23.857607,38.008239
232,564,23.857497,38.008067
232,565,23.857496,38.008056
232,566,23.857527,38.007674
232,567,23.855856,38.007224
232,568,23.855505,38.006175
232,569,23.855735,38.005424
232,570,23.856285,38.004382
232,571,23.856095,38.00339
232,572,23.858875,38.001941
232,573,23.862075,37.999961
232,574,23.865385,37.998561
232,575,23.868635,37.996753
232,576,23.872185,37.995261
232,577,23.874605,37.9925
232,578,23.877726,37.990428
232,579,23.880335,37.989078
232,580,23.881385,37.990157
232,581,23.881367,37.990066
232,582,23.881277,37.990016
232,583,23.881237,37.990035
232,584,23.881098,37.989886
232,585,23.881098,37.989886
232,586,23.880388,37.989215
232,587,23.880418,37.988895
232,588,23.882999,37.987773
232,589,23.88405,37.987243
232,590,23.88446,37.987044
232,591,23.887261,37.985472
232,592,23.891309,37.982944
232,593,23.895149,37.980396
232,594,23.89934,37.977687
232,595,23.903249,37.974906
232,596,23.90543,37.971336
232,597,23.905591,37.969246
232,598,23.90567,37.968653
232,599,23.905981,37.967384
232,600,23.906262,37.965946
232,601,23.906902,37.964427
232,602,23.904312,37.963867
232,603,23.900901,37.963027
232,604,23.900362,37.961707
232,605,23.900452,37.959758
232,606,23.900442,37.958106
232,607,23.900251,37.955855
232,608,23.899882,37.954376
232,609,23.898981,37.953315
232,610,23.898201,37.951686
232,611,23.8971,37.949157
232,612,23.89538,37.945765
232,613,23.893841,37.942596
232,614,23.892191,37.939025
232,615,23.890331,37.934985
232,616,23.888682,37.932883
232,617,23.887182,37.933482
232,618,23.885141,37.93463
232,619,23.883761,37.934513
232,620,23.882521,37.932392
232,621,23.88328,37.931491
232,622,23.885691,37.928882
232,623,23.88361,37.925841
232,624,23.886061,37.92253
232,625,23.890612,37.920601
232,626,23.893211,37.916259
232,627,23.895161,37.912498
232,628,23.894471,37.909637
232,629,23.894239,37.905845
232,630,23.89459,37.903334
232,631,23.89241,37.901393
232,632,23.88834,37.899524
232,633,23.884899,37.898654
232,634,23.883878,37.896144
232,635,23.883229,37.893382
232,636,23.882969,37.892181
232,637,23.881609,37.89096
232,638,23.881149,37.88863
232,639,23.87937,37.886699
232,640,23.876629,37.884281
232,641,23.87336,37.88158
232,642,23.869959,37.8791
232,643,23.867378,37.877052
232,644,23.865679,37.875984
232,645,23.862768,37.874313
232,646,23.859887,37.872733
232,647,23.859287,37.872303
232,648,23.857917,37.871322
232,649,23.855128,37.869354
232,650,23.851988,37.866633
232,651,23.849018,37.863974
232,652,23.846298,37.861884
232,653,23.843819,37.860496
232,654,23.841669,37.858715
232,655,23.838049,37.857875
232,656,23.833899,37.856864
232,657,23.831699,37.855495
232,658,23.831419,37.855156
232,659,23.830879,37.853984
232,660,23.83054,37.853233
232,661,23.83051,37.853171
232,662,23.830299,37.852691
232,663,23.83024,37.852573
232,664,23.830119,37.852294
232,665,23.83003,37.852115
232,666,23.829991,37.852023
232,667,23.82988,37.851783
232,668,23.829679,37.851344
232,669,23.829399,37.850723
232,670,23.8293,37.850482
232,671,23.829069,37.849772
232,672,23.828789,37.849243
232,673,23.827829,37.84841
232,674,23.826929,37.847881
232,675,23.825998,37.847419
232,676,23.825428,37.847141
232,677,23.824608,37.846732
232,678,23.824158,37.846511
232,679,23.823689,37.846321
232,680,23.823398,37.846179
232,681,23.822878,37.845908
232,682,23.822508,37.845737
232,683,23.821808,37.845355
232,684,23.821388,37.845084
232,685,23.820247,37.844344
232,686,23.820247,37.844344
232,687,23.819277,37.843673
232,688,23.818507,37.843131
232,689,23.818146,37.84288
232,690,23.816665,37.841899
232,691,23.814955,37.84088
232,692,23.813524,37.840023
232,693,23.811215,37.838641
232,694,23.809145,37.837333
232,695,23.808716,37.837062
232,696,23.807587,37.836372
232,697,23.806828,37.835903
232,698,23.805788,37.835242
232,699,23.805029,37.834762
232,700,23.804689,37.834533
232,701,23.8036,37.834273
232,702,23.802401,37.834114
232,703,23.802271,37.833713
232,704,23.802201,37.833674
232,705,23.80224,37.833266
232,706,23.80274,37.832466
232,707,23.80241,37.831195
232,708,23.80196,37.829685
232,709,23.80116,37.827953
232,710,23.800701,37.826164
232,711,23.80062,37.824172
232,712,23.799991,37.822322
232,713,23.799502,37.822242
232,714,23.797121,37.822242
232,715,23.795132,37.822254
232,716,23.793491,37.822322
232,717,23.793482,37.822662
232,718,23.793481,37.82249
232,719,23.793451,37.82281
232,720,23.793451,37.823082
232,721,23.793451,37.823119
232,722,23.793451,37.82281
232,723,23.79347,37.822441
232,724,23.79347,37.822441
232,725,23.7936,37.822291
232,726,23.793721,37.822292
232,727,23.79374,37.822311
232,728,23.79489,37.82228
232,729,23.797079,37.822231
232,730,23.79966,37.822219
232,731,23.800249,37.823219
232,732,23.800539,37.824878
232,733,23.800699,37.826339
232,734,23.801149,37.827919
232,735,23.802009,37.829967
232,736,23.80261,37.831748
232,737,23.80285,37.832938
232,738,23.804511,37.834269
232,739,23.808029,37.836502
232,740,23.811809,37.838912
232,741,23.815239,37.840953
232,742,23.818569,37.843063
232,743,23.821409,37.845031
232,744,23.82436,37.846523
232,745,23.828359,37.848724
232,746,23.83,37.851882
232,747,23.831949,37.855621
232,748,23.832418,37.855842
232,749,23.832369,37.855762
232,750,23.832369,37.85583
232,751,23.832388,37.855842
232,752,23.832557,37.856021
232,753,23.835918,37.857372
232,754,23.841389,37.858501
232,755,23.845119,37.861499
232,756,23.84915,37.864021
232,757,23.85301,37.867523
232,758,23.857361,37.870865
232,759,23.862041,37.873855
232,760,23.86547,37.875755
232,761,23.865841,37.876007
232,762,23.86972,37.878807
232,763,23.874691,37.882488
232,764,23.878641,37.885959
232,765,23.88161,37.889709
232,766,23.88278,37.891589
232,767,23.88314,37.892509
232,768,23.883781,37.895458
232,769,23.88499,37.898589
232,770,23.886791,37.898941
232,771,23.892792,37.901569
232,772,23.894661,37.90327
232,773,23.894871,37.903468
232,774,23.894321,37.90702
232,775,23.895252,37.912391
232,776,23.892742,37.91717
232,777,23.889682,37.921981
232,778,23.884024,37.923633
232,779,23.885695,37.927764
232,780,23.883535,37.931343
232,781,23.883286,37.933532
232,782,23.885195,37.934501
232,783,23.888794,37.93283
232,784,23.890844,37.935871
232,785,23.891705,37.937919
232,786,23.893474,37.941718
232,787,23.896184,37.947257
232,788,23.897884,37.950846
232,789,23.899673,37.954017
232,790,23.900413,37.956137
232,791,23.900583,37.958697
232,792,23.900493,37.95998
232,793,23.900414,37.961639
232,794,23.901074,37.96289
232,795,23.904514,37.963759
232,796,23.907304,37.96442
232,797,23.906334,37.966018
232,798,23.906094,37.967437
232,799,23.905643,37.970039
232,800,23.903373,37.974861
232,801,23.897973,37.978622
232,802,23.892195,37.98239
232,803,23.886274,37.986072
232,804,23.882815,37.98854
232,805,23.881994,37.990691
232,806,23.881384,37.990032
232,807,23.881215,37.9901
232,808,23.881254,37.990062
232,809,23.881664,37.990371
232,810,23.881824,37.990463
232,811,23.882105,37.990734
232,812,23.882145,37.990932
232,813,23.881775,37.992302
232,814,23.881106,37.994769
232,815,23.880326,37.997558
232,816,23.880344,38.000198
232,817,23.880714,38.002368
232,818,23.881874,38.002429
232,819,23.883894,38.00204
232,820,23.884733,38.00212
232,821,23.884264,38.003421
232,822,23.884323,38.003471
232,823,23.885023,38.003631
232,824,23.888424,38.004161
232,825,23.892624,38.00434
232,826,23.897613,38.003471
232,827,23.902853,38.002799
232,828,23.908033,38.002601
232,829,23.911963,38.0018
232,830,23.915292,37.999431
232,831,23.920772,37.998081
232,832,23.925573,37.99776
232,833,23.930704,37.998248
232,834,23.934944,37.999668
232,835,23.938833,38.001476
232,836,23.940862,38.002006
232,837,23.942574,38.002536
232,838,23.946622,38.003795
232,839,23.951803,38.005385
232,840,23.956073,38.006736
232,841,23.959694,38.007785
232,842,23.958234,38.008525
232,843,23.956345,38.010653
232,844,23.953184,38.012245
232,845,23.951164,38.014655
232,846,23.950674,38.017176
232,847,23.950575,38.018886
232,848,23.950325,38.020935
232,849,23.950494,38.023284
232,850,23.951105,38.024856
232,851,23.951494,38.026645
232,852,23.951094,38.028033
232,853,23.949993,38.028583
232,854,23.948772,38.029712
232,855,23.948143,38.031131
232,856,23.947843,38.032752
232,857,23.946893,38.034041
232,858,23.946184,38.034762
232,859,23.945715,38.035823
232,860,23.945404,38.037044
232,861,23.945043,38.038234
232,862,23.944984,38.039024
232,863,23.943924,38.039062
232,864,23.943024,38.039062
232,865,23.942503,38.0391
232,866,23.942484,38.039112
232,867,23.941534,38.03947
232,868,23.94115,38.039272
232,869,23.939731,38.038551
232,870,23.939182,38.038249
232,871,23.939012,38.038169
232,872,23.938183,38.038119
232,873,23.937393,38.038291
232,874,23.936702,38.038322
232,875,23.936003,38.038359
232,876,23.935283,38.038601
232,877,23.934614,38.038791
232,878,23.933884,38.038829
232,879,23.933143,38.038711
232,880,23.932084,38.038372
232,881,23.932293,38.037872
232,882,23.932653,38.037322
232,883,23.932793,38.036674
232,884,23.932693,38.036033
232,885,23.932463,38.034832
232,886,23.932012,38.03429
232,887,23.932062,38.034278
232,888,23.932062,38.034247
232,889,23.931572,38.034298
232,890,23.931502,38.034308
232,891,23.931181,38.034469
232,892,23.931391,38.034351
232,893,23.932001,38.034232
232,894,23.932451,38.034553
232,895,23.93259,38.035273
232,896,23.93276,38.036094
232,897,23.9328,38.036403
232,898,23.9328,38.036414
232,899,23.93285,38.036643
232,900,23.93269,38.037265
232,901,23.932301,38.037887
