233,1,23.840839,38.131286
233,2,23.84108,38.130984
233,3,23.841009,38.131023
233,4,23.840979,38.131221
233,5,23.840808,38.13145
233,6,23.840799,38.131469
233,7,23.840439,38.131919
233,8,23.839798,38.13198
233,9,23.838999,38.130649
233,10,23.837579,38.127757
233,11,23.835409,38.123417
233,12,23.831429,38.119254
233,13,23.8282,38.116046
233,14,23.825469,38.113295
233,15,23.822439,38.110416
233,16,23.819278,38.107406
233,17,23.81696,38.104117
233,18,23.815079,38.102328
233,19,23.812239,38.100589
233,20,23.810259,38.09769
233,21,23.809658,38.09555
233,22,23.809048,38.093028
233,23,23.808977,38.090297
233,24,23.809146,38.089305
233,25,23.809298,38.088527
233,26,23.809387,38.087905
233,27,23.810127,38.085784
233,28,23.810597,38.084525
233,29,23.808777,38.082347
233,30,23.807157,38.079825
233,31,23.807348,38.078334
233,32,23.807648,38.075755
233,33,23.808736,38.075065
233,34,23.808626,38.074245
233,35,23.808456,38.073333
233,36,23.807716,38.071582
233,37,23.807917,38.069683
233,38,23.809507,38.068042
233,39,23.809687,38.067802
233,40,23.809687,38.067771
233,41,23.809696,38.06763
233,42,23.809786,38.066348
233,43,23.809406,38.064659
233,44,23.809406,38.064498
233,45,23.809017,38.061869
233,46,23.808657,38.057971
233,47,23.811987,38.055782
233,48,23.810396,38.052204
233,49,23.808176,38.049212
233,50,23.807766,38.047695
233,51,23.807616,38.047134
233,52,23.807556,38.046973
233,53,23.806545,38.045513
233,54,23.804716,38.04386
233,55,23.803695,38.04288
233,56,23.802805,38.042338
233,57,23.804615,38.041259
233,58,23.806906,38.040248
233,59,23.808166,38.039657
233,60,23.808166,38.039657
233,61,23.808696,38.040118
233,62,23.808946,38.041259
233,63,23.808977,38.041221
233,64,23.808977,38.041221
233,65,23.809196,38.04116
233,66,23.809576,38.040988
233,67,23.809526,38.040908
233,68,23.809616,38.04087
233,69,23.809345,38.040988
233,70,23.809145,38.041027
233,71,23.809086,38.041137
233,72,23.809246,38.042518
233,73,23.809426,38.044448
233,74,23.808546,38.044928
233,75,23.808096,38.04515
233,76,23.807997,38.04523
233,77,23.807227,38.045581
233,78,23.807156,38.045643
233,79,23.807325,38.046161
233,80,23.807785,38.047172
233,81,23.809435,38.050193
233,82,23.810354,38.051712
233,83,23.810665,38.052292
233,84,23.811525,38.054061
233,85,23.809966,38.056953
233,86,23.809126,38.060821
233,87,23.809496,38.063651
233,88,23.809515,38.063651
233,89,23.809805,38.06536
233,90,23.811205,38.068671
233,91,23.811285,38.07091
233,92,23.812315,38.072799
233,93,23.812555,38.073711
233,94,23.812265,38.075072
233,95,23.812885,38.077323
233,96,23.813857,38.078742
233,97,23.814596,38.080912
233,98,23.815676,38.082961
233,99,23.816416,38.085643
233,100,23.816955,38.087203
233,101,23.817286,38.087722
233,102,23.818365,38.088962
233,103,23.819056,38.089393
233,104,23.819564,38.089923
233,105,23.821054,38.091113
233,106,23.822444,38.092974
233,107,23.824195,38.096984
233,108,23.825346,38.099482
233,109,23.825395,38.100322
233,110,23.825716,38.101962
233,111,23.825916,38.104064
233,112,23.825805,38.106376
233,113,23.825796,38.108695
233,114,23.826036,38.110976
233,115,23.827855,38.113445
233,116,23.829025,38.115184
233,117,23.829355,38.116622
233,118,23.829615,38.117233
233,119,23.832994,38.120673
233,120,23.836544,38.125125
233,121,23.838884,38.130095
233,122,23.840605,38.131644
233,123,23.840935,38.131076
233,124,23.841086,38.130854
233,125,23.841086,38.130885
233,126,23.840975,38.130996
233,127,23.841024,38.130996
233,128,23.841095,38.130965
233,129,23.841045,38.131034
233,130,23.840825,38.131443
233,131,23.840826,38.131472
233,132,23.840666,38.131733
233,133,23.840206,38.131263
233,134,23.839556,38.130801
233,135,23.838936,38.130351
233,136,23.837505,38.127391
233,137,23.835106,38.122993
233,138,23.831295,38.119102
233,139,23.828806,38.116672
233,140,23.826395,38.114253
233,141,23.823645,38.111583
233,142,23.820654,38.108752
233,143,23.817774,38.105861
233,144,23.816473,38.102889
233,145,23.815964,38.102638
233,146,23.815954,38.102638
233,147,23.815195,38.102397
233,148,23.812414,38.100806
233,149,23.810524,38.098647
233,150,23.810154,38.097316
233,151,23.809784,38.096076
233,152,23.809213,38.093837
233,153,23.808853,38.091117
233,154,23.809153,38.089377
233,155,23.809353,38.088237
233,156,23.809412,38.087787
233,157,23.809693,38.086547
233,158,23.810492,38.084018
233,159,23.808672,38.082237
233,160,23.807722,38.082916
233,161,23.806671,38.082976
233,162,23.806561,38.082885
233,163,23.806301,38.082896
233,164,23.805771,38.082355
233,165,23.80574,38.082344
233,166,23.80574,38.082274
233,167,23.805971,38.082744
233,168,23.80693,38.083324
233,169,23.807201,38.084785
233,170,23.807272,38.086116
233,171,23.807312,38.087256
233,172,23.807331,38.088035
233,173,23.80841,38.088515
233,174,23.809169,38.088836
233,175,23.808769,38.091327
233,176,23.809189,38.094088
233,177,23.80996,38.096629
233,178,23.811059,38.099201
233,179,23.8134,38.101661
233,180,23.81463,38.102069
233,181,23.81648,38.102797
233,182,23.817992,38.106059
233,183,23.821121,38.109088
233,184,23.824492,38.112289
233,185,23.827721,38.115497
233,186,23.831201,38.118827
233,187,23.835111,38.122828
233,188,23.837702,38.12746
233,189,23.839752,38.131751
233,190,23.839993,38.131851
233,191,23.840673,38.131622
233,192,23.841043,38.131133
233,193,23.841003,38.131172
233,194,23.841063,38.130999
233,195,23.841103,38.130969
233,196,23.841043,38.130939
233,197,23.841003,38.13108
233,198,23.840963,38.13116
233,199,23.840763,38.1314
233,200,23.840442,38.13185
233,201,23.839792,38.131888
233,202,23.839083,38.130649
233,203,23.837664,38.12773
233,204,23.835844,38.124042
233,205,23.832363,38.120261
233,206,23.830094,38.11875
233,207,23.828332,38.116832
233,208,23.826003,38.114544
233,209,23.824232,38.113994
233,210,23.823682,38.112583
233,211,23.822273,38.110824
233,212,23.819193,38.107833
233,213,23.815382,38.104521
233,214,23.809893,38.102264
233,215,23.804533,38.100135
233,216,23.799124,38.098063
233,217,23.794024,38.095405
233,218,23.791534,38.092334
233,219,23.791415,38.092174
233,220,23.790285,38.090736
233,221,23.787815,38.087535
233,222,23.784784,38.083594
233,223,23.781734,38.079814
233,224,23.779515,38.077713
233,225,23.779814,38.077201
233,226,23.780964,38.07812
233,227,23.782663,38.080169
233,228,23.784384,38.082419
233,229,23.785843,38.084308
233,230,23.786213,38.084399
233,231,23.786123,38.084388
233,232,23.786013,38.084536
233,233,23.786123,38.084456
233,234,23.786592,38.084605
233,235,23.787432,38.085124
233,236,23.787583,38.085094
233,237,23.787372,38.084903
233,238,23.786842,38.084792
233,239,23.786362,38.084571
233,240,23.786131,38.084682
233,241,23.787,38.085731
233,242,23.787781,38.086772
233,243,23.787781,38.08676
233,244,23.78854,38.087779
233,245,23.7897,38.089309
233,246,23.790449,38.090457
233,247,23.79291,38.093638
233,248,23.79611,38.096538
233,249,23.800409,38.098319
233,250,23.80629,38.10057
233,251,23.812241,38.102851
233,252,23.81545,38.10324
233,253,23.816132,38.102569
233,254,23.8173,38.104679
233,255,23.819471,38.107528
233,256,23.821312,38.109279
233,257,23.824442,38.112239
233,258,23.827682,38.115439
233,259,23.831112,38.11869
233,260,23.835182,38.122901
233,261,23.837772,38.127852
233,262,23.839783,38.131903
233,263,23.840853,38.131343
233,264,23.840902,38.131274
233,265,23.840921,38.131125
233,266,23.8411,38.130874
233,267,23.8411,38.130943
233,268,23.84111,38.131053
233,269,23.84102,38.131114
233,270,23.841011,38.131114
233,271,23.840882,38.131286
233,272,23.840641,38.131774
233,273,23.839959,38.131904
233,274,23.83921,38.130836
233,275,23.83741,38.127116
233,276,23.83457,38.122386
233,277,23.83104,38.118785
233,278,23.829119,38.117645
233,279,23.826779,38.115253
233,280,23.824588,38.113944
233,281,23.823639,38.112716
233,282,23.821989,38.110515
233,283,23.818708,38.107345
233,284,23.814119,38.103897
233,285,23.807739,38.101405
233,286,23.801538,38.098937
233,287,23.795568,38.096538
233,288,23.792458,38.093566
233,289,23.791347,38.092105
233,290,23.791338,38.092105
233,291,23.790429,38.092006
233,292,23.788177,38.091395
233,293,23.785047,38.090797
233,294,23.784378,38.090786
233,295,23.783678,38.090865
233,296,23.783388,38.090976
233,297,23.782688,38.091346
233,298,23.781938,38.091655
233,299,23.780918,38.091636
233,300,23.779147,38.091316
233,301,23.778389,38.091105
233,302,23.777328,38.090964
233,303,23.776829,38.091014
233,304,23.776517,38.091113
233,305,23.775507,38.091834
233,306,23.775487,38.091853
233,307,23.774476,38.092452
233,308,23.774427,38.092483
233,309,23.774418,38.092483
233,310,23.772919,38.092674
233,311,23.770689,38.092384
233,312,23.768688,38.092113
233,313,23.765488,38.091681
233,314,23.764748,38.09159
233,315,23.764217,38.091521
233,316,23.763947,38.091491
233,317,23.762757,38.091331
233,318,23.762337,38.091281
233,319,23.761337,38.09114
233,320,23.761038,38.09106
233,321,23.760467,38.090862
233,322,23.759927,38.090633
233,323,23.759918,38.090633
233,324,23.758728,38.090102
233,325,23.758728,38.090102
233,326,23.758488,38.089973
233,327,23.756228,38.088973
233,328,23.753137,38.087604
233,329,23.749366,38.085964
233,330,23.746746,38.084804
233,331,23.746385,38.084655
233,332,23.745876,38.084426
233,333,23.745266,38.084544
233,334,23.745266,38.085895
233,335,23.745284,38.086116
233,336,23.745094,38.086215
233,337,23.745224,38.085575
233,338,23.745234,38.084304
233,339,23.746374,38.084705
233,340,23.749754,38.086184
233,341,23.753905,38.088016
233,342,23.757685,38.089667
233,343,23.757925,38.089759
233,344,23.759325,38.090369
233,345,23.762754,38.09135
233,346,23.766825,38.091869
233,347,23.770324,38.092349
233,348,23.773575,38.092757
233,349,23.773575,38.092757
233,350,23.773914,38.092719
233,351,23.776285,38.091208
233,352,23.780494,38.091659
233,353,23.784784,38.090808
233,354,23.788355,38.091377
233,355,23.790474,38.092048
233,356,23.790955,38.092158
233,357,23.792524,38.093811
233,358,23.794565,38.095989
233,359,23.797575,38.097549
233,360,23.801675,38.09912
233,361,23.805826,38.100741
233,362,23.809425,38.10221
233,363,23.813286,38.104899
233,364,23.814405,38.105361
233,365,23.817166,38.106112
233,366,23.821186,38.109912
233,367,23.824116,38.114112
233,368,23.827126,38.115623
233,369,23.830105,38.118762
233,370,23.832084,38.119811
233,371,23.835575,38.123401
233,372,23.837915,38.128181
233,373,23.839916,38.131919
233,374,23.840706,38.131458
233,375,23.840836,38.131259
233,376,23.840826,38.13116
233,377,23.841075,38.130839
233,378,23.841046,38.130908
233,379,23.840835,38.131007
233,380,23.841026,38.130989
233,381,23.841035,38.13095
233,382,23.840986,38.13084
233,383,23.840936,38.13084
233,384,23.841035,38.130939
233,385,23.840996,38.131278
233,386,23.840736,38.131637
233,387,23.840637,38.131568
233,388,23.840618,38.131488
233,389,23.840614,38.131434
