235,1,23.840471,38.13137
235,2,23.840512,38.131389
235,3,23.840511,38.1315
235,4,23.840512,38.131461
235,5,23.840501,38.131492
235,6,23.840501,38.13153
235,7,23.840613,38.131191
235,8,23.840643,38.131331
235,9,23.840612,38.131331
235,10,23.840672,38.13124
235,11,23.840711,38.131359
235,12,23.840911,38.131248
235,13,23.841072,38.131049
235,14,23.841072,38.130919
235,15,23.840853,38.13124
235,16,23.840803,38.13132
235,17,23.840754,38.131339
235,18,23.840584,38.131618
235,19,23.840004,38.131808
235,20,23.839574,38.131648
235,21,23.838644,38.12976
235,22,23.837025,38.126288
235,23,23.834774,38.122607
235,24,23.831404,38.119136
235,25,23.829192,38.116847
235,26,23.829973,38.117186
235,27,23.831453,38.118495
235,28,23.832292,38.118274
235,29,23.833884,38.118243
235,30,23.834633,38.117843
235,31,23.835623,38.116931
235,32,23.836382,38.116122
235,33,23.836391,38.116221
235,34,23.835222,38.117462
235,35,23.833552,38.118232
235,36,23.831301,38.11835
235,37,23.829401,38.116771
235,38,23.829881,38.117511
235,39,23.830641,38.11883
235,40,23.828831,38.117393
235,41,23.826681,38.115222
235,42,23.824551,38.113971
235,43,23.823671,38.112861
235,44,23.822262,38.110771
235,45,23.819252,38.107852
235,46,23.815342,38.104484
235,47,23.810272,38.102394
235,48,23.805122,38.100345
235,49,23.799763,38.098274
235,50,23.795513,38.096484
235,51,23.794693,38.095923
235,52,23.793682,38.094985
235,53,23.792832,38.093955
235,54,23.791111,38.091735
235,55,23.78857,38.088435
235,56,23.7854,38.084327
235,57,23.782341,38.080325
235,58,23.778691,38.076774
235,59,23.77437,38.074603
235,60,23.769489,38.072643
235,61,23.764629,38.070694
235,62,23.761589,38.069515
235,63,23.759029,38.068663
235,64,23.759899,38.069064
235,65,23.759898,38.067344
235,66,23.759749,38.066135
235,67,23.759579,38.065715
235,68,23.759387,38.065383
235,69,23.758898,38.064792
235,70,23.758728,38.064571
235,71,23.757838,38.063423
235,72,23.756487,38.061923
235,73,23.755476,38.060943
235,74,23.755176,38.060222
235,75,23.754306,38.059283
235,76,23.753557,38.058383
235,77,23.753326,38.058112
235,78,23.753067,38.05802
235,79,23.753156,38.057849
235,80,23.753536,38.058258
235,81,23.754057,38.058906
235,82,23.754716,38.059745
235,83,23.755106,38.060466
235,84,23.756516,38.061946
235,85,23.757015,38.062366
235,86,23.757576,38.062988
235,87,23.758526,38.064296
235,88,23.759497,38.065967
235,89,23.759807,38.067287
235,90,23.761559,38.069038
235,91,23.766188,38.070937
235,92,23.771167,38.072959
235,93,23.776018,38.074939
235,94,23.780388,38.077769
235,95,23.783549,38.0815
235,96,23.786468,38.085292
235,97,23.789379,38.089084
235,98,23.791778,38.092292
235,99,23.795149,38.09595
235,100,23.800659,38.098319
235,101,23.806099,38.100448
235,102,23.81148,38.10255
235,103,23.815118,38.103801
235,104,23.815048,38.10419
235,105,23.814989,38.10548
235,106,23.818578,38.107348
235,107,23.82194,38.110648
235,108,23.823839,38.113948
235,109,23.827398,38.115817
235,110,23.830478,38.118698
235,111,23.83083,38.118579
235,112,23.83246,38.12028
235,113,23.835849,38.123881
235,114,23.837629,38.12762
235,115,23.839128,38.13071
235,116,23.84051,38.13177
235,117,23.840759,38.131351
235,118,23.840818,38.13119
235,119,23.840889,38.131129
235,120,23.841139,38.130909
235,121,23.84112,38.130927
235,122,23.840969,38.131199
235,123,23.840848,38.131389
235,124,23.840819,38.1314
235,125,23.840728,38.131492
235,126,23.840238,38.131881
235,127,23.839329,38.131171
235,128,23.837808,38.128081
235,129,23.835748,38.123702
235,130,23.832079,38.119842
235,131,23.829189,38.116923
235,132,23.829999,38.117195
235,133,23.8316,38.118544
235,134,23.83332,38.118255
235,135,23.834551,38.117954
235,136,23.835961,38.116442
235,137,23.83675,38.115592
235,138,23.837549,38.114741
235,139,23.83832,38.113921
235,140,23.839219,38.11296
235,141,23.84029,38.111819
235,142,23.84111,38.110489
235,143,23.841169,38.110408
235,144,23.841179,38.110378
235,145,23.842119,38.110698
235,146,23.844308,38.111857
235,147,23.847189,38.113776
235,148,23.850559,38.114078
235,149,23.852749,38.112906
235,150,23.855749,38.111136
235,151,23.859199,38.109508
235,152,23.862119,38.107768
235,153,23.864939,38.106418
235,154,23.865459,38.10783
235,155,23.86562,38.108237
235,156,23.865678,38.108268
235,157,23.865719,38.108386
235,158,23.865777,38.108317
235,159,23.866268,38.108317
235,160,23.866028,38.108409
235,161,23.865648,38.10776
235,162,23.865279,38.10657
235,163,23.865259,38.106502
235,164,23.862558,38.107704
235,165,23.858657,38.110122
235,166,23.854698,38.111694
235,167,23.851458,38.113903
235,168,23.850538,38.114413
235,169,23.850158,38.114425
235,170,23.846428,38.113284
235,171,23.842557,38.110774
235,172,23.841799,38.110706
235,173,23.840359,38.112094
235,174,23.83894,38.113513
235,175,23.836979,38.115615
235,176,23.83548,38.117244
235,177,23.83288,38.118033
235,178,23.83041,38.117343
235,179,23.82958,38.117091
235,180,23.83248,38.120089
235,181,23.83601,38.124
235,182,23.83803,38.12828
235,183,23.839831,38.13182
235,184,23.840749,38.131278
235,185,23.840789,38.131209
235,186,23.840789,38.131229
235,187,23.84088,38.131149
235,188,23.84095,38.13116
235,189,23.84106,38.131068
235,190,23.841011,38.131049
235,191,23.840871,38.131328
235,192,23.840831,38.131366
235,193,23.840822,38.131397
235,194,23.840433,38.131717
235,195,23.840184,38.131156
235,196,23.839513,38.130855
235,197,23.839374,38.130855
235,198,23.838974,38.130374
235,199,23.837614,38.127574
235,200,23.835634,38.123554
235,201,23.832174,38.119983
235,202,23.829275,38.117065
235,203,23.829294,38.116473
235,204,23.829144,38.115253
235,205,23.827913,38.113772
235,206,23.826433,38.111644
235,207,23.825964,38.110103
235,208,23.825983,38.108032
235,209,23.826054,38.10591
235,210,23.825933,38.10387
235,211,23.826994,38.10292
235,212,23.827753,38.102248
235,213,23.827913,38.102027
235,214,23.827614,38.101737
235,215,23.825514,38.099929
235,216,23.824953,38.099338
235,217,23.824493,38.098289
235,218,23.824203,38.097167
235,219,23.823783,38.095756
235,220,23.822854,38.093975
235,221,23.822622,38.093574
235,222,23.822403,38.093215
235,223,23.822163,38.092864
235,224,23.821944,38.092513
235,225,23.821804,38.092273
235,226,23.821705,38.092094
235,227,23.821495,38.091773
235,228,23.821255,38.091552
235,229,23.821085,38.09138
235,230,23.821044,38.091342
235,231,23.820536,38.090973
235,232,23.820045,38.090564
235,233,23.819586,38.090083
235,234,23.819275,38.089744
235,235,23.818735,38.089362
235,236,23.818186,38.088962
235,237,23.817535,38.088241
235,238,23.818165,38.087752
235,239,23.818765,38.086013
235,240,23.818926,38.083243
235,241,23.819776,38.080165
235,242,23.820387,38.078246
235,243,23.820387,38.078209
235,244,23.820896,38.076728
235,245,23.821016,38.075778
235,246,23.820977,38.075137
235,247,23.820927,38.074576
235,248,23.820696,38.072585
235,249,23.820866,38.069274
235,250,23.820865,38.067123
235,251,23.821584,38.066771
235,252,23.823004,38.066734
235,253,23.825504,38.066524
235,254,23.826093,38.065193
235,255,23.828483,38.064082
235,256,23.831974,38.062491
235,257,23.834764,38.061111
235,258,23.836044,38.060771
235,259,23.836374,38.061271
235,260,23.836833,38.062522
235,261,23.838014,38.064094
235,262,23.838545,38.064704
235,263,23.838384,38.064883
235,264,23.838403,38.064933
235,265,23.838323,38.065013
235,266,23.838144,38.065093
235,267,23.837784,38.065192
235,268,23.837223,38.065013
235,269,23.836813,38.064082
235,270,23.836593,38.063274
235,271,23.836474,38.063262
235,272,23.836785,38.06391
235,273,23.836883,38.064139
235,274,23.836883,38.064178
235,275,23.836884,38.064399
235,276,23.837183,38.065047
235,277,23.837652,38.065078
235,278,23.838503,38.064807
235,279,23.839604,38.065517
235,280,23.840812,38.066017
235,281,23.841282,38.067035
235,282,23.842102,38.068145
235,283,23.839651,38.068996
235,284,23.8365,38.069915
235,285,23.83415,38.070384
235,286,23.83207,38.070464
235,287,23.82851,38.070736
235,288,23.82818,38.071815
235,289,23.828251,38.073054
235,290,23.82835,38.074233
235,291,23.82846,38.075382
235,292,23.829749,38.076892
235,293,23.83069,38.077953
235,294,23.83155,38.079234
235,295,23.83279,38.080596
235,296,23.832809,38.082527
235,297,23.832799,38.083465
235,298,23.83131,38.084346
235,299,23.830151,38.085357
235,300,23.828732,38.086955
235,301,23.828072,38.088836
235,302,23.827952,38.090384
235,303,23.827032,38.092216
235,304,23.827482,38.094046
235,305,23.828173,38.095916
235,306,23.827953,38.097648
235,307,23.825163,38.098697
235,308,23.825073,38.098758
235,309,23.825073,38.098788
235,310,23.825313,38.099399
235,311,23.825593,38.100959
235,312,23.825814,38.102809
235,313,23.826033,38.10514
235,314,23.825873,38.107669
235,315,23.825841,38.109428
235,316,23.826082,38.110939
235,317,23.827621,38.113277
235,318,23.828892,38.114757
235,319,23.829191,38.116317
235,320,23.829841,38.117446
235,321,23.832281,38.119986
235,322,23.835381,38.123118
235,323,23.837321,38.127159
235,324,23.839189,38.131
235,325,23.840299,38.132068
235,326,23.84042,38.132266
235,327,23.840659,38.132186
235,328,23.840491,38.132197
235,329,23.840451,38.132197
235,330,23.84008,38.131969
235,331,23.840521,38.131957
235,332,23.840441,38.131839
235,333,23.840441,38.131839
235,334,23.840371,38.131778
235,335,23.8404,38.131797
235,336,23.84069,38.131618
235,337,23.840891,38.131339
235,338,23.84098,38.131209
235,339,23.8411,38.130989
235,340,23.841051,38.131038
235,341,23.841122,38.130958
235,342,23.841103,38.130938
235,343,23.841173,38.13103
235,344,23.840913,38.131332
235,345,23.840873,38.131393
235,346,23.840473,38.131862
235,347,23.839992,38.13214
235,348,23.840622,38.133472
235,349,23.841831,38.135963
235,350,23.843681,38.138133
235,351,23.845461,38.139072
235,352,23.845881,38.139331
235,353,23.848221,38.139411
235,354,23.85153,38.139461
235,355,23.85363,38.13951
235,356,23.85275,38.14046
235,357,23.85103,38.14233
235,358,23.84985,38.143638
235,359,23.849449,38.1441
235,360,23.848839,38.143668
235,361,23.848228,38.143207
235,362,23.848198,38.143218
235,363,23.848327,38.143169
235,364,23.847677,38.143058
235,365,23.847628,38.143127
235,366,23.848078,38.143466
235,367,23.848698,38.143867
235,368,23.849277,38.144065
235,369,23.850248,38.143134
235,370,23.851778,38.141474
235,371,23.853249,38.139957
235,372,23.853018,38.139686
235,373,23.848898,38.139636
235,374,23.845817,38.139537
235,375,23.845798,38.139525
235,376,23.843717,38.138286
235,377,23.841188,38.134696
235,378,23.839838,38.132068
235,379,23.840769,38.131526
235,380,23.840859,38.131354
235,381,23.840839,38.131286
235,382,23.84104,38.131095
235,383,23.841151,38.130946
235,384,23.84114,38.130916
235,385,23.841141,38.131015
235,386,23.840891,38.131335
235,387,23.84086,38.131354
235,388,23.84055,38.131835
235,389,23.83976,38.131804
235,390,23.838949,38.130184
235,391,23.83745,38.127044
235,392,23.83524,38.123042
235,393,23.831529,38.119243
235,394,23.8284,38.116203
235,395,23.82614,38.113944
235,396,23.82337,38.111274
235,397,23.820499,38.108543
235,398,23.817739,38.105681
235,399,23.8165,38.102893
235,400,23.816169,38.102721
235,401,23.816259,38.101889
235,402,23.817959,38.101268
235,403,23.819059,38.100867
235,404,23.819118,38.100768
235,405,23.818718,38.09975
235,406,23.818197,38.09822
235,407,23.817648,38.096629
235,408,23.817157,38.095279
235,409,23.816676,38.095081
235,410,23.816686,38.09447
235,411,23.817306,38.09415
235,412,23.817966,38.093879
235,413,23.818136,38.093811
235,414,23.818086,38.09365
235,415,23.818697,38.093532
235,416,23.818907,38.092902
235,417,23.818256,38.091964
235,418,23.817717,38.091212
235,419,23.817587,38.091392
235,420,23.816896,38.092459
235,421,23.815586,38.093181
235,422,23.814646,38.094359
235,423,23.813406,38.096191
235,424,23.811185,38.09674
235,425,23.810245,38.097072
235,426,23.811547,38.099594
235,427,23.814646,38.102004
235,428,23.815697,38.102363
235,429,23.815697,38.102381
235,430,23.816856,38.103652
235,431,23.819036,38.107093
235,432,23.822537,38.110435
235,433,23.826135,38.113883
235,434,23.829586,38.117332
235,435,23.833536,38.121322
235,436,23.836706,38.125553
235,437,23.838707,38.129763
235,438,23.840547,38.131854
235,439,23.840708,38.131504
235,440,23.840837,38.131324
235,441,23.840937,38.131134
235,442,23.840946,38.131134
235,443,23.840977,38.130961
235,444,23.840995,38.13095
235,445,23.841125,38.130938
235,446,23.841135,38.1309
235,447,23.841194,38.130889
235,448,23.841065,38.131099
235,449,23.840793,38.131507
235,450,23.840763,38.131568
235,451,23.840643,38.131789
235,452,23.839803,38.13185
235,453,23.839054,38.130462
235,454,23.837673,38.127601
235,455,23.835974,38.124129
235,456,23.833004,38.120849
235,457,23.830784,38.1188
235,458,23.829563,38.117252
235,459,23.827723,38.115543
235,460,23.825542,38.113811
235,461,23.824161,38.11362
235,462,23.823761,38.111991
235,463,23.82159,38.109882
235,464,23.818401,38.106891
235,465,23.814161,38.103839
235,466,23.808801,38.101779
235,467,23.803461,38.099678
235,468,23.798301,38.097698
235,469,23.793963,38.095249
235,470,23.791252,38.091826
235,471,23.788492,38.088256
235,472,23.785362,38.084174
235,473,23.782412,38.080333
235,474,23.778791,38.076774
235,475,23.774391,38.074585
235,476,23.771622,38.073516
235,477,23.770212,38.072948
235,478,23.768911,38.072436
235,479,23.76831,38.072196
235,480,23.76581,38.071185
235,481,23.76323,38.070155
235,482,23.760488,38.069075
235,483,23.759048,38.069106
235,484,23.760008,38.068698
235,485,23.759988,38.068508
235,486,23.759958,38.068069
235,487,23.759949,38.067928
235,488,23.759929,38.067687
235,489,23.75988,38.067046
235,490,23.759879,38.066886
235,491,23.75988,38.066417
235,492,23.75987,38.066298
235,493,23.75976,38.06586
235,494,23.759399,38.0653
235,495,23.758998,38.064769
235,496,23.758838,38.064548
235,497,23.75821,38.063659
235,498,23.757099,38.061568
235,499,23.756489,38.059787
235,500,23.75578,38.058769
235,501,23.754728,38.057258
235,502,23.753548,38.055686
235,503,23.752178,38.053485
235,504,23.750738,38.051784
235,505,23.750507,38.051574
235,506,23.749887,38.050933
235,507,23.749498,38.050575
235,508,23.749439,38.050544
235,509,23.749751,38.049453
235,510,23.751101,38.049544
235,511,23.75217,38.049075
235,512,23.753981,38.048243
235,513,23.754791,38.048004
235,514,23.756281,38.047152
235,515,23.757761,38.046032
235,516,23.75786,38.046031
235,517,23.758181,38.045711
235,518,23.759402,38.043952
235,519,23.760582,38.04267
235,520,23.761072,38.042369
235,521,23.761131,38.042308
235,522,23.761443,38.042247
235,523,23.761793,38.041759
235,524,23.761824,38.041709
235,525,23.761593,38.042048
235,526,23.760803,38.04272
235,527,23.759224,38.04491
235,528,23.758484,38.045821
235,529,23.756634,38.047259
235,530,23.753883,38.048499
235,531,23.751123,38.049621
235,532,23.749723,38.049713
235,533,23.750183,38.051075
235,534,23.752373,38.053585
235,535,23.754093,38.056293
235,536,23.755073,38.057643
235,537,23.755213,38.057803
235,538,23.755323,38.057983
235,539,23.755323,38.058002
235,540,23.755863,38.058761
235,541,23.756582,38.060401
235,542,23.757392,38.062602
235,543,23.758003,38.063491
235,544,23.759554,38.065593
235,545,23.760004,38.067474
235,546,23.761595,38.069114
235,547,23.766044,38.070945
235,548,23.771355,38.073116
235,549,23.776974,38.075465
235,550,23.781553,38.078975
235,551,23.784844,38.083205
235,552,23.787683,38.086715
235,553,23.787933,38.087806
235,554,23.789713,38.090217
235,555,23.790733,38.091895
235,556,23.790733,38.091975
235,557,23.791044,38.092254
235,558,23.792755,38.094134
235,559,23.795284,38.096515
235,560,23.799083,38.098167
235,561,23.803395,38.099818
235,562,23.807394,38.10144
235,563,23.811055,38.10287
235,564,23.814104,38.105288
235,565,23.814755,38.105517
235,566,23.817755,38.106666
235,567,23.821274,38.110027
235,568,23.823544,38.113818
235,569,23.826602,38.115157
235,570,23.828722,38.117248
235,571,23.830723,38.118667
235,572,23.832114,38.120029
235,573,23.835264,38.123138
235,574,23.837504,38.127326
235,575,23.839464,38.131385
235,576,23.840744,38.131503
235,577,23.840974,38.131114
235,578,23.840935,38.130985
235,579,23.840935,38.130965
235,580,23.840885,38.130977
235,581,23.840885,38.130915
235,582,23.841024,38.130977
235,583,23.841123,38.130885
235,584,23.841274,38.130874
235,585,23.841225,38.130954
235,586,23.840825,38.131274
235,587,23.840774,38.131393
235,588,23.840774,38.131393
235,589,23.840744,38.131461
235,590,23.840124,38.13182
235,591,23.839483,38.131301
235,592,23.838053,38.128383
235,593,23.835922,38.123904
235,594,23.832191,38.119902
235,595,23.829832,38.118464
235,596,23.828032,38.116473
235,597,23.825491,38.114143
235,598,23.823711,38.113463
235,599,23.822881,38.111323
235,600,23.819671,38.108203
235,601,23.815632,38.104614
235,602,23.810162,38.102325
235,603,23.804321,38.099994
235,604,23.798651,38.097824
235,605,23.79384,38.095115
235,606,23.791641,38.092326
235,607,23.79149,38.092116
235,608,23.790731,38.091105
235,609,23.788301,38.087947
235,610,23.785101,38.083816
235,611,23.7817,38.079406
235,612,23.777459,38.075965
235,613,23.771659,38.073497
235,614,23.7657,38.071086
235,615,23.760158,38.068885
235,616,23.759489,38.069083
235,617,23.759958,38.067733
235,618,23.759939,38.066554
235,619,23.759208,38.065005
235,620,23.75775,38.063117
235,621,23.756759,38.060989
235,622,23.756389,38.059787
235,623,23.75555,38.058437
235,624,23.754111,38.056445
235,625,23.75258,38.054237
235,626,23.750771,38.051826
235,627,23.74992,38.051024
235,628,23.749479,38.050575
235,629,23.749439,38.050513
235,630,23.749519,38.049762
235,631,23.750439,38.049461
235,632,23.75273,38.048789
235,633,23.755399,38.04766
235,634,23.756661,38.047019
235,635,23.758001,38.045768
235,636,23.758002,38.045836
235,637,23.758322,38.045547
235,638,23.759872,38.043296
235,639,23.761512,38.042228
235,640,23.761494,38.042217
235,641,23.761494,38.042167
235,642,23.761614,38.042057
235,643,23.761694,38.041977
235,644,23.761694,38.041946
235,645,23.761904,38.041587
235,646,23.761413,38.042118
235,647,23.760183,38.043017
235,648,23.758833,38.045108
235,649,23.758523,38.045478
235,650,23.757032,38.047148
235,651,23.754873,38.048179
235,652,23.752413,38.04917
235,653,23.750522,38.049491
235,654,23.749773,38.050181
235,655,23.749782,38.050513
235,656,23.751262,38.051982
235,657,23.752472,38.053703
235,658,23.753902,38.056052
235,659,23.755682,38.058543
235,660,23.756502,38.060214
235,661,23.757443,38.062594
235,662,23.758691,38.064185
235,663,23.760101,38.067104
235,664,23.761751,38.069175
235,665,23.76616,38.071014
235,666,23.771641,38.073245
235,667,23.777071,38.075534
235,668,23.781581,38.078956
235,669,23.784752,38.083037
235,670,23.787771,38.086986
235,671,23.79062,38.090717
235,672,23.793171,38.094035
235,673,23.79726,38.097106
235,674,23.80256,38.099154
235,675,23.807791,38.101257
235,676,23.812601,38.103038
235,677,23.815301,38.103618
235,678,23.815591,38.103038
235,679,23.815602,38.103018
235,680,23.816681,38.103259
235,681,23.81818,38.1063
235,682,23.821391,38.109371
235,683,23.824739,38.11251
235,684,23.82794,38.115691
235,685,23.831619,38.11927
235,686,23.835359,38.123088
235,687,23.837469,38.127159
235,688,23.839288,38.130928
235,689,23.840679,38.131526
235,690,23.84096,38.130985
235,691,23.84099,38.130973
235,692,23.840901,38.130905
235,693,23.841061,38.130874
235,694,23.840801,38.131095
235,695,23.840641,38.131415
235,696,23.840631,38.131415
235,697,23.840511,38.131266
