236,1,23.840467,38.131336
236,2,23.840467,38.131297
236,3,23.840468,38.131206
236,4,23.840468,38.131217
236,5,23.840468,38.131256
236,6,23.840467,38.131266
236,7,23.840468,38.131256
236,8,23.840538,38.131164
236,9,23.840828,38.131202
236,10,23.841047,38.130931
236,11,23.841078,38.130912
236,12,23.840887,38.131233
236,13,23.840736,38.131431
236,14,23.840705,38.131523
236,15,23.840545,38.131801
236,16,23.839916,38.131869
236,17,23.839367,38.13116
236,18,23.838097,38.128589
236,19,23.836207,38.12477
236,20,23.833147,38.121051
236,21,23.829746,38.117591
236,22,23.829317,38.116622
236,23,23.829037,38.115684
236,24,23.828186,38.114154
236,25,23.826656,38.112014
236,26,23.826006,38.110324
236,27,23.825935,38.109374
236,28,23.825936,38.107166
236,29,23.826055,38.104834
236,30,23.826605,38.103446
236,31,23.827835,38.102305
236,32,23.827036,38.101387
236,33,23.824905,38.099395
236,34,23.824276,38.097663
236,35,23.823437,38.095053
236,36,23.821716,38.092215
236,37,23.820347,38.090834
236,38,23.819567,38.090114
236,39,23.817948,38.088763
236,40,23.817208,38.087844
236,41,23.816548,38.086776
236,42,23.816396,38.086295
236,43,23.816446,38.085944
236,44,23.816496,38.085464
236,45,23.816406,38.085032
236,46,23.816286,38.084594
236,47,23.816056,38.083873
236,48,23.815895,38.083533
236,49,23.815035,38.082443
236,50,23.814634,38.081375
236,51,23.814524,38.081004
236,52,23.814394,38.080462
236,53,23.813804,38.079051
236,54,23.812753,38.077602
236,55,23.812543,38.077212
236,56,23.812204,38.076491
236,57,23.812154,38.076411
236,58,23.812084,38.07579
236,59,23.812263,38.074901
236,60,23.811903,38.072902
236,61,23.811843,38.072772
236,62,23.811224,38.071834
236,63,23.811073,38.069854
236,64,23.810484,38.067343
236,65,23.809504,38.065254
236,66,23.809023,38.062122
236,67,23.808683,38.05973
236,68,23.808604,38.05815
236,69,23.811323,38.056579
236,70,23.811323,38.05432
236,71,23.810244,38.052112
236,72,23.808853,38.049961
236,73,23.808033,38.048412
236,74,23.807864,38.047813
236,75,23.807823,38.047714
236,76,23.807724,38.047324
236,77,23.806565,38.045543
236,78,23.804674,38.043582
236,79,23.803854,38.042873
236,80,23.803135,38.042582
236,81,23.804174,38.041355
236,82,23.806284,38.040534
236,83,23.808144,38.039664
236,84,23.808163,38.039653
236,85,23.808573,38.039851
236,86,23.808912,38.040943
236,87,23.808931,38.041301
236,88,23.80944,38.041129
236,89,23.809101,38.041191
236,90,23.809051,38.041191
236,91,23.80911,38.042541
236,92,23.809289,38.044711
236,93,23.808349,38.045192
236,94,23.808159,38.045241
236,95,23.807468,38.045512
236,96,23.807449,38.045493
236,97,23.807139,38.045573
236,98,23.807548,38.046394
236,99,23.808258,38.048984
236,100,23.810098,38.051494
236,101,23.810398,38.052245
236,102,23.810938,38.053374
236,103,23.811789,38.055915
236,104,23.808637,38.058017
236,105,23.809078,38.061519
236,106,23.809438,38.063849
236,107,23.809688,38.06507
236,108,23.811058,38.06779
236,109,23.811118,38.069961
236,110,23.811098,38.070899
236,111,23.811449,38.071898
236,112,23.811459,38.071929
236,113,23.812118,38.07281
236,114,23.812199,38.0746
236,115,23.812587,38.077079
236,116,23.813907,38.079039
236,117,23.814377,38.080322
236,118,23.814987,38.082031
236,119,23.816308,38.084369
236,120,23.816436,38.08623
236,121,23.817328,38.087722
236,122,23.818487,38.088942
236,123,23.819327,38.089614
236,124,23.820187,38.090434
236,125,23.821077,38.091064
236,126,23.822076,38.092365
236,127,23.823647,38.095096
236,128,23.824417,38.097805
236,129,23.824457,38.097915
236,130,23.823177,38.098846
236,131,23.819366,38.100547
236,132,23.817477,38.101226
236,133,23.816455,38.101398
236,134,23.816255,38.102027
236,135,23.816666,38.103118
236,136,23.817816,38.105719
236,137,23.821106,38.109008
236,138,23.824756,38.112456
236,139,23.828167,38.115867
236,140,23.831667,38.119277
236,141,23.835336,38.123088
236,142,23.837517,38.127238
236,143,23.839447,38.131229
236,144,23.840788,38.1314
236,145,23.841088,38.130931
236,146,23.841048,38.130969
236,147,23.840957,38.131198
236,148,23.840948,38.131217
236,149,23.840848,38.131358
236,150,23.840368,38.13182
236,151,23.840038,38.1323
236,152,23.840929,38.134021
236,153,23.842239,38.136702
236,154,23.84496,38.138244
236,155,23.846088,38.139304
236,156,23.848309,38.139384
236,157,23.849218,38.139453
236,158,23.849237,38.139843
236,159,23.849296,38.139953
236,160,23.849448,38.140045
236,161,23.848927,38.140136
236,162,23.848695,38.140147
236,163,23.848696,38.140376
236,164,23.848545,38.140364
236,165,23.848585,38.140113
236,166,23.849226,38.140101
236,167,23.849336,38.139693
236,168,23.847837,38.139583
236,169,23.845707,38.139522
236,170,23.845707,38.139533
236,171,23.845118,38.138541
236,172,23.842398,38.137179
236,173,23.840498,38.133479
236,174,23.840069,38.131969
236,175,23.840908,38.1314
236,176,23.840908,38.131308
236,177,23.841117,38.13095
236,178,23.841117,38.130938
236,179,23.840807,38.131339
236,180,23.840748,38.131388
236,181,23.840477,38.131839
236,182,23.839697,38.131839
236,183,23.839237,38.130988
236,184,23.839237,38.130988
236,185,23.838577,38.1296
236,186,23.836977,38.126151
236,187,23.834557,38.122359
236,188,23.831288,38.118999
236,189,23.829428,38.118087
236,190,23.827318,38.115817
236,191,23.824968,38.114108
236,192,23.823609,38.113368
236,193,23.822878,38.111357
236,194,23.819958,38.108519
236,195,23.816267,38.105079
236,196,23.811357,38.102828
236,197,23.806387,38.100868
236,198,23.801526,38.098949
236,199,23.796908,38.097159
236,200,23.793308,38.094569
236,201,23.791128,38.091732
236,202,23.788698,38.088629
236,203,23.785738,38.084769
236,204,23.782848,38.080978
236,205,23.779498,38.077358
236,206,23.775289,38.074947
236,207,23.770229,38.072924
236,208,23.76511,38.070877
236,209,23.760019,38.068817
236,210,23.75572,38.067107
236,211,23.751619,38.065116
236,212,23.74955,38.062278
236,213,23.75127,38.061049
236,214,23.75457,38.060241
236,215,23.756241,38.060001
236,216,23.76296,38.059749
236,217,23.76728,38.0587
236,218,23.77132,38.057071
236,219,23.775591,38.055022
236,220,23.779671,38.052501
236,221,23.781552,38.051002
236,222,23.782801,38.049911
236,223,23.782529,38.047191
236,224,23.780729,38.04433
236,225,23.77841,38.042159
236,226,23.777399,38.04135
236,227,23.7771,38.041122
236,228,23.77569,38.039733
236,229,23.77379,38.037544
236,230,23.77343,38.036982
236,231,23.77343,38.036972
236,232,23.77326,38.036742
236,233,23.772369,38.035724
236,234,23.772259,38.035633
236,235,23.771648,38.034862
236,236,23.771558,38.034862
236,237,23.770369,38.035213
236,238,23.767047,38.035434
236,239,23.765697,38.035705
236,240,23.763588,38.037024
236,241,23.761168,38.038486
236,242,23.761108,38.038516
236,243,23.761018,38.038528
236,244,23.760658,38.038596
236,245,23.760458,38.038665
236,246,23.760069,38.039683
236,247,23.761539,38.039874
236,248,23.76099,38.040836
236,249,23.760389,38.042006
236,250,23.760759,38.042178
236,251,23.760889,38.042198
236,252,23.76092,38.042208
236,253,23.760969,38.042247
236,254,23.760619,38.042598
236,255,23.760579,38.042648
236,256,23.760279,38.043029
236,257,23.759928,38.043448
236,258,23.759818,38.043628
236,259,23.759327,38.044418
236,260,23.759107,38.044776
236,261,23.758947,38.045035
236,262,23.758877,38.045134
236,263,23.758497,38.045635
236,264,23.758398,38.045715
236,265,23.757639,38.046493
236,266,23.756818,38.047023
236,267,23.755079,38.048034
236,268,23.752338,38.048984
236,269,23.750029,38.049434
236,270,23.749539,38.050433
236,271,23.751749,38.052634
236,272,23.753319,38.055205
236,273,23.754999,38.057647
236,274,23.75626,38.059398
236,275,23.756871,38.061446
236,276,23.757811,38.063247
236,277,23.757901,38.063388
236,278,23.75839,38.06422
236,279,23.75978,38.066508
236,280,23.760102,38.068328
236,281,23.76366,38.070029
236,282,23.76922,38.07228
236,283,23.774919,38.07458
236,284,23.779919,38.077419
236,285,23.783478,38.081469
236,286,23.786608,38.08554
236,287,23.789788,38.089679
236,288,23.791196,38.09146
236,289,23.791207,38.09146
236,290,23.792508,38.093211
236,291,23.796047,38.096522
236,292,23.800938,38.098491
236,293,23.806108,38.100513
236,294,23.811459,38.102603
236,295,23.815348,38.103362
236,296,23.815566,38.102931
236,297,23.815577,38.102931
236,298,23.816367,38.102702
236,299,23.817557,38.105331
236,300,23.820776,38.108802
236,301,23.824557,38.112373
236,302,23.827966,38.115752
236,303,23.831497,38.119162
236,304,23.835117,38.122882
236,305,23.837266,38.126921
236,306,23.839116,38.130763
236,307,23.840616,38.131564
236,308,23.840826,38.131324
236,309,23.840896,38.131305
236,310,23.841047,38.130904
236,311,23.841038,38.130943
236,312,23.841007,38.131183
236,313,23.840927,38.131263
236,314,23.840877,38.131293
236,315,23.840578,38.131782
236,316,23.839937,38.131873
236,317,23.839388,38.131152
236,318,23.838198,38.128733
236,319,23.836368,38.124854
236,320,23.833418,38.121223
236,321,23.830929,38.118754
236,322,23.828989,38.117934
236,323,23.82708,38.115832
236,324,23.82481,38.114124
236,325,23.823681,38.113642
236,326,23.823212,38.111773
236,327,23.820581,38.109184
236,328,23.817122,38.105872
236,329,23.812862,38.103461
236,330,23.807793,38.101482
236,331,23.802504,38.099372
236,332,23.797465,38.097431
236,333,23.793434,38.094749
236,334,23.790764,38.091319
236,335,23.787954,38.087668
236,336,23.784923,38.083747
236,337,23.782493,38.080615
236,338,23.780054,38.078154
236,339,23.779875,38.077174
236,340,23.780504,38.077624
236,341,23.781923,38.079143
236,342,23.783394,38.081153
236,343,23.785034,38.083282
236,344,23.785974,38.084483
236,345,23.786055,38.084373
236,346,23.786474,38.084545
236,347,23.786734,38.084605
236,348,23.787255,38.084956
236,349,23.787525,38.084957
236,350,23.787205,38.084777
236,351,23.786674,38.084578
236,352,23.786095,38.084357
236,353,23.786104,38.084518
236,354,23.787063,38.085688
236,355,23.787813,38.086779
236,356,23.789093,38.08847
236,357,23.789972,38.08979
236,358,23.791042,38.091228
236,359,23.792852,38.093589
236,360,23.796272,38.096598
236,361,23.800902,38.09843
236,362,23.805771,38.100341
236,363,23.810681,38.102282
236,364,23.815201,38.103591
236,365,23.815481,38.10308
236,366,23.815741,38.10258
236,367,23.816989,38.104011
236,368,23.819349,38.107402
236,369,23.823139,38.111023
236,370,23.82695,38.114722
236,371,23.830851,38.118453
236,372,23.83478,38.122554
236,373,23.837419,38.126952
236,374,23.83946,38.131202
236,375,23.84075,38.131424
236,376,23.840949,38.131072
236,377,23.840949,38.131061
236,378,23.84108,38.130912
236,379,23.84108,38.130924
236,380,23.841139,38.131042
236,381,23.840899,38.131313
236,382,23.840868,38.131324
236,383,23.840587,38.131786
236,384,23.839817,38.131816
236,385,23.839397,38.131205
236,386,23.837917,38.128234
236,387,23.836076,38.124415
236,388,23.832696,38.120574
236,389,23.830767,38.118766
236,390,23.828716,38.117297
236,391,23.826536,38.115077
236,392,23.823696,38.113979
236,393,23.822385,38.111159
236,394,23.819045,38.10791
236,395,23.815447,38.105571
236,396,23.814417,38.10546
236,397,23.812967,38.104442
236,398,23.811827,38.104201
236,399,23.810856,38.104312
236,400,23.809407,38.104072
236,401,23.809215,38.104133
236,402,23.809225,38.104171
236,403,23.810434,38.10456
236,404,23.812475,38.103938
236,405,23.813736,38.10522
236,406,23.815966,38.105529
236,407,23.819126,38.108039
236,408,23.822845,38.111659
236,409,23.825305,38.114108
236,410,23.827335,38.115897
236,411,23.830036,38.118766
236,412,23.830727,38.118716
236,413,23.832527,38.120517
236,414,23.835768,38.123908
236,415,23.837849,38.128226
236,416,23.839788,38.131946
236,417,23.840828,38.131267
236,418,23.840917,38.131156
236,419,23.840957,38.131107
236,420,23.841028,38.130935
236,421,23.841088,38.130935
236,422,23.840988,38.131206
236,423,23.840899,38.131366
236,424,23.840879,38.131385
236,425,23.840719,38.131606
236,426,23.840059,38.131858
236,427,23.8403,38.132899
236,428,23.84136,38.134928
236,429,23.84256,38.137267
236,430,23.845169,38.138408
236,431,23.845459,38.139228
236,432,23.845469,38.139239
236,433,23.846289,38.139411
236,434,23.848879,38.139461
236,435,23.852299,38.139522
236,436,23.854948,38.13803
236,437,23.856869,38.135921
236,438,23.858999,38.133529
236,439,23.858839,38.131068
236,440,23.857479,38.129657
236,441,23.85639,38.129588
236,442,23.855391,38.129519
236,443,23.854641,38.129428
236,444,23.854622,38.129428
236,445,23.854622,38.129287
236,446,23.854501,38.129317
236,447,23.854862,38.129447
236,448,23.855522,38.129538
236,449,23.855932,38.129577
236,450,23.856623,38.129615
236,451,23.857473,38.129653
236,452,23.858182,38.130363
236,453,23.859513,38.132812
236,454,23.858652,38.133952
236,455,23.857122,38.135684
236,456,23.856351,38.136584
236,457,23.854243,38.138915
236,458,23.849471,38.139507
236,459,23.847202,38.139488
236,460,23.845821,38.139449
236,461,23.845432,38.13901
236,462,23.842533,38.137332
236,463,23.840344,38.133162
236,464,23.840694,38.131583
236,465,23.840713,38.131523
236,466,23.840753,38.131461
236,467,23.841053,38.131182
236,468,23.841093,38.131064
236,469,23.841093,38.130973
236,470,23.840892,38.131134
236,471,23.841102,38.131122
236,472,23.841182,38.130931
236,473,23.841063,38.130919
236,474,23.840912,38.130859
236,475,23.840982,38.13087
236,476,23.840932,38.131011
236,477,23.840914,38.131042
236,478,23.840895,38.131122
236,479,23.840814,38.131373
236,480,23.840725,38.131412
236,481,23.840555,38.13108
