237,1,23.840537,38.131492
237,2,23.840536,38.131442
237,3,23.840536,38.131442
237,4,23.840527,38.131393
237,5,23.840527,38.131362
237,6,23.840527,38.131362
237,7,23.840517,38.131362
237,8,23.840587,38.131312
237,9,23.840837,38.131233
237,10,23.840877,38.131194
237,11,23.841157,38.130916
237,12,23.841098,38.130878
237,13,23.840899,38.131308
237,14,23.840868,38.131328
237,15,23.840708,38.131579
237,16,23.840128,38.131759
237,17,23.839486,38.131168
237,18,23.838507,38.129287
237,19,23.836936,38.125987
237,20,23.834676,38.122458
237,21,23.831516,38.119227
237,22,23.829676,38.118358
237,23,23.827965,38.116427
237,24,23.825645,38.114257
237,25,23.824106,38.113948
237,26,23.823746,38.112438
237,27,23.822025,38.110549
237,28,23.819176,38.107787
237,29,23.815546,38.104617
237,30,23.810677,38.102546
237,31,23.805617,38.100536
237,32,23.800617,38.098575
237,33,23.795767,38.096614
237,34,23.792667,38.093722
237,35,23.792008,38.092872
237,36,23.791117,38.091742
237,37,23.789047,38.089061
237,38,23.786176,38.085299
237,39,23.783297,38.081538
237,40,23.780076,38.0778
237,41,23.775917,38.07521
237,42,23.770937,38.073219
237,43,23.765917,38.071189
237,44,23.760946,38.06924
237,45,23.758997,38.068671
237,46,23.759466,38.069121
237,47,23.759956,38.068313
237,48,23.759885,38.066433
237,49,23.758887,38.064761
237,50,23.757886,38.063491
237,51,23.756786,38.06129
237,52,23.756067,38.059329
237,53,23.755437,38.058471
237,54,23.753939,38.056411
237,55,23.752348,38.053981
237,56,23.751707,38.052882
237,57,23.751247,38.052371
237,58,23.751037,38.052119
237,59,23.751007,38.052069
237,60,23.750388,38.051501
237,61,23.750387,38.051452
237,62,23.749998,38.051043
237,63,23.749477,38.049773
237,64,23.749967,38.049442
237,65,23.751547,38.04917
237,66,23.753487,38.048419
237,67,23.754877,38.04798
237,68,23.756157,38.047382
237,69,23.757397,38.046722
237,70,23.757917,38.04629
237,71,23.758108,38.046149
237,72,23.759218,38.044609
237,73,23.760427,38.042937
237,74,23.762557,38.042186
237,75,23.763067,38.042045
237,76,23.762386,38.041187
237,77,23.762666,38.041304
237,78,23.763017,38.041694
237,79,23.761558,38.042064
237,80,23.759658,38.043834
237,81,23.758418,38.045585
237,82,23.758309,38.045696
237,83,23.757039,38.046885
237,84,23.755309,38.047897
237,85,23.753088,38.048809
237,86,23.751549,38.049438
237,87,23.749878,38.049647
237,88,23.749628,38.050167
237,89,23.749569,38.050338
237,90,23.751509,38.052257
237,91,23.75289,38.054496
237,92,23.754239,38.056415
237,93,23.755751,38.058516
237,94,23.75667,38.060577
237,95,23.75732,38.062438
237,96,23.75765,38.062949
237,97,23.757941,38.063319
237,98,23.75905,38.064731
237,99,23.759991,38.067413
237,100,23.762411,38.069423
237,101,23.767582,38.071525
237,102,23.773281,38.073825
237,103,23.778921,38.076564
237,104,23.783112,38.080875
237,105,23.786581,38.085406
237,106,23.789721,38.089515
237,107,23.790941,38.091106
237,108,23.79104,38.091216
237,109,23.792981,38.093715
237,110,23.79738,38.097026
237,111,23.80352,38.099406
237,112,23.80921,38.101664
237,113,23.8146,38.103553
237,114,23.81509,38.103645
237,115,23.815519,38.103023
237,116,23.815849,38.102462
237,117,23.817459,38.105064
237,118,23.82046,38.108455
237,119,23.82403,38.111815
237,120,23.827151,38.114887
237,121,23.83007,38.117717
237,122,23.83427,38.121997
237,123,23.837181,38.126506
237,124,23.839451,38.131248
237,125,23.84074,38.131408
237,126,23.84087,38.131289
237,127,23.84083,38.131289
237,128,23.84102,38.131069
237,129,23.84114,38.130938
237,130,23.841131,38.130938
237,131,23.841211,38.13103
237,132,23.840771,38.131351
237,133,23.840721,38.131389
237,134,23.840691,38.131389
237,135,23.84041,38.13182
237,136,23.839941,38.132061
237,137,23.840592,38.13338
237,138,23.841721,38.135711
237,139,23.843271,38.138012
237,140,23.845451,38.139041
237,141,23.845451,38.139091
237,142,23.845531,38.1394
237,143,23.844612,38.140392
237,144,23.845152,38.141643
237,145,23.846903,38.143733
237,146,23.849302,38.146281
237,147,23.852231,38.149371
237,148,23.854992,38.15219
237,149,23.855781,38.154929
237,150,23.855812,38.158339
237,151,23.856793,38.16122
237,152,23.855022,38.161411
237,153,23.855412,38.16112
237,154,23.855751,38.16333
237,155,23.85596,38.16664
237,156,23.855331,38.170341
237,157,23.853882,38.173789
237,158,23.852911,38.17704
237,159,23.851881,38.18032
237,160,23.851471,38.18384
237,161,23.849492,38.186912
237,162,23.848941,38.188983
237,163,23.850721,38.190502
237,164,23.850771,38.192962
237,165,23.8509,38.195052
237,166,23.850061,38.196071
237,167,23.849251,38.196902
237,168,23.848371,38.197524
237,169,23.84748,38.198085
237,170,23.848121,38.198574
237,171,23.850441,38.200442
237,172,23.85404,38.201793
237,173,23.857821,38.203155
237,174,23.860901,38.205276
237,175,23.864281,38.206275
237,176,23.86708,38.206897
237,177,23.86943,38.208068
237,178,23.87092,38.209239
237,179,23.8732,38.209808
237,180,23.87541,38.211147
237,181,23.878241,38.210857
237,182,23.881211,38.210826
237,183,23.88434,38.209766
237,184,23.88546,38.210937
237,185,23.88433,38.210788
237,186,23.882931,38.211856
237,187,23.881541,38.213115
237,188,23.88207,38.214175
237,189,23.881831,38.215297
237,190,23.88131,38.216075
237,191,23.880829,38.217223
237,192,23.880219,38.218956
237,193,23.878618,38.220275
237,194,23.877409,38.221874
237,195,23.876629,38.223243
237,196,23.875938,38.224285
237,197,23.874638,38.225215
237,198,23.874388,38.226985
237,199,23.872929,38.228935
237,200,23.870878,38.231514
237,201,23.869629,38.234565
237,202,23.867298,38.236586
237,203,23.868797,38.237308
237,204,23.870348,38.238509
237,205,23.872298,38.23965
237,206,23.874407,38.24047
237,207,23.877456,38.240192
237,208,23.880396,38.238742
237,209,23.883427,38.237452
237,210,23.884247,38.238754
237,211,23.885037,38.240874
237,212,23.886378,38.242934
237,213,23.887648,38.244914
237,214,23.888557,38.246486
237,215,23.889198,38.247447
237,216,23.890189,38.248249
237,217,23.891218,38.248748
237,218,23.891148,38.248748
237,219,23.891098,38.248786
237,220,23.889439,38.247706
237,221,23.887597,38.244815
237,222,23.885779,38.242213
237,223,23.884508,38.239322
237,224,23.883948,38.23733
237,225,23.886307,38.23672
237,226,23.888176,38.23445
237,227,23.891396,38.233458
237,228,23.892706,38.233527
237,229,23.892805,38.232139
237,230,23.892376,38.22972
237,231,23.893794,38.226958
237,232,23.894236,38.22361
237,233,23.893955,38.220717
237,234,23.895915,38.217838
237,235,23.897066,38.214576
237,236,23.898016,38.211677
237,237,23.898276,38.209598
237,238,23.893986,38.208976
237,239,23.888775,38.209334
237,240,23.886205,38.211093
237,241,23.883045,38.210063
237,242,23.879635,38.211104
237,243,23.876425,38.211246
237,244,23.873495,38.209945
237,245,23.871115,38.209323
237,246,23.868494,38.207122
237,247,23.864605,38.206344
237,248,23.860865,38.205332
237,249,23.857784,38.203205
237,250,23.857473,38.201156
237,251,23.854344,38.199294
237,252,23.852764,38.195476
237,253,23.854044,38.191275
237,254,23.854294,38.187064
237,255,23.853135,38.185035
237,256,23.853103,38.182395
237,257,23.854273,38.178287
237,258,23.855084,38.174048
237,259,23.856203,38.169547
237,260,23.856582,38.165626
237,261,23.856483,38.161888
237,262,23.855774,38.158447
237,263,23.855724,38.154537
237,264,23.853944,38.151114
237,265,23.850235,38.147426
237,266,23.846615,38.143546
237,267,23.844864,38.140178
237,268,23.845293,38.139907
237,269,23.845363,38.139628
237,270,23.844954,38.138408
237,271,23.841984,38.136459
237,272,23.839894,38.132308
237,273,23.840754,38.131369
237,274,23.840812,38.131221
237,275,23.840823,38.13116
