238,1,23.841137,38.130973
238,2,23.841137,38.130962
238,3,23.841026,38.130999
238,4,23.841026,38.130999
238,5,23.841165,38.131
238,6,23.840996,38.131252
238,7,23.840805,38.131511
238,8,23.840615,38.131812
238,9,23.840214,38.132591
238,10,23.841503,38.135161
238,11,23.843203,38.137992
238,12,23.845432,38.139022
238,13,23.845432,38.139034
238,14,23.845253,38.139946
238,15,23.844953,38.141414
238,16,23.847124,38.143985
238,17,23.850134,38.147204
238,18,23.853483,38.150573
238,19,23.855713,38.153861
238,20,23.855812,38.157981
238,21,23.856632,38.16154
238,22,23.856602,38.16555
238,23,23.856232,38.16949
238,24,23.855102,38.174072
238,25,23.854582,38.177821
238,26,23.853292,38.18169
238,27,23.852673,38.184768
238,28,23.854082,38.185607
238,29,23.854511,38.189209
238,30,23.853771,38.193328
238,31,23.853102,38.197479
238,32,23.856022,38.199737
238,33,23.857102,38.202419
238,34,23.859051,38.20383
238,35,23.862641,38.205638
238,36,23.86582,38.206577
238,37,23.869061,38.207656
238,38,23.871691,38.209574
238,39,23.873501,38.211727
238,40,23.874281,38.213535
238,41,23.876331,38.215053
238,42,23.87696,38.216422
238,43,23.876221,38.218722
238,44,23.87554,38.220691
238,45,23.875731,38.222632
238,46,23.874981,38.223564
238,47,23.875251,38.224482
238,48,23.874941,38.226024
238,49,23.87322,38.228442
238,50,23.87095,38.231433
238,51,23.869561,38.234664
238,52,23.867309,38.236766
238,53,23.869289,38.237807
238,54,23.871719,38.239379
238,55,23.874899,38.24055
238,56,23.8783,38.23986
238,57,23.881389,38.238261
238,58,23.88384,38.237429
238,59,23.884481,38.23952
238,60,23.885712,38.242061
238,61,23.887491,38.244373
238,62,23.888891,38.247142
238,63,23.890511,38.248412
238,64,23.89124,38.248763
238,65,23.891211,38.248801
238,66,23.891201,38.248702
238,67,23.89015,38.248233
238,68,23.888211,38.245852
238,69,23.88657,38.243122
238,70,23.88447,38.240302
238,71,23.88392,38.237464
238,72,23.881271,38.238444
238,73,23.877512,38.240325
238,74,23.873583,38.240497
238,75,23.870683,38.238937
238,76,23.868103,38.237056
238,77,23.869324,38.235515
238,78,23.870814,38.231605
238,79,23.873693,38.227684
238,80,23.874653,38.225543
238,81,23.875883,38.223972
238,82,23.875563,38.222793
238,83,23.875573,38.219611
238,84,23.876553,38.217612
238,85,23.876882,38.216632
238,86,23.876833,38.21572
238,87,23.875663,38.214701
238,88,23.873304,38.214011
238,89,23.873295,38.211982
238,90,23.872404,38.210311
238,91,23.870085,38.208972
238,92,23.868374,38.207172
238,93,23.864933,38.206401
238,94,23.860723,38.20531
238,95,23.857183,38.20293
238,96,23.857323,38.20079
238,97,23.853403,38.198477
238,98,23.853543,38.19387
238,99,23.854443,38.189089
238,100,23.854132,38.185191
238,101,23.852722,38.183963
238,102,23.853632,38.179702
238,103,23.854972,38.174991
238,104,23.856182,38.16941
238,105,23.856422,38.163928
238,106,23.856263,38.159777
238,107,23.855701,38.155528
238,108,23.853842,38.151057
238,109,23.849222,38.146396
238,110,23.845812,38.142695
238,111,23.845062,38.140056
238,112,23.845333,38.139445
238,113,23.842462,38.137397
238,114,23.839933,38.132476
238,115,23.840504,38.131927
238,116,23.840694,38.131545
238,117,23.841045,38.131015
238,118,23.840975,38.131053
238,119,23.840925,38.131084
238,120,23.840985,38.131194
238,121,23.840984,38.131225
238,122,23.841034,38.131053
238,123,23.840744,38.131484
238,124,23.839843,38.131866
238,125,23.839162,38.130645
238,126,23.837192,38.126475
238,127,23.834393,38.122165
238,128,23.830673,38.118335
238,129,23.829464,38.116664
238,130,23.829164,38.115383
238,131,23.827863,38.113582
238,132,23.826273,38.11135
238,133,23.825922,38.10955
238,134,23.826021,38.107559
238,135,23.826141,38.105068
238,136,23.825871,38.102748
238,137,23.8256,38.100997
238,138,23.825439,38.099746
238,139,23.824499,38.098155
238,140,23.823799,38.095565
238,141,23.822229,38.092864
238,142,23.821859,38.092243
238,143,23.821619,38.091834
238,144,23.821219,38.091426
238,145,23.820978,38.091167
238,146,23.820568,38.090766
238,147,23.819708,38.089946
238,148,23.818548,38.089057
238,149,23.817648,38.088126
238,150,23.817607,38.088126
238,151,23.818308,38.087558
238,152,23.818737,38.084948
238,153,23.819496,38.081218
238,154,23.820277,38.078887
238,155,23.820396,38.078418
238,156,23.820976,38.076697
238,157,23.821115,38.075817
238,158,23.821066,38.074614
238,159,23.820826,38.072604
238,160,23.820986,38.069472
238,161,23.821044,38.068923
238,162,23.821125,38.068004
238,163,23.821134,38.067573
238,164,23.821474,38.066741
238,165,23.823324,38.066703
238,166,23.826463,38.066452
238,167,23.826643,38.06446
238,168,23.830152,38.063419
238,169,23.833812,38.061587
238,170,23.834013,38.061477
238,171,23.834402,38.061279
238,172,23.834602,38.061168
238,173,23.835432,38.060867
238,174,23.836072,38.060749
238,175,23.836042,38.060127
238,176,23.835823,38.059325
238,177,23.835814,38.059275
238,178,23.836454,38.058845
238,179,23.838234,38.058074
238,180,23.838654,38.055416
238,181,23.839134,38.052875
238,182,23.838684,38.051894
238,183,23.838933,38.051513
238,184,23.839643,38.049522
238,185,23.839643,38.04951
238,186,23.839773,38.048099
238,187,23.838793,38.046268
238,188,23.836812,38.044788
238,189,23.836233,38.044898
238,190,23.834823,38.045417
238,191,23.834663,38.045356
238,192,23.834513,38.045177
238,193,23.834473,38.045207
238,194,23.834504,38.045158
238,195,23.834713,38.045417
238,196,23.834383,38.045165
238,197,23.833973,38.044864
238,198,23.833593,38.044593
238,199,23.833402,38.044475
238,200,23.833263,38.044456
238,201,23.833994,38.044936
238,202,23.835595,38.045028
238,203,23.836414,38.044528
238,204,23.836544,38.044528
238,205,23.838834,38.046188
238,206,23.842434,38.048598
238,207,23.845884,38.05138
238,208,23.850665,38.05231
238,209,23.854275,38.053062
238,210,23.854284,38.053062
238,211,23.855094,38.054332
238,212,23.857284,38.056453
238,213,23.854965,38.056491
238,214,23.851825,38.055449
238,215,23.849627,38.057521
238,216,23.850416,38.05957
238,217,23.852285,38.06161
238,218,23.852205,38.062759
238,219,23.849785,38.06322
238,220,23.847364,38.06364
238,221,23.845504,38.063972
238,222,23.843285,38.065063
238,223,23.842405,38.065383
238,224,23.840947,38.065582
238,225,23.841297,38.066753
238,226,23.841938,38.068313
238,227,23.838259,38.069381
238,228,23.835009,38.070292
238,229,23.833208,38.070564
238,230,23.831259,38.071654
238,231,23.829588,38.071784
238,232,23.828108,38.072006
238,233,23.828218,38.073505
238,234,23.828298,38.074504
238,235,23.828598,38.075794
238,236,23.830359,38.077601
238,237,23.832098,38.07981
238,238,23.832958,38.08171
238,239,23.833088,38.083331
238,240,23.831538,38.084212
238,241,23.830168,38.085242
238,242,23.828708,38.086863
238,243,23.827999,38.088824
238,244,23.827719,38.090556
238,245,23.827,38.092548
238,246,23.827718,38.09465
238,247,23.828319,38.096488
238,248,23.82853,38.098269
238,249,23.830959,38.099681
238,250,23.83351,38.100989
238,251,23.834289,38.10184
238,252,23.835199,38.103431
238,253,23.83412,38.104682
238,254,23.833121,38.105602
238,255,23.83155,38.10694
238,256,23.82963,38.108581
238,257,23.82604,38.109679
238,258,23.82658,38.11148
238,259,23.828809,38.114341
238,260,23.829359,38.11631
238,261,23.830649,38.11806
238,262,23.835218,38.122851
238,263,23.837118,38.126193
238,264,23.838718,38.129695
238,265,23.840337,38.131766
238,266,23.840818,38.131137
238,267,23.840828,38.131106
238,268,23.840847,38.131137
238,269,23.841047,38.130965
238,270,23.841047,38.130854
238,271,23.840967,38.130934
238,272,23.840986,38.130934
238,273,23.841036,38.131076
238,274,23.840946,38.131156
238,275,23.840558,38.131816
238,276,23.839706,38.131778
238,277,23.838507,38.129378
238,278,23.836348,38.124919
238,279,23.832777,38.12062
238,280,23.829276,38.117049
238,281,23.829077,38.115928
238,282,23.828466,38.114226
238,283,23.826626,38.111969
238,284,23.825965,38.110057
238,285,23.827865,38.109378
238,286,23.831484,38.107169
238,287,23.832974,38.105929
238,288,23.833543,38.105418
238,289,23.834783,38.104289
238,290,23.834734,38.102981
238,291,23.833774,38.101592
238,292,23.832044,38.100543
238,293,23.830055,38.099685
238,294,23.828186,38.098304
238,295,23.828226,38.096934
238,296,23.829407,38.095744
238,297,23.830667,38.094622
238,298,23.832008,38.093444
238,299,23.832499,38.093142
238,300,23.833378,38.092864
238,301,23.833908,38.092295
238,302,23.834608,38.091785
238,303,23.834857,38.092624
238,304,23.834888,38.093085
238,305,23.835169,38.092944
238,306,23.835029,38.092895
238,307,23.834989,38.091895
238,308,23.83454,38.091895
238,309,23.833959,38.092425
238,310,23.833161,38.093074
238,311,23.830961,38.094333
238,312,23.828741,38.096244
238,313,23.827661,38.098002
238,314,23.825291,38.098761
238,315,23.825271,38.098781
238,316,23.825092,38.098849
238,317,23.825503,38.099761
238,318,23.825743,38.10179
238,319,23.826042,38.104492
238,320,23.825922,38.107482
238,321,23.825922,38.110004
238,322,23.826363,38.111384
238,323,23.828743,38.114475
238,324,23.829304,38.116614
238,325,23.831184,38.118755
238,326,23.835995,38.124206
238,327,23.838075,38.128456
238,328,23.840206,38.131805
238,329,23.840897,38.131214
238,330,23.840897,38.131243
238,331,23.840946,38.131153
238,332,23.841116,38.130931
238,333,23.841156,38.1309
238,334,23.841097,38.130939
238,335,23.841017,38.13095
238,336,23.840927,38.131202
238,337,23.840868,38.13132
238,338,23.839857,38.131831
238,339,23.838608,38.129542
238,340,23.836989,38.126102
238,341,23.838608,38.126101
238,342,23.841787,38.126861
238,343,23.844717,38.127002
238,344,23.847887,38.129234
238,345,23.849836,38.129905
238,346,23.849837,38.131125
238,347,23.849877,38.131126
238,348,23.849676,38.130935
238,349,23.849926,38.131045
238,350,23.849926,38.131015
238,351,23.849917,38.130023
238,352,23.848486,38.129512
238,353,23.845177,38.127303
238,354,23.841787,38.126895
238,355,23.837858,38.126044
238,356,23.837298,38.126563
238,357,23.838688,38.129585
238,358,23.840598,38.131805
238,359,23.840908,38.131316
238,360,23.840939,38.131267
238,361,23.841058,38.130935
238,362,23.841099,38.130935
238,363,23.84104,38.130965
238,364,23.840799,38.131297
238,365,23.840608,38.131568
238,366,23.840488,38.131839
238,367,23.83936,38.131198
238,368,23.83753,38.127429
238,369,23.83547,38.123409
238,370,23.832001,38.119808
238,371,23.829182,38.116988
238,372,23.829293,38.116508
238,373,23.829052,38.114997
238,374,23.827263,38.113097
238,375,23.825863,38.110797
238,376,23.826581,38.109965
238,377,23.828821,38.109294
238,378,23.830791,38.107883
238,379,23.832392,38.106574
238,380,23.833282,38.105785
238,381,23.834732,38.104476
238,382,23.834651,38.103114
238,383,23.833532,38.101615
238,384,23.831413,38.100394
238,385,23.829013,38.099224
238,386,23.827954,38.097812
238,387,23.828934,38.096221
238,388,23.830245,38.095043
238,389,23.831764,38.093742
238,390,23.832724,38.0932
238,391,23.833553,38.09283
238,392,23.834133,38.09225
238,393,23.834843,38.09188
238,394,23.834963,38.092922
238,395,23.834953,38.093093
238,396,23.835163,38.093013
238,397,23.835083,38.092604
238,398,23.834824,38.091766
238,399,23.834494,38.091964
238,400,23.833963,38.092563
238,401,23.832964,38.093162
238,402,23.830953,38.09439
238,403,23.828903,38.096198
238,404,23.828013,38.097969
238,405,23.825693,38.09872
238,406,23.825492,38.098789
238,407,23.825154,38.09888
238,408,23.825134,38.098892
238,409,23.825504,38.100173
238,410,23.825843,38.102344
238,411,23.826084,38.104945
238,412,23.826034,38.107966
238,413,23.825895,38.110736
238,414,23.828115,38.113696
238,415,23.829056,38.115718
238,416,23.829725,38.117309
238,417,23.833846,38.121478
238,418,23.837536,38.127208
238,419,23.839965,38.131797
238,420,23.840826,38.131175
238,421,23.840875,38.131065
238,422,23.840925,38.131114
238,423,23.841055,38.130916
238,424,23.841135,38.130904
238,425,23.841154,38.130904
238,426,23.841083,38.130904
238,427,23.841083,38.130893
238,428,23.841084,38.131133
238,429,23.840793,38.131515
238,430,23.840673,38.131767
238,431,23.839674,38.131587
238,432,23.838095,38.128386
238,433,23.835754,38.123676
238,434,23.831514,38.119174
238,435,23.829223,38.116863
238,436,23.829124,38.115764
238,437,23.828175,38.113883
238,438,23.826145,38.111163
238,439,23.826534,38.109905
238,440,23.828945,38.109165
238,441,23.831165,38.107524
238,442,23.832846,38.106093
238,443,23.833216,38.105785
238,444,23.834745,38.104366
238,445,23.834705,38.102886
238,446,23.833616,38.101424
238,447,23.831497,38.100234
238,448,23.829008,38.098964
238,449,23.828187,38.097335
238,450,23.829308,38.095836
238,451,23.830757,38.094535
238,452,23.832067,38.093334
238,453,23.832888,38.093055
238,454,23.833606,38.092674
238,455,23.834127,38.092162
238,456,23.834777,38.091781
238,457,23.834888,38.092701
238,458,23.834919,38.093082
238,459,23.835199,38.092922
238,460,23.835079,38.092403
238,461,23.83474,38.091723
238,462,23.833999,38.092364
238,463,23.83324,38.093055
238,464,23.83148,38.093936
238,465,23.829759,38.095416
238,466,23.828221,38.097247
238,467,23.8258,38.098609
238,468,23.82531,38.09875
238,469,23.82509,38.099029
238,470,23.82549,38.100177
238,471,23.82583,38.102207
238,472,23.826141,38.104754
238,473,23.825962,38.107704
238,474,23.825962,38.109824
238,475,23.826492,38.111557
238,476,23.828802,38.114448
238,477,23.829403,38.116648
238,478,23.830242,38.117797
238,479,23.834812,38.122539
238,480,23.838281,38.128718
238,481,23.840391,38.131828
238,482,23.840582,38.131748
238,483,23.840632,38.131717
238,484,23.840802,38.131385
238,485,23.840962,38.131187
238,486,23.840991,38.131175
238,487,23.840922,38.131144
238,488,23.841082,38.130984
238,489,23.841122,38.130984
238,490,23.840971,38.131206
238,491,23.84086,38.131385
238,492,23.840271,38.131824
238,493,23.83933,38.131034
238,494,23.837921,38.128165
238,495,23.836441,38.125045
238,496,23.833921,38.121734
238,497,23.831241,38.118965
238,498,23.829341,38.118026
238,499,23.827121,38.115714
238,500,23.824722,38.114142
238,501,23.823711,38.113613
238,502,23.823151,38.111701
238,503,23.82007,38.108722
238,504,23.81633,38.105201
238,505,23.811229,38.102851
238,506,23.80601,38.10078
238,507,23.801039,38.09883
238,508,23.796179,38.0969
238,509,23.79336,38.094699
238,510,23.7918,38.09272
238,511,23.7915,38.09233
238,512,23.79112,38.0918
238,513,23.78949,38.089671
238,514,23.787159,38.08665
238,515,23.784619,38.083339
238,516,23.781858,38.079738
238,517,23.778389,38.076587
238,518,23.773939,38.074466
238,519,23.76964,38.072734
238,520,23.76599,38.071273
238,521,23.763529,38.070281
238,522,23.761789,38.069579
238,523,23.760309,38.068988
238,524,23.758539,38.068286
238,525,23.758219,38.068156
238,526,23.757509,38.067886
238,527,23.756818,38.067665
238,528,23.754368,38.066654
238,529,23.752077,38.065452
238,530,23.751886,38.065303
238,531,23.750797,38.064193
238,532,23.749446,38.062133
238,533,23.748497,38.060672
238,534,23.747307,38.058841
238,535,23.746736,38.057911
238,536,23.746086,38.056579
238,537,23.745816,38.055827
238,538,23.745335,38.054519
238,539,23.744594,38.052508
238,540,23.742915,38.050368
238,541,23.741243,38.048808
238,542,23.738844,38.046589
238,543,23.736014,38.04425
238,544,23.734284,38.041739
238,545,23.733883,38.039081
238,546,23.732724,38.036663
238,547,23.731042,38.03427
238,548,23.728783,38.030929
238,549,23.727133,38.02777
238,550,23.725492,38.024482
238,551,23.725172,38.023902
238,552,23.725083,38.022762
238,553,23.727562,38.021652
238,554,23.728222,38.0214
238,555,23.728542,38.021308
238,556,23.728552,38.02127
238,557,23.728551,38.021301
238,558,23.728881,38.02114
238,559,23.728901,38.021129
238,560,23.72904,38.02111
238,561,23.729281,38.020938
238,562,23.72929,38.020938
238,563,23.72967,38.020808
238,564,23.73168,38.020079
238,565,23.73432,38.019801
238,566,23.73534,38.019702
238,567,23.73535,38.019664
238,568,23.73546,38.019343
238,569,23.735441,38.018203
238,570,23.735411,38.016975
238,571,23.735401,38.016723
238,572,23.735382,38.016315
238,573,23.735382,38.016216
238,574,23.735382,38.015777
238,575,23.735391,38.015739
238,576,23.735392,38.015579
238,577,23.735391,38.014858
238,578,23.735391,38.014808
238,579,23.735391,38.014567
238,580,23.735372,38.014449
238,581,23.735332,38.013908
238,582,23.735292,38.013606
238,583,23.735243,38.013415
238,584,23.735212,38.013385
238,585,23.735243,38.013275
238,586,23.735253,38.013114
238,587,23.735283,38.013015
238,588,23.735273,38.012763
238,589,23.735255,38.012614
238,590,23.735224,38.012485
238,591,23.735234,38.012103
238,592,23.735253,38.011894
238,593,23.735243,38.011642
238,594,23.735224,38.011592
238,595,23.735223,38.011431
238,596,23.735113,38.0106
238,597,23.735103,38.009688
238,598,23.735033,38.009619
238,599,23.734523,38.009422
238,600,23.733534,38.00936
238,601,23.732344,38.00925
238,602,23.731603,38.00925
238,603,23.730993,38.009509
238,604,23.730544,38.009627
238,605,23.730513,38.009929
238,606,23.730562,38.00981
238,607,23.730482,38.00983
238,608,23.730501,38.009731
238,609,23.730501,38.009612
238,610,23.730491,38.009582
238,611,23.730371,38.009753
238,612,23.730551,38.009555
238,613,23.730421,38.009696
238,614,23.72998,38.009886
238,615,23.729681,38.009925
238,616,23.729471,38.010074
238,617,23.728962,38.010112
238,618,23.728882,38.01039
238,619,23.728972,38.010551
238,620,23.728872,38.011039
238,621,23.728823,38.01113
238,622,23.728842,38.012149
238,623,23.728542,38.014251
238,624,23.728412,38.015533
238,625,23.728573,38.018222
238,626,23.729533,38.020622
238,627,23.729542,38.020652
238,628,23.730473,38.023093
238,629,23.730932,38.024204
238,630,23.730972,38.024295
238,631,23.731031,38.024665
238,632,23.731081,38.026843
238,633,23.730261,38.029312
238,634,23.730451,38.03295
238,635,23.733221,38.03694
238,636,23.734531,38.04169
238,637,23.738022,38.045531
238,638,23.741963,38.049163
238,639,23.745133,38.053233
238,640,23.747232,38.058223
238,641,23.750033,38.062984
238,642,23.754633,38.066561
238,643,23.760553,38.068954
238,644,23.766483,38.071315
238,645,23.772083,38.073565
238,646,23.777893,38.076113
238,647,23.782694,38.080543
238,648,23.786453,38.085421
238,649,23.789934,38.089923
238,650,23.791075,38.091392
238,651,23.791994,38.092594
238,652,23.795374,38.096171
238,653,23.801563,38.098761
238,654,23.807593,38.101172
238,655,23.812733,38.103061
238,656,23.815132,38.103942
238,657,23.815061,38.104221
238,658,23.816001,38.105521
238,659,23.820032,38.108851
238,660,23.823501,38.11251
238,661,23.825873,38.114429
238,662,23.828721,38.117278
238,663,23.830772,38.118598
238,664,23.832733,38.120578
238,665,23.836153,38.124568
238,666,23.838432,38.12931
238,667,23.840232,38.1319
238,668,23.840893,38.131289
238,669,23.840862,38.130881
238,670,23.840872,38.130862
238,671,23.840862,38.130893
238,672,23.840973,38.130832
238,673,23.840723,38.131442
238,674,23.840813,38.131412
238,675,23.840973,38.131233
238,676,23.840862,38.131011
