239,1,23.841013,38.131095
239,2,23.841003,38.131076
239,3,23.841143,38.130916
239,4,23.841023,38.130927
239,5,23.841053,38.131088
239,6,23.840763,38.131477
239,7,23.840744,38.131515
239,8,23.840544,38.131793
239,9,23.839393,38.131065
239,10,23.837673,38.127536
239,11,23.835423,38.123287
239,12,23.831703,38.119457
239,13,23.829193,38.116988
239,14,23.829292,38.116538
239,15,23.829153,38.115257
239,16,23.827493,38.113246
239,17,23.826023,38.111125
239,18,23.825924,38.109664
239,19,23.825964,38.107605
239,20,23.826103,38.105224
239,21,23.825823,38.102783
239,22,23.825573,38.101241
239,23,23.825453,38.10007
239,24,23.825262,38.099731
239,25,23.824712,38.098819
239,26,23.824003,38.096401
239,27,23.823173,38.094409
239,28,23.822233,38.092917
239,29,23.820694,38.091178
239,30,23.819855,38.090426
239,31,23.819444,38.089946
239,32,23.817524,38.088244
239,33,23.817524,38.088233
239,34,23.818224,38.087672
239,35,23.818674,38.085021
239,36,23.819384,38.08176
239,37,23.820333,38.078491
239,38,23.820573,38.0778
239,39,23.821055,38.07595
239,40,23.821036,38.074802
239,41,23.820965,38.07405
239,42,23.820785,38.071029
239,43,23.821085,38.068191
239,44,23.821135,38.06684
239,45,23.822754,38.066791
239,46,23.825634,38.066569
239,47,23.826014,38.06501
239,48,23.829053,38.063949
239,49,23.830633,38.063198
239,50,23.831124,38.062938
239,51,23.831703,38.062637
239,52,23.832714,38.062125
239,53,23.833824,38.061565
239,54,23.834034,38.061454
239,55,23.834804,38.061084
239,56,23.835005,38.060966
239,57,23.836134,38.060687
239,58,23.836173,38.060458
239,59,23.836034,38.059917
239,60,23.835755,38.059147
239,61,23.835714,38.059005
239,62,23.836324,38.058795
239,63,23.838135,38.058147
239,64,23.838576,38.055617
239,65,23.839085,38.053569
239,66,23.838655,38.051929
239,67,23.839374,38.051151
239,68,23.839754,38.048259
239,69,23.839744,38.047499
239,70,23.839634,38.047309
239,71,23.839674,38.046779
239,72,23.840084,38.04681
239,73,23.841503,38.04682
239,74,23.843233,38.047221
239,75,23.844703,38.046592
239,76,23.844703,38.046562
239,77,23.844815,38.046642
239,78,23.844894,38.046702
239,79,23.844725,38.046451
239,80,23.843904,38.046481
239,81,23.842465,38.04705
239,82,23.841284,38.046668
239,83,23.840254,38.047019
239,84,23.842844,38.048698
239,85,23.846135,38.051486
239,86,23.851114,38.052238
239,87,23.854374,38.053016
239,88,23.854364,38.053046
239,89,23.854854,38.053626
239,90,23.857405,38.055995
239,91,23.855635,38.056736
239,92,23.852035,38.055285
239,93,23.849736,38.057357
239,94,23.848276,38.056556
239,95,23.844426,38.055465
239,96,23.841875,38.054694
239,97,23.838964,38.056716
239,98,23.837505,38.058887
239,99,23.836195,38.058757
239,100,23.836115,38.059596
239,101,23.835655,38.060847
239,102,23.831526,38.062869
239,103,23.826925,38.064387
239,104,23.826756,38.066058
239,105,23.825005,38.066439
239,106,23.822075,38.066668
239,107,23.821054,38.066799
239,108,23.821074,38.069499
239,109,23.821073,38.073078
239,110,23.821233,38.076057
239,111,23.820654,38.077857
239,112,23.820635,38.077857
239,113,23.820085,38.079399
239,114,23.819005,38.083007
239,115,23.818707,38.086177
239,116,23.817007,38.086807
239,117,23.817317,38.087719
239,118,23.818218,38.08881
239,119,23.819108,38.089359
239,120,23.819929,38.09027
239,121,23.821089,38.091231
239,122,23.82342,38.094592
239,123,23.8248,38.098773
239,124,23.8256,38.101092
239,125,23.82583,38.103423
239,126,23.82584,38.106154
239,127,23.82584,38.108905
239,128,23.826169,38.111076
239,129,23.828681,38.114295
239,130,23.82935,38.116474
239,131,23.83037,38.117873
239,132,23.83484,38.122462
239,133,23.837581,38.127334
239,134,23.839642,38.131553
239,135,23.840692,38.131381
239,136,23.840902,38.131209
239,137,23.840911,38.131248
239,138,23.841002,38.131049
239,139,23.841122,38.130878
239,140,23.841032,38.130946
239,141,23.840681,38.131347
239,142,23.84056,38.131599
239,143,23.84058,38.131599
239,144,23.839791,38.131919
239,145,23.83865,38.129829
239,146,23.836581,38.125419
239,147,23.833161,38.121058
239,148,23.829371,38.117229
239,149,23.829259,38.116508
239,150,23.82902,38.114966
239,151,23.82692,38.112667
239,152,23.825868,38.110557
239,153,23.825868,38.108756
239,154,23.825868,38.106246
239,155,23.825819,38.103797
239,156,23.825668,38.101768
239,157,23.825459,38.100028
239,158,23.824978,38.099349
239,159,23.824368,38.097899
239,160,23.823806,38.095748
239,161,23.822706,38.093757
239,162,23.822567,38.093516
239,163,23.822307,38.093116
239,164,23.822178,38.092876
239,165,23.821789,38.092234
239,166,23.821539,38.091895
239,167,23.821419,38.091754
239,168,23.821339,38.091636
239,169,23.820928,38.091316
239,170,23.820219,38.090846
239,171,23.81972,38.090316
239,172,23.819479,38.090007
239,173,23.81799,38.088878
239,174,23.817619,38.088447
239,175,23.817489,38.088275
239,176,23.81749,38.088244
239,177,23.818099,38.087836
239,178,23.818639,38.085357
239,179,23.81935,38.081676
239,180,23.820308,38.078494
239,181,23.820949,38.076575
239,182,23.821039,38.074905
239,183,23.820959,38.074073
239,184,23.820768,38.070941
239,185,23.821039,38.067492
239,186,23.821759,38.066791
239,187,23.823429,38.06673
239,188,23.826189,38.066539
239,189,23.82659,38.064491
239,190,23.83136,38.062819
239,191,23.834409,38.061309
239,192,23.834499,38.061248
239,193,23.834909,38.061069
239,194,23.83555,38.060927
239,195,23.8361,38.060607
239,196,23.83597,38.060089
239,197,23.835871,38.059757
239,198,23.83567,38.059165
239,199,23.83504,38.057334
239,200,23.833841,38.054916
239,201,23.833021,38.053485
239,202,23.832271,38.052005
239,203,23.832013,38.051494
239,204,23.832012,38.051482
239,205,23.831692,38.050781
239,206,23.833631,38.049411
239,207,23.83307,38.04803
239,208,23.83176,38.045951
239,209,23.82999,38.044322
239,210,23.82909,38.044654
239,211,23.82782,38.043605
239,212,23.8256,38.042506
239,213,23.825079,38.042247
239,214,23.825048,38.042197
239,215,23.825138,38.042216
239,216,23.824778,38.042297
239,217,23.825098,38.042205
239,218,23.823269,38.041305
239,219,23.82136,38.040465
239,220,23.81939,38.040374
239,221,23.818049,38.040553
239,222,23.814999,38.042704
239,223,23.811199,38.044444
239,224,23.81083,38.044535
239,225,23.81081,38.044525
239,226,23.8102,38.044643
239,227,23.808001,38.045364
239,228,23.807241,38.045642
239,229,23.807222,38.045642
239,230,23.807133,38.045783
239,231,23.807432,38.046245
239,232,23.808253,38.048927
239,233,23.810272,38.051776
239,234,23.810772,38.052768
239,235,23.811043,38.053337
239,236,23.811862,38.055137
239,237,23.809063,38.057475
239,238,23.809063,38.061317
239,239,23.809713,38.065368
239,240,23.811083,38.068298
239,241,23.811113,38.069488
239,242,23.811143,38.070518
239,243,23.811144,38.07114
239,244,23.811714,38.07223
239,245,23.812065,38.072669
239,246,23.812435,38.07342
239,247,23.812195,38.074939
239,248,23.812494,38.07685
239,249,23.813444,38.078159
239,250,23.814175,38.079589
239,251,23.814465,38.080749
239,252,23.816216,38.08411
239,253,23.816366,38.085997
239,254,23.816486,38.086528
239,255,23.816696,38.08686
239,256,23.816807,38.087032
239,257,23.817016,38.087371
239,258,23.817187,38.087642
239,259,23.818026,38.088683
239,260,23.818475,38.089023
239,261,23.818475,38.089042
239,262,23.818865,38.089232
239,263,23.819034,38.089381
239,264,23.820065,38.090461
239,265,23.820644,38.090922
239,266,23.820804,38.091064
239,267,23.821955,38.092445
239,268,23.823885,38.096045
239,269,23.824884,38.099074
239,270,23.825295,38.100375
239,271,23.825674,38.102207
239,272,23.825985,38.104606
239,273,23.825886,38.107367
239,274,23.825867,38.109618
239,275,23.826477,38.11153
239,276,23.828077,38.113651
239,277,23.827386,38.114482
239,278,23.827947,38.115592
239,279,23.831438,38.118983
239,280,23.835688,38.123523
239,281,23.838336,38.129073
239,282,23.840267,38.131824
239,283,23.840847,38.131164
239,284,23.840847,38.131164
239,285,23.840986,38.130934
239,286,23.841066,38.130924
239,287,23.840986,38.130885
239,288,23.840956,38.130874
239,289,23.840856,38.130813
239,290,23.840907,38.130832
239,291,23.840856,38.130931
239,292,23.840856,38.130862
239,293,23.840927,38.130924
239,294,23.840757,38.131332
239,295,23.840658,38.131423
239,296,23.840578,38.131514
239,297,23.840597,38.131514
239,298,23.840846,38.131206
239,299,23.840897,38.131106
239,300,23.840955,38.131076
239,301,23.841116,38.130904
239,302,23.841066,38.130943
239,303,23.840977,38.131171
239,304,23.840767,38.131492
239,305,23.840707,38.13161
239,306,23.840047,38.1319
239,307,23.838928,38.13021
239,308,23.837149,38.126441
239,309,23.834639,38.122432
239,310,23.831449,38.11917
239,311,23.82968,38.118289
239,312,23.82822,38.116698
239,313,23.825571,38.114189
239,314,23.824421,38.11391
239,315,23.82369,38.11219
239,316,23.820761,38.109321
239,317,23.8162,38.105052
239,318,23.809669,38.102191
239,319,23.80382,38.09983
239,320,23.79752,38.0974
239,321,23.792879,38.094039
239,322,23.791609,38.092418
239,323,23.790779,38.092036
239,324,23.790138,38.090797
239,325,23.788588,38.088935
239,326,23.787637,38.087455
239,327,23.787988,38.086894
239,328,23.787348,38.086154
239,329,23.786618,38.085254
239,330,23.786107,38.084632
239,331,23.785907,38.08438
239,332,23.786018,38.084411
239,333,23.786798,38.08464
239,334,23.786549,38.08456
239,335,23.787507,38.085128
239,336,23.786999,38.084819
239,337,23.786758,38.084701
239,338,23.786749,38.084701
239,339,23.786509,38.084591
239,340,23.786119,38.084491
239,341,23.78616,38.084731
239,342,23.787171,38.08596
239,343,23.78821,38.087379
239,344,23.78977,38.089469
239,345,23.79014,38.090117
239,346,23.791151,38.091438
239,347,23.794031,38.095126
239,348,23.80054,38.098407
239,349,23.808191,38.101405
239,350,23.8143,38.103576
239,351,23.81456,38.105357
239,352,23.818239,38.107127
239,353,23.822868,38.111606
239,354,23.825918,38.114486
239,355,23.829699,38.118407
239,356,23.831299,38.119239
239,357,23.834749,38.122699
239,358,23.837509,38.12746
239,359,23.83956,38.13166
239,360,23.840759,38.131469
239,361,23.84079,38.130901
239,362,23.840848,38.130851
239,363,23.840799,38.13087
239,364,23.840839,38.130889
239,365,23.84103,38.13111
239,366,23.84071,38.131518
239,367,23.84042,38.131667
239,368,23.84038,38.131816
239,369,23.840349,38.132087
