24,1,23.843224,37.997901
24,2,23.843103,37.996741
24,3,23.842563,37.994621
24,4,23.845243,37.994552
24,5,23.847813,37.994582
24,6,23.848692,37.992664
24,7,23.851042,37.991923
24,8,23.855171,37.990142
24,9,23.8593,37.988311
24,10,23.86104,37.987201
24,11,23.860759,37.98624
24,12,23.860701,37.98413
24,13,23.859202,37.982539
24,14,23.861922,37.98349
24,15,23.862692,37.98497
24,16,23.864891,37.986118
24,17,23.866251,37.988437
24,18,23.868971,37.990325
24,19,23.87153,37.989894
24,20,23.873781,37.991233
24,21,23.874511,37.992134
24,22,23.874522,37.992144
24,23,23.876822,37.990966
24,24,23.880041,37.989006
24,25,23.881081,37.989875
24,26,23.881331,37.990153
24,27,23.881891,37.990592
24,28,23.881672,37.99042
24,29,23.881283,37.99015
24,30,23.881292,37.990138
24,31,23.881332,37.989989
24,32,23.881351,37.989978
24,33,23.881882,37.990337
24,34,23.882141,37.991107
24,35,23.881682,37.992809
24,36,23.881012,37.9952
24,37,23.880293,37.997821
24,38,23.880552,38.000671
24,39,23.880722,38.002231
24,40,23.882473,38.002242
24,41,23.884323,38.001781
24,42,23.884783,38.002101
24,43,23.884443,38.003383
24,44,23.884443,38.003463
24,45,23.884814,38.004455
24,46,23.885954,38.005626
24,47,23.886635,38.006885
24,48,23.887856,38.008303
24,49,23.888996,38.008944
24,50,23.890177,38.009594
24,51,23.891376,38.010173
24,52,23.892126,38.010642
24,53,23.893206,38.010802
24,54,23.894606,38.011013
24,55,23.896736,38.011661
24,56,23.900507,38.011821
24,57,23.901897,38.013171
24,58,23.901906,38.01535
24,59,23.902736,38.017699
24,60,23.905247,38.020228
24,61,23.908827,38.022239
24,62,23.909887,38.02534
24,63,23.907578,38.02679
24,64,23.907929,38.028839
24,65,23.906648,38.030436
24,66,23.905428,38.032767
24,67,23.905116,38.034137
24,68,23.905028,38.034839
24,69,23.905118,38.033328
24,70,23.906637,38.030288
24,71,23.908198,38.028697
24,72,23.907797,38.026328
24,73,23.910017,38.024119
24,74,23.906576,38.021041
24,75,23.903005,38.01826
24,76,23.902105,38.01601
24,77,23.901945,38.015609
24,78,23.901495,38.015708
24,79,23.901066,38.015819
24,80,23.900826,38.01604
24,81,23.900746,38.016101
24,82,23.900925,38.015941
24,83,23.901905,38.015681
24,84,23.901674,38.01377
24,85,23.901254,38.012252
24,86,23.897575,38.011871
24,87,23.894695,38.011329
24,88,23.894665,38.011077
24,89,23.894724,38.011077
24,90,23.893194,38.010997
24,91,23.889744,38.009506
24,92,23.887234,38.007705
24,93,23.886003,38.005706
24,94,23.885494,38.005176
24,95,23.885485,38.005157
24,96,23.884365,38.004256
24,97,23.884026,38.003635
24,98,23.883915,38.003616
24,99,23.883915,38.003597
24,100,23.883675,38.003585
24,101,23.883144,38.003684
24,102,23.882664,38.003795
24,103,23.882244,38.003806
24,104,23.882034,38.003817
24,105,23.881584,38.003818
24,106,23.881334,38.003806
24,107,23.881235,38.003795
24,108,23.880806,38.003265
24,109,23.880346,38.000175
24,110,23.880516,37.996925
24,111,23.881077,37.994884
24,112,23.882067,37.991233
24,113,23.881576,37.990321
24,114,23.881497,37.99023
24,115,23.881447,37.990218
24,116,23.881317,37.989978
24,117,23.881037,37.990158
24,118,23.880488,37.989536
24,119,23.879578,37.989364
24,120,23.877327,37.990745
24,121,23.875067,37.992316
24,122,23.874398,37.992778
24,123,23.872738,37.994849
24,124,23.870908,37.995868
24,125,23.868168,37.997088
24,126,23.864569,37.999019
24,127,23.860149,38.001067
24,128,23.857898,38.003047
24,129,23.858099,38.005988
24,130,23.858169,38.00624
24,131,23.85821,38.0064
24,132,23.85824,38.006491
24,133,23.858249,38.006503
24,134,23.858339,38.006782
24,135,23.858349,38.006782
24,136,23.858408,38.006922
24,137,23.858448,38.007033
24,138,23.858538,38.007335
24,139,23.860027,38.007225
24,140,23.860046,38.007262
24,141,23.860737,38.008403
24,142,23.861147,38.010894
24,143,23.860268,38.013023
24,144,23.860258,38.016032
24,145,23.860427,38.0185
24,146,23.860409,38.019752
24,147,23.860338,38.020321
24,148,23.859808,38.022861
24,149,23.859629,38.023742
24,150,23.859629,38.023742
24,151,23.857429,38.024261
24,152,23.853179,38.025302
24,153,23.85054,38.026152
24,154,23.850531,38.026152
24,155,23.84855,38.026793
24,156,23.844921,38.028682
24,157,23.84366,38.027873
24,158,23.841881,38.027675
24,159,23.838902,38.028964
24,160,23.838722,38.029044
24,161,23.838442,38.029163
24,162,23.838303,38.029224
24,163,23.838043,38.029342
24,164,23.837954,38.029372
24,165,23.837954,38.029372
24,166,23.837464,38.029593
24,167,23.837464,38.029593
24,168,23.837353,38.029644
24,169,23.836752,38.029002
24,170,23.836712,38.028952
24,171,23.836181,38.028201
24,172,23.835901,38.02787
24,173,23.834791,38.026698
24,174,23.834282,38.026268
24,175,23.833262,38.024958
24,176,23.831001,38.023838
24,177,23.826661,38.022948
24,178,23.822492,38.022159
24,179,23.821473,38.022147
24,180,23.821072,38.022067
24,181,23.820221,38.021858
24,182,23.81961,38.021586
24,183,23.81909,38.021495
24,184,23.818239,38.021323
24,185,23.817569,38.021194
24,186,23.81756,38.021182
24,187,23.81702,38.021083
24,188,23.816631,38.021014
24,189,23.81599,38.020885
24,190,23.815531,38.020793
24,191,23.814791,38.020622
24,192,23.814621,38.020584
24,193,23.814192,38.020504
24,194,23.813972,38.020465
24,195,23.813932,38.020454
24,196,23.813013,38.020244
24,197,23.812474,38.020126
24,198,23.811943,38.019996
24,199,23.811752,38.019958
24,200,23.811533,38.019908
24,201,23.811452,38.019896
24,202,23.811012,38.019778
24,203,23.810993,38.019778
24,204,23.810683,38.019718
24,205,23.810531,38.019679
24,206,23.810452,38.019649
24,207,23.809711,38.019489
24,208,23.809652,38.019489
24,209,23.809353,38.01945
24,210,23.809322,38.01945
24,211,23.808672,38.019339
24,212,23.808662,38.019339
24,213,23.808154,38.01921
24,214,23.807863,38.019149
24,215,23.807552,38.019081
24,216,23.806572,38.018859
24,217,23.806492,38.018871
24,218,23.805773,38.018729
24,219,23.805462,38.018668
24,220,23.805142,38.018588
24,221,23.803781,38.018298
24,222,23.803331,38.018207
24,223,23.801262,38.017726
24,224,23.801182,38.017715
24,225,23.798452,38.017333
24,226,23.797013,38.017482
24,227,23.796562,38.017631
24,228,23.796392,38.017699
24,229,23.796063,38.017829
24,230,23.794492,38.016891
24,231,23.791493,38.015663
24,232,23.788362,38.013721
24,233,23.785383,38.011581
24,234,23.782854,38.009849
24,235,23.780834,38.009861
24,236,23.780585,38.009898
24,237,23.779144,38.00904
24,238,23.778845,38.008738
24,239,23.778435,38.008338
24,240,23.777365,38.007197
24,241,23.776915,38.006686
24,242,23.776234,38.005877
24,243,23.776114,38.005718
24,244,23.775613,38.005096
24,245,23.774084,38.003024
24,246,23.771395,38.000106
24,247,23.768484,37.996787
24,248,23.768203,37.996219
24,249,23.767994,37.995769
24,250,23.767683,37.995048
24,251,23.767643,37.994876
24,252,23.767203,37.993857
24,253,23.767072,37.993659
24,254,23.766563,37.992648
24,255,23.765983,37.991538
24,256,23.765953,37.991519
24,257,23.765312,37.990699
24,258,23.765262,37.990638
24,259,23.764622,37.989898
24,260,23.764591,37.989787
24,261,23.763712,37.988769
24,262,23.762432,37.987751
24,263,23.762352,37.987682
24,264,23.761711,37.987102
24,265,23.761631,37.98701
24,266,23.761541,37.986911
24,267,23.760422,37.985522
24,268,23.760391,37.985484
24,269,23.760091,37.985206
24,270,23.759102,37.984096
24,271,23.757581,37.983134
24,272,23.757462,37.983115
24,273,23.755432,37.981544
24,274,23.754393,37.980483
24,275,23.754294,37.980483
24,276,23.754043,37.980113
24,277,23.752593,37.978831
24,278,23.752104,37.9784
24,279,23.749944,37.97673
24,280,23.749575,37.976581
24,281,23.749555,37.97658
24,282,23.749345,37.97631
24,283,23.749886,37.975478
24,284,23.751146,37.975498
24,285,23.752447,37.975738
24,286,23.755448,37.977619
24,287,23.755897,37.980048
24,288,23.756307,37.980647
24,289,23.756406,37.980659
24,290,23.756567,37.980689
24,291,23.757467,37.98088
24,292,23.759978,37.981582
24,293,23.762327,37.98334
24,294,23.763977,37.984881
24,295,23.764668,37.98553
24,296,23.765527,37.98635
24,297,23.767217,37.987868
24,298,23.768439,37.989097
24,299,23.770578,37.990596
24,300,23.771328,37.991065
24,301,23.775149,37.992744
24,302,23.778787,37.995135
24,303,23.779149,37.995357
24,304,23.781029,37.996498
24,305,23.782779,37.997767
24,306,23.78343,37.998309
24,307,23.784371,37.99911
24,308,23.786091,38.000282
24,309,23.786491,38.000503
24,310,23.787552,38.001102
24,311,23.788852,38.001583
24,312,23.791633,38.002582
24,313,23.794415,38.004703
24,314,23.795084,38.005183
24,315,23.795614,38.005534
24,316,23.800244,38.007003
24,317,23.804353,38.008392
24,318,23.808424,38.010322
24,319,23.812642,38.011551
24,320,23.815833,38.012278
24,321,23.818891,38.013129
24,322,23.821131,38.013591
24,323,23.826071,38.01382
24,324,23.830061,38.01382
24,325,23.830351,38.013808
24,326,23.83218,38.013457
24,327,23.832809,38.013339
24,328,23.836519,38.012451
24,329,23.840349,38.010909
24,330,23.84499,38.010421
24,331,23.850559,38.009441
24,332,23.855018,38.00846
24,333,23.855,38.00645
24,334,23.856109,38.005302
24,335,23.856078,38.00344
24,336,23.858519,38.002109
24,337,23.862139,37.999908
24,338,23.866068,37.998199
24,339,23.870299,37.995959
24,340,23.873299,37.994018
24,341,23.877029,37.990897
24,342,23.87916,37.989536
24,343,23.880929,37.989677
24,344,23.88138,37.990016
24,345,23.88138,37.990016
24,346,23.88127,37.989795
24,347,23.880329,37.988975
24,348,23.879259,37.989536
24,349,23.876499,37.991336
24,350,23.87497,37.992415
24,351,23.87352,37.993895
24,352,23.871491,37.995685
24,353,23.868891,37.996654
24,354,23.865502,37.998542
24,355,23.862901,37.999663
24,356,23.859442,38.001624
24,357,23.858002,38.002513
24,358,23.857921,38.004714
24,359,23.858021,38.005523
24,360,23.858091,38.005813
24,361,23.858101,38.005851
24,362,23.858101,38.005862
24,363,23.858221,38.006313
24,364,23.858221,38.006351
24,365,23.858291,38.006621
24,366,23.858341,38.006782
24,367,23.858341,38.006794
24,368,23.85848,38.007243
24,369,23.858489,38.007243
24,370,23.858509,38.007305
24,371,23.859999,38.007225
24,372,23.86027,38.007213
24,373,23.860679,38.008094
24,374,23.86104,38.010166
24,375,23.86071,38.012355
24,376,23.860399,38.014137
24,377,23.860319,38.017189
24,378,23.860408,38.019519
24,379,23.860408,38.019519
24,380,23.860269,38.020801
24,381,23.859949,38.02235
24,382,23.85969,38.023342
24,383,23.85964,38.023711
24,384,23.85698,38.024383
24,385,23.853519,38.025233
24,386,23.85124,38.025973
24,387,23.85086,38.026092
24,388,23.848751,38.026794
24,389,23.845071,38.028655
24,390,23.843691,38.027904
24,391,23.842152,38.027614
24,392,23.839021,38.028953
24,393,23.838162,38.029335
24,394,23.838162,38.029335
24,395,23.837501,38.029643
24,396,23.837501,38.029655
24,397,23.837181,38.029624
24,398,23.836041,38.027983
24,399,23.834681,38.026584
24,400,23.834251,38.026252
24,401,23.833672,38.025383
24,402,23.832873,38.025104
24,403,23.831821,38.025695
24,404,23.830912,38.026145
24,405,23.830501,38.026336
24,406,23.823072,38.032527
24,407,23.823072,38.032539
24,408,23.823153,38.032729
24,409,23.822533,38.033217
24,410,23.821713,38.033927
24,411,23.820973,38.034598
24,412,23.819671,38.035647
24,413,23.817162,38.037566
24,414,23.815832,38.038269
24,415,23.813081,38.039286
24,416,23.812983,38.039378
24,417,23.812983,38.039417
24,418,23.812433,38.039615
24,419,23.811193,38.039996
24,420,23.810222,38.040168
24,421,23.810863,38.039836
24,422,23.812134,38.039386
24,423,23.812985,38.039096
24,424,23.813573,38.038874
24,425,23.814364,38.038574
24,426,23.815153,38.038223
24,427,23.815344,38.038131
24,428,23.815344,38.038131
24,429,23.815474,38.038082
24,430,23.816803,38.037353
24,431,23.818203,38.036434
24,432,23.818653,38.036052
24,433,23.818693,38.036041
24,434,23.819144,38.03569
24,435,23.820533,38.034488
24,436,23.821323,38.033828
24,437,23.821613,38.033587
24,438,23.823054,38.032279
24,439,23.831503,38.025618
24,440,23.832773,38.024947
24,441,23.833322,38.024986
24,442,23.833853,38.025843
24,443,23.834623,38.026584
24,444,23.835474,38.027416
24,445,23.836584,38.028407
24,446,23.839523,38.027187
24,447,23.842123,38.025996
24,448,23.842962,38.026508
24,449,23.845713,38.025397
24,450,23.848942,38.024909
24,451,23.849132,38.02484
24,452,23.847933,38.022521
24,453,23.847933,38.020751
24,454,23.850573,38.020671
24,455,23.852152,38.017131
24,456,23.854332,38.01229
24,457,23.857102,38.009742
24,458,23.857981,38.00857
24,459,23.857722,38.008311
24,460,23.857432,38.008041
24,461,23.857412,38.00806
24,462,23.856922,38.006888
24,463,23.856071,38.006137
24,464,23.855772,38.005638
24,465,23.856321,38.004626
24,466,23.856152,38.003356
24,467,23.857711,38.002548
24,468,23.860561,38.000747
24,469,23.864842,37.998859
24,470,23.86873,37.996688
24,471,23.87218,37.995258
24,472,23.874631,37.992496
24,473,23.878202,37.990127
24,474,23.880543,37.989326
24,475,23.881262,37.990184
24,476,23.881262,37.990184
24,477,23.881261,37.990054
24,478,23.880202,37.989074
24,479,23.878312,37.990142
24,480,23.875021,37.992313
24,481,23.87335,37.990672
24,482,23.87071,37.990203
24,483,23.86882,37.990302
24,484,23.86635,37.988612
24,485,23.865,37.986412
24,486,23.86336,37.986621
24,487,23.860199,37.98804
24,488,23.857599,37.989162
24,489,23.85421,37.99063
24,490,23.850759,37.992141
24,491,23.849869,37.992709
24,492,23.849859,37.992778
24,493,23.849899,37.992477
24,494,23.85351,37.990886
24,495,23.85775,37.989066
24,496,23.85952,37.988288
24,497,23.859529,37.98825
24,498,23.86249,37.98698
24,499,23.864741,37.98609
24,500,23.86611,37.988219
24,501,23.868598,37.990211
24,502,23.871578,37.989902
24,503,23.873869,37.991492
24,504,23.874569,37.992263
24,505,23.874609,37.992263
24,506,23.875149,37.992084
24,507,23.879179,37.989482
24,508,23.880878,37.989623
24,509,23.881348,37.990123
24,510,23.881388,37.990123
24,511,23.881458,37.990123
24,512,23.881338,37.990073
24,513,23.881289,37.990013
24,514,23.881278,37.990032
24,515,23.880338,37.988971
24,516,23.879287,37.989512
24,517,23.876198,37.991534
24,518,23.873229,37.994395
24,519,23.869328,37.996386
24,520,23.865837,37.998366
24,521,23.862278,37.999908
24,522,23.858889,38.001979
24,523,23.857988,38.003047
24,524,23.858007,38.005149
24,525,23.858017,38.005298
24,526,23.858017,38.00531
24,527,23.858106,38.005741
24,528,23.858106,38.005741
24,529,23.858166,38.006
24,530,23.858206,38.00616
24,531,23.858205,38.006171
24,532,23.858316,38.006572
24,533,23.858316,38.006583
24,534,23.858416,38.006922
24,535,23.858495,38.007163
24,536,23.858495,38.007152
24,537,23.858236,38.007621
24,538,23.857156,38.007953
24,539,23.853867,38.008952
24,540,23.849038,38.009803
24,541,23.846027,38.010291
24,542,23.843326,38.010642
24,543,23.839447,38.011302
24,544,23.836068,38.012844
24,545,23.834386,38.013224
24,546,23.832768,38.013575
24,547,23.831108,38.013946
24,548,23.831849,38.014575
24,549,23.831948,38.014625
24,550,23.832438,38.014545
24,551,23.832487,38.014507
24,552,23.833067,38.014396
24,553,23.833246,38.014366
24,554,23.833246,38.014354
24,555,23.833357,38.014076
24,556,23.833276,38.013957
24,557,23.833126,38.013976
24,558,23.833135,38.013976
24,559,23.833055,38.013926
24,560,23.832865,38.014045
24,561,23.832905,38.014045
24,562,23.832954,38.013984
24,563,23.832914,38.014015
24,564,23.832914,38.014015
24,565,23.832834,38.014045
24,566,23.832775,38.014095
24,567,23.832756,38.014095
24,568,23.832826,38.014095
24,569,23.832907,38.014015
24,570,23.833027,38.014015
24,571,23.833037,38.014026
24,572,23.833027,38.013926
24,573,23.833036,38.013957
24,574,23.833036,38.013827
24,575,23.834656,38.013057
24,576,23.837486,38.012077
24,577,23.841097,38.010825
24,578,23.842916,38.010635
24,579,23.844375,38.009154
24,580,23.846016,38.006385
24,581,23.847545,38.005343
24,582,23.848175,38.006114
24,583,23.848425,38.007144
24,584,23.851126,38.006423
24,585,23.853695,38.006233
24,586,23.854675,38.004142
24,587,23.855104,38.003784
24,588,23.855145,38.003772
24,589,23.857774,38.002471
24,590,23.862854,37.999641
24,591,23.867545,37.997401
24,592,23.872385,37.995101
24,593,23.875685,37.991771
24,594,23.878605,37.989871
24,595,23.880326,37.989082
24,596,23.881386,37.990271
24,597,23.881875,37.990604
24,598,23.881787,37.990604
24,599,23.881826,37.990604
24,600,23.881616,37.990413
24,601,23.881345,37.990134
24,602,23.881326,37.990123
24,603,23.881076,37.989715
24,604,23.880066,37.989124
24,605,23.878046,37.990333
24,606,23.875495,37.992064
24,607,23.874407,37.992816
24,608,23.873247,37.994376
24,609,23.870826,37.995868
24,610,23.866636,37.997917
24,611,23.865597,37.998847
24,612,23.866407,38.000526
24,613,23.867287,38.002815
24,614,23.867647,38.004985
24,615,23.867946,38.005775
24,616,23.870777,38.005294
24,617,23.871268,38.005233
24,618,23.871286,38.005233
24,619,23.872056,38.006313
24,620,23.870887,38.008491
24,621,23.871218,38.011481
24,622,23.871748,38.014873
24,623,23.872158,38.017211
24,624,23.870077,38.01786
24,625,23.867817,38.017421
24,626,23.866346,38.016582
24,627,23.865146,38.01773
24,628,23.863787,38.01871
24,629,23.862116,38.019641
24,630,23.862097,38.019542
24,631,23.861646,38.019763
24,632,23.861396,38.019905
24,633,23.862147,38.019565
24,634,23.864187,38.018375
24,635,23.865806,38.017124
24,636,23.867477,38.016685
24,637,23.868738,38.018046
24,638,23.872047,38.017726
24,639,23.871807,38.015864
24,640,23.871188,38.011943
24,641,23.870798,38.008391
24,642,23.871778,38.005733
24,643,23.871739,38.005615
24,644,23.872649,38.005046
24,645,23.874088,38.004695
24,646,23.876488,38.004035
24,647,23.877789,38.003936
24,648,23.878909,38.003905
24,649,23.879907,38.003905
24,650,23.880388,38.003894
24,651,23.880598,38.002525
24,652,23.880118,37.999214
24,653,23.881098,37.994823
24,654,23.882149,37.991031
24,655,23.882049,37.99073
24,656,23.881929,37.990588
24,657,23.881939,37.99068
24,658,23.881939,37.990669
24,659,23.881799,37.99052
24,660,23.88146,37.99015
24,661,23.88152,37.990119
24,662,23.88078,37.989299
24,663,23.880748,37.988891
24,664,23.8811,37.98907
24,665,23.881179,37.989372
24,666,23.88106,37.989421
24,667,23.880939,37.989421
24,668,23.881479,37.989909
24,669,23.881369,37.98976
24,670,23.881048,37.989421
24,671,23.881148,37.989261
24,672,23.880876,37.98891
24,673,23.879616,37.989398
24,674,23.876416,37.991439
24,675,23.874265,37.992931
24,676,23.871666,37.995631
24,677,23.867395,37.997501
24,678,23.863525,37.999419
24,679,23.859596,38.001491
24,680,23.857965,38.001872
24,681,23.858474,37.999633
24,682,23.857584,37.997844
24,683,23.855514,37.997882
24,684,23.852714,37.998134
24,685,23.852665,37.999004
24,686,23.851825,37.999034
24,687,23.850435,37.998042
24,688,23.849535,37.997592
24,689,23.849505,37.99758
24,690,23.848175,37.997039
24,691,23.846134,37.996639
24,692,23.844164,37.9976
24,693,23.843834,37.998779
24,694,23.843184,37.99892
24,695,23.843464,37.998069
24,696,23.843393,37.998069
