241,1,23.841093,38.130958
241,2,23.841093,38.130927
241,3,23.841093,38.131099
241,4,23.840804,38.131488
241,5,23.839823,38.131839
241,6,23.838693,38.129679
241,7,23.837084,38.12627
241,8,23.838253,38.126049
241,9,23.840933,38.126727
241,10,23.843332,38.127159
241,11,23.845932,38.127917
241,12,23.848593,38.129516
241,13,23.851862,38.130195
241,14,23.855232,38.130866
241,15,23.857813,38.131397
241,16,23.859062,38.131656
241,17,23.859201,38.131644
241,18,23.858002,38.130046
241,19,23.856521,38.126235
241,20,23.856882,38.123385
241,21,23.858433,38.121184
241,22,23.858093,38.120284
241,23,23.857942,38.119963
241,24,23.859203,38.118823
241,25,23.860604,38.118305
241,26,23.861914,38.118076
241,27,23.863403,38.117877
241,28,23.863403,38.117915
241,29,23.863773,38.118064
241,30,23.864313,38.118156
241,31,23.862533,38.117965
241,32,23.860024,38.118526
241,33,23.858993,38.119227
241,34,23.858254,38.120048
241,35,23.857994,38.122428
241,36,23.856443,38.125228
241,37,23.857504,38.128806
241,38,23.859175,38.131137
241,39,23.858855,38.131488
241,40,23.856344,38.131019
241,41,23.852184,38.130217
241,42,23.847753,38.128997
241,43,23.844654,38.126937
241,44,23.841274,38.126747
241,45,23.837225,38.126067
241,46,23.837715,38.127658
241,47,23.839445,38.131229
241,48,23.840694,38.131507
241,49,23.840925,38.131156
241,50,23.840925,38.131144
241,51,23.841116,38.130954
241,52,23.841135,38.130935
241,53,23.841065,38.130973
241,54,23.841074,38.130973
241,55,23.840753,38.131484
241,56,23.840575,38.131842
241,57,23.839884,38.132033
241,58,23.840575,38.133445
241,59,23.842174,38.136646
241,60,23.844663,38.138217
241,61,23.845053,38.138377
241,62,23.845383,38.138999
241,63,23.845392,38.138999
241,64,23.845463,38.139301
241,65,23.844674,38.1403
241,66,23.845534,38.142101
241,67,23.846323,38.143092
241,68,23.846443,38.142783
241,69,23.846243,38.142981
241,70,23.845943,38.142784
241,71,23.844933,38.140082
241,72,23.845402,38.139644
241,73,23.845402,38.139632
241,74,23.843802,38.138244
241,75,23.841072,38.134505
241,76,23.840632,38.131805
241,77,23.841122,38.130984
241,78,23.840992,38.131023
241,79,23.840992,38.130973
241,80,23.841091,38.131011
241,81,23.840891,38.131221
241,82,23.840579,38.131763
241,83,23.83947,38.131282
241,84,23.83762,38.127544
241,85,23.83481,38.122615
241,86,23.83123,38.118965
241,87,23.829189,38.117743
241,88,23.826568,38.115085
241,89,23.824449,38.113875
241,90,23.82362,38.112167
241,91,23.820499,38.109115
241,92,23.815889,38.104846
241,93,23.808988,38.101898
241,94,23.801899,38.099116
241,95,23.795179,38.096316
241,96,23.791679,38.092578
241,97,23.7913,38.09209
241,98,23.79105,38.09201
241,99,23.79025,38.09098
241,100,23.788021,38.088218
241,101,23.787841,38.087119
241,102,23.787783,38.08657
241,103,23.787182,38.086001
241,104,23.786682,38.085379
241,105,23.786081,38.084659
241,106,23.785992,38.084449
241,107,23.786272,38.08464
241,108,23.786272,38.08464
241,109,23.786513,38.084868
241,110,23.786702,38.085078
241,111,23.786733,38.085097
241,112,23.786684,38.08506
241,113,23.786184,38.084499
241,114,23.786184,38.08451
241,115,23.785974,38.084521
241,116,23.786385,38.084972
241,117,23.787143,38.085971
241,118,23.787393,38.087142
241,119,23.788774,38.089111
241,120,23.790675,38.091342
241,121,23.790754,38.091922
241,122,23.792185,38.093284
241,123,23.793855,38.095305
241,124,23.795975,38.096816
241,125,23.799845,38.098346
241,126,23.804064,38.099998
241,127,23.807894,38.101546
241,128,23.812184,38.103297
241,129,23.814274,38.105266
241,130,23.815813,38.105407
241,131,23.819652,38.108428
241,132,23.823492,38.112708
241,133,23.826412,38.114909
241,134,23.829623,38.11824
241,135,23.831223,38.118881
241,136,23.833803,38.1216
241,137,23.837044,38.126391
241,138,23.839414,38.131362
241,139,23.840595,38.131473
241,140,23.840626,38.131381
241,141,23.840635,38.131369
241,142,23.840775,38.13121
241,143,23.840805,38.131179
241,144,23.840875,38.131118
241,145,23.840875,38.131137
241,146,23.840935,38.131088
241,147,23.841074,38.130916
241,148,23.841024,38.130946
241,149,23.841065,38.131027
241,150,23.841045,38.131064
241,151,23.841026,38.131064
241,152,23.840777,38.131324
241,153,23.839836,38.131866
241,154,23.839315,38.131126
241,155,23.837496,38.127376
241,156,23.837376,38.125987
241,157,23.839146,38.126308
241,158,23.841995,38.126949
241,159,23.844326,38.126929
241,160,23.847126,38.128718
241,161,23.850716,38.129878
241,162,23.854826,38.13079
241,163,23.856346,38.131091
241,164,23.858746,38.131572
241,165,23.859096,38.131622
241,166,23.859226,38.131553
241,167,23.858436,38.130592
241,168,23.857036,38.1282
241,169,23.856136,38.12466
241,170,23.858027,38.122451
241,171,23.857385,38.11946
241,172,23.853167,38.115882
241,173,23.850536,38.114181
241,174,23.852466,38.113242
241,175,23.855655,38.111182
241,176,23.860056,38.108951
241,177,23.863867,38.106841
241,178,23.868207,38.10538
241,179,23.873257,38.103728
241,180,23.877787,38.102599
241,181,23.883207,38.101749
241,182,23.887568,38.099028
241,183,23.887197,38.097789
241,184,23.885646,38.096629
241,185,23.884506,38.095748
241,186,23.884645,38.095107
241,187,23.885867,38.094405
241,188,23.886816,38.094135
241,189,23.886927,38.093795
241,190,23.886986,38.094127
241,191,23.885605,38.095706
241,192,23.886705,38.097278
241,193,23.887645,38.099018
241,194,23.883606,38.101596
241,195,23.877065,38.102355
241,196,23.871776,38.104243
241,197,23.867296,38.105624
241,198,23.863306,38.107215
241,199,23.858856,38.109946
241,200,23.853527,38.112457
241,201,23.850798,38.114077
241,202,23.850968,38.114627
241,203,23.854868,38.116988
241,204,23.857528,38.119479
241,205,23.858059,38.120257
241,206,23.858339,38.120719
241,207,23.85669,38.123481
241,208,23.85705,38.12807
241,209,23.85774,38.129611
241,210,23.8579,38.129851
241,211,23.858462,38.130531
241,212,23.858591,38.130679
241,213,23.859032,38.131229
241,214,23.857351,38.13129
241,215,23.853521,38.130538
241,216,23.848251,38.129336
241,217,23.84443,38.126926
241,218,23.84066,38.126674
241,219,23.83704,38.126124
241,220,23.83819,38.128673
241,221,23.84013,38.131873
241,222,23.840519,38.131793
241,223,23.840519,38.131793
241,224,23.840648,38.131633
241,225,23.840648,38.131644
241,226,23.840779,38.131465
241,227,23.840939,38.131194
241,228,23.840908,38.131156
241,229,23.840729,38.131366
241,230,23.840458,38.131446
241,231,23.840868,38.131248
241,232,23.841037,38.131018
241,233,23.841057,38.130969
241,234,23.840986,38.13103
241,235,23.840986,38.131011
241,236,23.840927,38.131252
241,237,23.840887,38.131263
241,238,23.840727,38.131492
241,239,23.839857,38.132151
241,240,23.841007,38.134341
241,241,23.842847,38.137763
241,242,23.845417,38.139174
241,243,23.845436,38.139186
241,244,23.845056,38.140044
241,245,23.844717,38.141185
241,246,23.846237,38.143036
241,247,23.846247,38.143054
241,248,23.846407,38.142845
241,249,23.846487,38.142806
241,250,23.846268,38.143016
241,251,23.845457,38.142036
241,252,23.845336,38.139884
241,253,23.845368,38.139106
241,254,23.842497,38.137317
241,255,23.840156,38.132808
241,256,23.840647,38.131709
241,257,23.841017,38.131069
241,258,23.840917,38.131129
241,259,23.840957,38.131118
241,260,23.841038,38.130919
241,261,23.841028,38.13098
241,262,23.841098,38.130889
241,263,23.841,38.130889
241,264,23.841098,38.130889
241,265,23.841019,38.131019
241,266,23.841009,38.131069
241,267,23.84095,38.130939
241,268,23.84099,38.13095
241,269,23.841101,38.131068
241,270,23.841061,38.131148
241,271,23.841191,38.131358
