242,1,23.841108,38.131133
242,2,23.841068,38.131083
242,3,23.841099,38.130965
242,4,23.84108,38.130935
242,5,23.84111,38.131015
242,6,23.841039,38.131107
242,7,23.841039,38.131118
242,8,23.840719,38.131499
242,9,23.839809,38.13185
242,10,23.838869,38.130119
242,11,23.837068,38.1263
242,12,23.834608,38.122432
242,13,23.831058,38.118732
242,14,23.829189,38.116893
242,15,23.82909,38.116092
242,16,23.828939,38.114822
242,17,23.82716,38.11288
242,18,23.826,38.11087
242,19,23.82608,38.110069
242,20,23.826139,38.10839
242,21,23.826238,38.10609
242,22,23.826069,38.104049
242,23,23.825797,38.10197
242,24,23.825508,38.100379
242,25,23.825508,38.09999
242,26,23.825187,38.099632
242,27,23.824558,38.09841
242,28,23.824078,38.09661
242,29,23.823368,38.094722
242,30,23.822068,38.092681
242,31,23.821617,38.09193
242,32,23.821266,38.091628
242,33,23.821097,38.091487
242,34,23.820727,38.091186
242,35,23.820436,38.090964
242,36,23.819727,38.090186
242,37,23.818117,38.088878
242,38,23.817648,38.088328
242,39,23.817608,38.088279
242,40,23.817817,38.087989
242,41,23.818748,38.08638
242,42,23.818939,38.0834
242,43,23.819698,38.080489
242,44,23.820368,38.07841
242,45,23.820528,38.07791
242,46,23.820867,38.07698
242,47,23.821028,38.07611
242,48,23.820988,38.074829
242,49,23.820878,38.073737
242,50,23.820747,38.070716
242,51,23.821068,38.067626
242,52,23.821549,38.066776
242,53,23.823648,38.066657
242,54,23.826498,38.066306
242,55,23.826718,38.064418
242,56,23.830498,38.063216
242,57,23.832977,38.061957
242,58,23.833178,38.06184
242,59,23.833798,38.061508
242,60,23.834137,38.061359
242,61,23.834698,38.061088
242,62,23.835478,38.060859
242,63,23.835879,38.060798
242,64,23.836079,38.060337
242,65,23.835958,38.059898
242,66,23.835798,38.059436
242,67,23.835687,38.059085
242,68,23.836798,38.058924
242,69,23.838257,38.057575
242,70,23.838676,38.054953
242,71,23.838936,38.052486
242,72,23.838646,38.051894
242,73,23.839155,38.051406
242,74,23.839685,38.048946
242,75,23.839345,38.047027
242,76,23.838825,38.046306
242,77,23.836925,38.044837
242,78,23.836845,38.044788
242,79,23.836845,38.044788
242,80,23.837366,38.044219
242,81,23.837927,38.043758
242,82,23.838266,38.043506
242,83,23.839186,38.042797
242,84,23.838865,38.042285
242,85,23.838045,38.041743
242,86,23.837045,38.042613
242,87,23.836956,38.042663
242,88,23.837196,38.042812
242,89,23.837098,38.042583
242,90,23.836567,38.042891
242,91,23.835747,38.043601
242,92,23.836256,38.044143
242,93,23.838945,38.046154
242,94,23.839275,38.046424
242,95,23.839525,38.046844
242,96,23.839876,38.048904
242,97,23.839706,38.050365
242,98,23.839656,38.050865
242,99,23.839546,38.051135
242,100,23.839096,38.051486
242,101,23.839077,38.051497
242,102,23.839237,38.052009
242,103,23.840878,38.053028
242,104,23.842508,38.054466
242,105,23.839638,38.055976
242,106,23.838037,38.058406
242,107,23.836307,38.058764
242,108,23.836058,38.059566
242,109,23.835437,38.060874
242,110,23.830748,38.063132
242,111,23.826298,38.064891
242,112,23.825317,38.066402
242,113,23.822107,38.066631
242,114,23.821157,38.066642
242,115,23.821148,38.068603
242,116,23.820997,38.072292
242,117,23.821167,38.074131
242,118,23.821057,38.076548
242,119,23.820507,38.07833
242,120,23.819807,38.080371
242,121,23.818796,38.083942
242,122,23.818595,38.086933
242,123,23.818606,38.086944
242,124,23.818525,38.087215
242,125,23.818525,38.087215
242,126,23.818436,38.087435
242,127,23.818405,38.087466
242,128,23.818054,38.087787
242,129,23.818054,38.087798
242,130,23.817743,38.087909
242,131,23.817713,38.087928
242,132,23.818023,38.088698
242,133,23.819005,38.089378
242,134,23.819383,38.089729
242,135,23.820343,38.090728
242,136,23.822363,38.092979
242,137,23.823553,38.094958
242,138,23.824383,38.097697
242,139,23.824823,38.098789
242,140,23.825425,38.100478
242,141,23.825804,38.102679
242,142,23.825863,38.103141
242,143,23.826063,38.10501
242,144,23.826004,38.107798
242,145,23.825854,38.110458
242,146,23.827673,38.113117
242,147,23.829063,38.115428
242,148,23.829214,38.116718
242,149,23.831743,38.119266
242,150,23.836174,38.124347
242,151,23.838264,38.128665
242,152,23.839724,38.131664
242,153,23.840923,38.131233
242,154,23.840994,38.131163
242,155,23.841034,38.131083
242,156,23.841074,38.130912
242,157,23.841203,38.130851
242,158,23.841123,38.130919
242,159,23.841074,38.131099
242,160,23.841014,38.131168
242,161,23.840604,38.131808
242,162,23.839364,38.131137
242,163,23.837575,38.127479
242,164,23.837625,38.125999
242,165,23.839945,38.12659
242,166,23.842195,38.127021
242,167,23.845146,38.1273
242,168,23.848686,38.129588
242,169,23.853276,38.130527
242,170,23.855785,38.131008
242,171,23.858315,38.131496
242,172,23.859095,38.131644
242,173,23.858564,38.130775
242,174,23.856714,38.127304
242,175,23.856973,38.123183
242,176,23.858355,38.120933
242,177,23.855755,38.118263
242,178,23.851355,38.114951
242,179,23.850645,38.114212
242,180,23.852656,38.11317
242,181,23.856396,38.110962
242,182,23.860667,38.108661
242,183,23.863006,38.107329
242,184,23.865636,38.10612
242,185,23.869597,38.1049
242,186,23.874256,38.103191
242,187,23.879116,38.10245
242,188,23.884127,38.101359
242,189,23.887667,38.10017
242,190,23.888996,38.100341
242,191,23.891386,38.10099
242,192,23.892816,38.10144
242,193,23.893868,38.102298
242,194,23.893948,38.102359
242,195,23.894107,38.10242
242,196,23.894139,38.102729
242,197,23.894219,38.102618
242,198,23.894129,38.10244
242,199,23.89412,38.1025
242,200,23.893629,38.102012
242,201,23.89115,38.10097
242,202,23.888489,38.100379
242,203,23.885729,38.100631
242,204,23.881418,38.10218
242,205,23.875668,38.102409
242,206,23.870167,38.104808
242,207,23.865577,38.106178
242,208,23.863247,38.107299
242,209,23.858797,38.109988
242,210,23.853896,38.11219
242,211,23.850607,38.114238
242,212,23.854137,38.116347
242,213,23.857957,38.119926
242,214,23.857437,38.122745
242,215,23.856518,38.126246
242,216,23.857618,38.129398
242,217,23.859067,38.131217
242,218,23.858458,38.131458
242,219,23.855347,38.130877
242,220,23.851087,38.129939
242,221,23.846897,38.128501
242,222,23.843446,38.12712
242,223,23.839157,38.126289
242,224,23.837248,38.126639
242,225,23.838858,38.1301
242,226,23.840608,38.13156
242,227,23.840819,38.131289
242,228,23.840849,38.131252
242,229,23.840868,38.131202
242,230,23.841038,38.1309
242,231,23.841038,38.1309
242,232,23.840917,38.131171
242,233,23.840767,38.1314
242,234,23.839777,38.131862
242,235,23.838487,38.129421
242,236,23.836388,38.12498
242,237,23.833057,38.12091
242,238,23.830187,38.118831
242,239,23.828157,38.116672
242,240,23.824947,38.114081
242,241,23.823628,38.113063
242,242,23.822169,38.110652
242,243,23.817808,38.106414
242,244,23.811317,38.102756
242,245,23.804078,38.099906
242,246,23.796988,38.097167
242,247,23.792287,38.093246
242,248,23.791378,38.092056
242,249,23.791348,38.092018
242,250,23.789848,38.090068
242,251,23.786259,38.085417
242,252,23.782139,38.080046
242,253,23.77686,38.075656
242,254,23.770539,38.073047
242,255,23.763998,38.070418
242,256,23.757878,38.067939
242,257,23.752638,38.06581
242,258,23.749678,38.06306
242,259,23.749807,38.061729
242,260,23.752219,38.060809
242,261,23.756209,38.059989
242,262,23.762608,38.05978
242,263,23.766648,38.058971
242,264,23.771177,38.057121
242,265,23.776317,38.054542
242,266,23.781258,38.051254
242,267,23.782837,38.049694
242,268,23.782026,38.045944
242,269,23.779167,38.042884
242,270,23.776817,38.040923
242,271,23.776777,38.040873
242,272,23.775448,38.039455
242,273,23.773678,38.037406
242,274,23.773128,38.036697
242,275,23.772049,38.035415
242,276,23.771869,38.035175
242,277,23.77183,38.035175
242,278,23.772259,38.034053
242,279,23.775138,38.032322
242,280,23.776588,38.031482
242,281,23.776607,38.031463
242,282,23.778378,38.030394
242,283,23.780718,38.028964
242,284,23.782799,38.027713
242,285,23.785488,38.026072
242,286,23.788779,38.024081
242,287,23.791378,38.022651
242,288,23.792898,38.02153
242,289,23.793958,38.02008
242,290,23.795189,38.018401
242,291,23.795589,38.018062
242,292,23.793949,38.016731
242,293,23.793048,38.016242
242,294,23.790379,38.015224
242,295,23.787588,38.013175
242,296,23.786568,38.012446
242,297,23.783777,38.010387
242,298,23.783358,38.010108
242,299,23.783497,38.009628
242,300,23.784857,38.009227
242,301,23.785266,38.009567
242,302,23.785307,38.009566
242,303,23.785538,38.009448
242,304,23.785538,38.009418
242,305,23.784948,38.009337
242,306,23.785069,38.009307
242,307,23.785238,38.009147
242,308,23.784888,38.009307
242,309,23.784958,38.009356
242,310,23.784908,38.009288
242,311,23.784198,38.009406
242,312,23.783239,38.009796
242,313,23.78323,38.009807
242,314,23.78273,38.009906
242,315,23.782301,38.009906
242,316,23.781391,38.009967
242,317,23.780521,38.010127
242,318,23.780481,38.010128
242,319,23.781262,38.011249
242,320,23.784372,38.01474
242,321,23.787702,38.018459
242,322,23.789482,38.022949
242,323,23.789892,38.027167
242,324,23.790262,38.027667
242,325,23.793072,38.030917
242,326,23.796032,38.034278
242,327,23.797232,38.035559
242,328,23.797441,38.035731
242,329,23.79824,38.036372
242,330,23.799061,38.037043
242,331,23.799372,38.037295
242,332,23.801971,38.040145
242,333,23.805332,38.044406
242,334,23.806692,38.045505
242,335,23.807993,38.048496
242,336,23.810444,38.052177
242,337,23.811304,38.053886
242,338,23.811285,38.053874
242,339,23.812025,38.055454
242,340,23.808874,38.057834
242,341,23.808775,38.059172
242,342,23.809345,38.063102
242,343,23.810185,38.066592
242,344,23.810244,38.066673
242,345,23.811113,38.068652
242,346,23.811144,38.069953
242,347,23.811203,38.071391
242,348,23.812174,38.072921
242,349,23.812115,38.075431
242,350,23.812074,38.075751
242,351,23.813104,38.077811
242,352,23.814544,38.08084
242,353,23.815335,38.08266
242,354,23.815884,38.083381
242,355,23.815963,38.083491
242,356,23.816013,38.08356
242,357,23.816133,38.083869
242,358,23.816414,38.084598
242,359,23.816433,38.085647
242,360,23.816433,38.086295
242,361,23.816594,38.086703
242,362,23.816923,38.087203
242,363,23.817142,38.087561
242,364,23.817333,38.087802
242,365,23.817774,38.08845
242,366,23.819164,38.089492
242,367,23.820635,38.090854
242,368,23.821905,38.092163
242,369,23.823305,38.094383
242,370,23.824206,38.097083
242,371,23.824695,38.098392
242,372,23.825445,38.099513
242,373,23.825625,38.101222
242,374,23.825844,38.103473
242,375,23.825854,38.106082
242,376,23.825873,38.108661
242,377,23.826073,38.110881
242,378,23.826113,38.11098
242,379,23.827454,38.113109
242,380,23.828983,38.115309
242,381,23.829153,38.116839
242,382,23.831382,38.11896
242,383,23.835802,38.123741
242,384,23.838201,38.128692
242,385,23.839953,38.131842
242,386,23.840803,38.131443
242,387,23.841103,38.130962
242,388,23.841032,38.130999
242,389,23.841051,38.130969
242,390,23.841101,38.131148
242,391,23.841001,38.131267
242,392,23.84085,38.131477
242,393,23.84077,38.131588
242,394,23.839732,38.131759
242,395,23.838442,38.129169
242,396,23.836512,38.12514
242,397,23.833101,38.120928
242,398,23.83023,38.118907
242,399,23.82872,38.117359
242,400,23.82615,38.114756
242,401,23.824581,38.114017
242,402,23.823742,38.112556
242,403,23.821161,38.109756
242,404,23.816601,38.105376
242,405,23.80993,38.102324
242,406,23.803541,38.099784
242,407,23.79767,38.097503
242,408,23.79413,38.095492
242,409,23.7925,38.093582
242,410,23.79167,38.092513
242,411,23.790801,38.091945
242,412,23.789649,38.090144
242,413,23.78804,38.087966
242,414,23.78796,38.087085
242,415,23.78805,38.086807
242,416,23.787599,38.086406
242,417,23.786959,38.085628
242,418,23.786298,38.084826
242,419,23.78587,38.084327
242,420,23.786199,38.084438
242,421,23.786919,38.084716
242,422,23.786728,38.084636
242,423,23.786139,38.084395
242,424,23.786197,38.084655
242,425,23.787178,38.085883
242,426,23.787847,38.086822
242,427,23.787829,38.086822
242,428,23.788429,38.087661
242,429,23.78977,38.089419
242,430,23.79059,38.090659
242,431,23.7911,38.091308
242,432,23.79273,38.093497
242,433,23.797541,38.097228
242,434,23.804891,38.100059
242,435,23.811833,38.102729
242,436,23.815101,38.103869
242,437,23.81512,38.1039
242,438,23.814681,38.105079
242,439,23.81757,38.106479
242,440,23.822029,38.11077
242,441,23.82516,38.114082
242,442,23.82864,38.117183
242,443,23.83087,38.118743
242,444,23.833161,38.121123
242,445,23.83671,38.125763
242,446,23.839359,38.131152
242,447,23.840679,38.131553
242,448,23.840919,38.131343
242,449,23.840888,38.131293
242,450,23.840889,38.131175
242,451,23.841028,38.131015
242,452,23.841068,38.131004
242,453,23.840917,38.131305
242,454,23.840467,38.131873
242,455,23.839668,38.131782
242,456,23.838909,38.130283
242,457,23.83721,38.126663
242,458,23.83782,38.126033
242,459,23.84014,38.126655
242,460,23.842339,38.127105
242,461,23.844908,38.127166
242,462,23.848117,38.129337
242,463,23.852188,38.130317
242,464,23.855288,38.130927
242,465,23.856857,38.131248
242,466,23.859028,38.131679
242,467,23.859167,38.131561
242,468,23.857606,38.129699
242,469,23.856266,38.125529
242,470,23.858106,38.122439
242,471,23.858276,38.120948
242,472,23.856806,38.119098
242,473,23.852887,38.115756
242,474,23.850577,38.114646
242,475,23.850847,38.114116
242,476,23.852858,38.112968
242,477,23.856709,38.110877
242,478,23.860849,38.108577
242,479,23.86484,38.106426
242,480,23.869739,38.104915
242,481,23.87418,38.103293
242,482,23.878731,38.102615
242,483,23.8836,38.101654
242,484,23.88699,38.100505
242,485,23.8895,38.100414
242,486,23.89164,38.101214
242,487,23.892861,38.101695
242,488,23.893079,38.101905
242,489,23.893139,38.101813
242,490,23.893438,38.101993
242,491,23.893749,38.102252
242,492,23.89399,38.102462
242,493,23.89412,38.102523
242,494,23.893999,38.102375
242,495,23.892479,38.101356
242,496,23.890018,38.100345
242,497,23.887828,38.100326
242,498,23.88489,38.101375
242,499,23.879549,38.102596
242,500,23.873989,38.103576
242,501,23.868479,38.105437
242,502,23.86344,38.107268
242,503,23.85904,38.109977
242,504,23.8541,38.112098
242,505,23.850809,38.114089
242,506,23.85137,38.114738
242,507,23.85545,38.117606
242,508,23.858428,38.121165
242,509,23.85623,38.124576
242,510,23.857709,38.129527
242,511,23.858829,38.131488
242,512,23.856499,38.131068
242,513,23.855118,38.130817
242,514,23.850718,38.129855
242,515,23.846508,38.128215
242,516,23.843458,38.127166
242,517,23.839808,38.126567
242,518,23.837137,38.126246
242,519,23.838358,38.128898
242,520,23.840348,38.131828
242,521,23.840908,38.131156
242,522,23.840899,38.130786
242,523,23.840888,38.130775
242,524,23.84108,38.130854
242,525,23.84103,38.130946
242,526,23.84103,38.130935
242,527,23.840971,38.130725
242,528,23.84086,38.130706
242,529,23.84086,38.130717
242,530,23.841061,38.130847
242,531,23.841091,38.130946
242,532,23.841051,38.130935
242,533,23.8409,38.131175
242,534,23.8407,38.131324
242,535,23.840681,38.131324
242,536,23.840671,38.131625
242,537,23.839761,38.131816
242,538,23.838821,38.130046
242,539,23.836871,38.125926
242,540,23.833702,38.121555
242,541,23.830822,38.118743
242,542,23.829191,38.117893
242,543,23.826771,38.115363
242,544,23.824612,38.114055
242,545,23.823752,38.112636
242,546,23.821452,38.110034
242,547,23.817232,38.105953
242,548,23.811031,38.102702
242,549,23.804451,38.100101
242,550,23.798142,38.097682
242,551,23.793152,38.094421
242,552,23.790781,38.091312
242,553,23.787641,38.08726
242,554,23.784231,38.08276
242,555,23.780852,38.07857
242,556,23.776241,38.075389
242,557,23.770481,38.073051
242,558,23.76444,38.070632
242,559,23.75873,38.06832
242,560,23.753509,38.066191
242,561,23.74901,38.061
242,562,23.74634,38.05685
242,563,23.745199,38.053878
242,564,23.743118,38.050407
242,565,23.740787,38.048278
242,566,23.737768,38.045489
242,567,23.734407,38.041999
242,568,23.733778,38.03855
242,569,23.732338,38.036121
242,570,23.729377,38.031871
242,571,23.726888,38.027129
242,572,23.724918,38.022178
242,573,23.721279,38.017817
242,574,23.71827,38.013747
242,575,23.71645,38.009536
242,576,23.71211,38.006088
242,577,23.707131,38.003188
242,578,23.701879,38.000518
242,579,23.69668,37.998187
242,580,23.692539,37.994899
242,581,23.688749,37.991618
242,582,23.687769,37.989829
242,583,23.690689,37.988399
242,584,23.694339,37.987518
242,585,23.69813,37.986308
242,586,23.701319,37.985008
242,587,23.703909,37.98394
242,588,23.707298,37.982459
242,589,23.708248,37.982139
242,590,23.708788,37.981757
242,591,23.708018,37.980216
242,592,23.707808,37.979777
242,593,23.706757,37.978019
242,594,23.705957,37.976749
242,595,23.705408,37.97681
242,596,23.705408,37.977031
242,597,23.705547,37.977802
242,598,23.705797,37.978332
242,599,23.705748,37.97832
242,600,23.706068,37.979098
242,601,23.706009,37.979678
242,602,23.705408,37.979289
242,603,23.705189,37.97895
242,604,23.705078,37.978938
242,605,23.705458,37.978869
242,606,23.705887,37.978649
242,607,23.706007,37.978809
242,608,23.705935,37.9789
242,609,23.705314,37.97914
242,610,23.704975,37.979178
242,611,23.704944,37.97914
242,612,23.704655,37.979159
242,613,23.704436,37.979869
242,614,23.705576,37.979831
242,615,23.707596,37.979991
242,616,23.707614,37.97998
242,617,23.707824,37.979949
242,618,23.708484,37.981429
242,619,23.709114,37.9827
242,620,23.710074,37.984641
242,621,23.710333,37.984973
242,622,23.710484,37.985183
242,623,23.712022,37.986675
242,624,23.714141,37.987613
242,625,23.716581,37.988883
242,626,23.71495,37.991103
242,627,23.71393,37.992565
242,628,23.713421,37.993446
242,629,23.713581,37.994277
242,630,23.714131,37.994437
242,631,23.71598,37.995109
242,632,23.715691,37.996539
242,633,23.7155,37.997699
242,634,23.715469,37.99765
242,635,23.71522,37.998797
242,636,23.715239,38.000297
242,637,23.715958,38.001155
242,638,23.716578,38.001994
242,639,23.716928,38.003005
242,640,23.717169,38.004066
242,641,23.717319,38.004707
242,642,23.71739,38.004798
242,643,23.71747,38.00505
242,644,23.71749,38.00508
242,645,23.71747,38.005401
242,646,23.71628,38.00693
242,647,23.716119,38.007152
242,648,23.715919,38.007323
242,649,23.715689,38.007663
242,650,23.715689,38.007682
242,651,23.715498,38.007923
242,652,23.717588,38.009872
242,653,23.719127,38.015052
242,654,23.723638,38.019271
242,655,23.725969,38.024531
242,656,23.72827,38.029651
242,657,23.731369,38.034301
242,658,23.734209,38.039581
242,659,23.73717,38.04481
242,660,23.742039,38.049182
242,661,23.745619,38.054492
242,662,23.748879,38.060752
242,663,23.753508,38.065963
242,664,23.761278,38.069133
242,665,23.769058,38.072265
242,666,23.776718,38.075397
242,667,23.782639,38.080398
242,668,23.786788,38.085746
242,669,23.790578,38.090655
242,670,23.79126,38.091544
242,671,23.79157,38.091945
242,672,23.79429,38.095286
242,673,23.800511,38.098315
242,674,23.8073,38.100997
242,675,23.813801,38.103358
242,676,23.814611,38.105117
242,677,23.81755,38.106479
242,678,23.821911,38.11066
242,679,23.824942,38.11402
242,680,23.827683,38.116172
242,681,23.830473,38.11872
242,682,23.832613,38.120452
242,683,23.836132,38.124523
242,684,23.838442,38.129321
242,685,23.840382,38.131881
242,686,23.840842,38.131301
242,687,23.840971,38.13108
242,688,23.840961,38.130881
242,689,23.840881,38.130851
242,690,23.840881,38.130851
242,691,23.840881,38.130862
242,692,23.841001,38.130752
242,693,23.840921,38.13111
242,694,23.840971,38.131209
242,695,23.841061,38.13116
242,696,23.84098,38.131228
