243,1,23.715188,38.071342
243,2,23.715189,38.07138
243,3,23.715238,38.071788
243,4,23.716549,38.071528
243,5,23.717548,38.07175
243,6,23.719398,38.07418
243,7,23.722309,38.07682
243,8,23.723779,38.079158
243,9,23.725399,38.078628
243,10,23.729509,38.079287
243,11,23.730169,38.081096
243,12,23.730259,38.083777
243,13,23.730259,38.084727
243,14,23.730598,38.087348
243,15,23.733418,38.089378
243,16,23.736748,38.089717
243,17,23.740118,38.089835
243,18,23.743538,38.088626
243,19,23.745289,38.086788
243,20,23.745249,38.084556
243,21,23.746778,38.084796
243,22,23.749838,38.086135
243,23,23.751078,38.086665
243,24,23.755398,38.088577
243,25,23.759128,38.090217
243,26,23.763837,38.091426
243,27,23.768787,38.092086
243,28,23.772337,38.092556
243,29,23.773816,38.092696
243,30,23.776397,38.091125
243,31,23.780107,38.091525
243,32,23.783637,38.090865
243,33,23.785877,38.090805
243,34,23.786898,38.091285
243,35,23.787949,38.091354
243,36,23.789527,38.091316
243,37,23.790527,38.091964
243,38,23.791508,38.092365
243,39,23.793417,38.094794
243,40,23.796467,38.097026
243,41,23.801937,38.099147
243,42,23.806726,38.101077
243,43,23.810516,38.102569
243,44,23.814297,38.10527
243,45,23.817337,38.10617
243,46,23.821887,38.110511
243,47,23.824589,38.114039
243,48,23.828329,38.116698
243,49,23.830768,38.11864
243,50,23.833319,38.121161
243,51,23.837089,38.126453
243,52,23.839489,38.131362
243,53,23.84071,38.131504
243,54,23.84086,38.131202
243,55,23.840851,38.131122
243,56,23.841061,38.130844
243,57,23.841071,38.130935
243,58,23.84091,38.131286
243,59,23.8409,38.131286
243,60,23.840681,38.131606
243,61,23.839791,38.131896
243,62,23.83883,38.130088
243,63,23.836961,38.126117
243,64,23.834102,38.121947
243,65,23.831003,38.118789
243,66,23.828943,38.11766
243,67,23.826223,38.114898
243,68,23.823324,38.113639
243,69,23.821603,38.110469
243,70,23.818104,38.107078
243,71,23.814594,38.105559
243,72,23.814624,38.104709
243,73,23.811834,38.103137
243,74,23.806244,38.100898
243,75,23.800444,38.09864
243,76,23.794785,38.096111
243,77,23.791445,38.092292
243,78,23.788293,38.088191
243,79,23.784852,38.083712
243,80,23.781723,38.079872
243,81,23.779413,38.07767
243,82,23.780443,38.077602
243,83,23.781824,38.079021
243,84,23.782654,38.080192
243,85,23.784384,38.08248
243,86,23.785882,38.084342
243,87,23.786173,38.08446
243,88,23.786173,38.084552
243,89,23.786172,38.084632
243,90,23.785942,38.084552
243,91,23.785961,38.084533
243,92,23.786662,38.084632
243,93,23.787012,38.08475
243,94,23.787522,38.084941
243,95,23.787111,38.084682
243,96,23.786061,38.084292
243,97,23.786341,38.08478
243,98,23.78638,38.08485
243,99,23.787509,38.08639
243,100,23.788891,38.08821
243,101,23.78981,38.089511
243,102,23.7908,38.090873
243,103,23.791559,38.091872
243,104,23.794859,38.095771
243,105,23.801579,38.098662
243,106,23.806889,38.100784
243,107,23.813158,38.103115
243,108,23.815009,38.104335
243,109,23.816208,38.105465
243,110,23.819779,38.108493
243,111,23.823509,38.112292
243,112,23.826139,38.114604
243,113,23.829251,38.117755
243,114,23.831141,38.118846
243,115,23.834101,38.121947
243,116,23.8372,38.126777
243,117,23.83958,38.131599
243,118,23.84079,38.131388
243,119,23.840839,38.13132
243,120,23.84083,38.131308
243,121,23.84088,38.131129
243,122,23.840869,38.13111
243,123,23.84107,38.130859
243,124,23.841,38.130908
243,125,23.840769,38.131187
243,126,23.840698,38.131304
243,127,23.840439,38.131816
243,128,23.839489,38.131526
243,129,23.838228,38.128978
243,130,23.836678,38.125708
243,131,23.835336,38.123687
243,132,23.836157,38.125728
243,133,23.837377,38.128287
243,134,23.838828,38.131419
243,135,23.840597,38.134868
243,136,23.841137,38.136737
243,137,23.840237,38.136485
243,138,23.839675,38.137077
243,139,23.839646,38.137168
243,140,23.839615,38.137187
243,141,23.839575,38.137187
243,142,23.839495,38.137157
243,143,23.839945,38.136607
243,144,23.840885,38.136596
243,145,23.840786,38.135535
243,146,23.838985,38.131957
243,147,23.836485,38.126758
243,148,23.835075,38.123759
243,149,23.836266,38.1249
243,150,23.838295,38.12908
243,151,23.840265,38.131862
243,152,23.840845,38.131122
243,153,23.840894,38.131152
243,154,23.840954,38.130992
243,155,23.840963,38.130893
243,156,23.841034,38.130943
243,157,23.841084,38.131133
243,158,23.840985,38.131163
243,159,23.840794,38.131335
243,160,23.840803,38.131335
243,161,23.840803,38.131373
243,162,23.839983,38.131915
243,163,23.840384,38.133117
243,164,23.841854,38.136077
243,165,23.844253,38.138198
243,166,23.845413,38.139056
243,167,23.845463,38.139728
243,168,23.844642,38.141067
243,169,23.846182,38.142947
243,170,23.846321,38.142959
243,171,23.84679,38.142588
243,172,23.84634,38.14297
243,173,23.844619,38.141139
243,174,23.845271,38.138598
243,175,23.841841,38.136131
243,176,23.839891,38.131931
243,177,23.840862,38.131308
243,178,23.840902,38.130797
243,179,23.840982,38.130767
243,180,23.840933,38.130816
243,181,23.841004,38.130755
243,182,23.840923,38.131225
243,183,23.840562,38.131694
243,184,23.840344,38.131546
243,185,23.840254,38.131797
243,186,23.840347,38.131656
