244,1,23.840626,38.131717
244,2,23.841036,38.131228
244,3,23.840946,38.131137
244,4,23.840947,38.130806
244,5,23.841035,38.130866
244,6,23.840955,38.130958
244,7,23.841006,38.130958
244,8,23.840916,38.131156
244,9,23.840805,38.131328
244,10,23.840785,38.131419
244,11,23.840157,38.131858
244,12,23.839206,38.130839
244,13,23.837575,38.127491
244,14,23.835266,38.123172
244,15,23.831615,38.11941
244,16,23.829416,38.118159
244,17,23.826826,38.11544
244,18,23.823397,38.113761
244,19,23.821186,38.110042
244,20,23.817146,38.106211
244,21,23.814396,38.105273
244,22,23.814706,38.104415
244,23,23.814318,38.104163
244,24,23.809828,38.102275
244,25,23.803917,38.099925
244,26,23.797706,38.097544
244,27,23.793087,38.094413
244,28,23.791336,38.092192
244,29,23.791127,38.091995
244,30,23.789387,38.091365
244,31,23.786627,38.091175
244,32,23.783327,38.091056
244,33,23.778698,38.091246
244,34,23.777898,38.091067
244,35,23.77743,38.091048
244,36,23.776599,38.09114
244,37,23.776559,38.091151
244,38,23.77589,38.091552
244,39,23.775641,38.091762
244,40,23.77531,38.092032
244,41,23.7747,38.092383
244,42,23.7747,38.092383
244,43,23.77421,38.092624
244,44,23.77157,38.092513
244,45,23.76918,38.092212
244,46,23.767641,38.092162
244,47,23.769331,38.093582
244,48,23.771341,38.095573
244,49,23.76897,38.096523
244,50,23.765029,38.097743
244,51,23.76239,38.098575
244,52,23.759029,38.099574
244,53,23.7561,38.100303
244,54,23.7572,38.101863
244,55,23.75913,38.104823
244,56,23.76067,38.108031
244,57,23.76082,38.110961
244,58,23.761792,38.112102
244,59,23.763041,38.11238
244,60,23.763211,38.112449
244,61,23.763201,38.112319
244,62,23.763441,38.1127
244,63,23.764052,38.113121
244,64,23.764012,38.113059
244,65,23.764132,38.112998
244,66,23.763252,38.112429
244,67,23.762322,38.112151
244,68,23.762822,38.109691
244,69,23.763121,38.108489
244,70,23.7635,38.107039
244,71,23.763669,38.105678
244,72,23.764071,38.103957
244,73,23.763831,38.102046
244,74,23.76355,38.101027
244,75,23.76272,38.099448
244,76,23.76303,38.098339
244,77,23.764342,38.099159
244,78,23.766482,38.101477
244,79,23.769731,38.101077
244,80,23.774101,38.100128
244,81,23.776642,38.100688
244,82,23.779121,38.100047
244,83,23.782021,38.101397
244,84,23.787522,38.105048
244,85,23.7907,38.10947
244,86,23.789511,38.115241
244,87,23.790871,38.12012
244,88,23.79373,38.125221
244,89,23.795268,38.125121
244,90,23.798269,38.119731
244,91,23.801359,38.114142
244,92,23.804079,38.109233
244,93,23.806198,38.105575
244,94,23.806988,38.106937
244,95,23.808628,38.106185
244,96,23.809738,38.106666
244,97,23.813117,38.106604
244,98,23.815988,38.105426
244,99,23.820028,38.108757
244,100,23.823438,38.113597
244,101,23.827379,38.115829
244,102,23.830419,38.118728
244,103,23.832919,38.120849
244,104,23.836451,38.125221
244,105,23.838532,38.129489
244,106,23.840622,38.131678
244,107,23.840903,38.13111
244,108,23.840892,38.13111
244,109,23.841043,38.130931
244,110,23.841074,38.130931
244,111,23.840975,38.130992
244,112,23.841034,38.130962
244,113,23.840994,38.131172
244,114,23.840974,38.131202
244,115,23.840444,38.131873
244,116,23.839344,38.131133
244,117,23.837704,38.127803
244,118,23.835915,38.124153
244,119,23.832405,38.120292
244,120,23.830745,38.118743
244,121,23.829506,38.118224
244,122,23.827406,38.115985
244,123,23.824655,38.114104
244,124,23.823635,38.112846
244,125,23.823046,38.111617
244,126,23.820076,38.108726
244,127,23.815987,38.104957
244,128,23.809946,38.102287
244,129,23.803196,38.099635
244,130,23.796387,38.096995
244,131,23.792437,38.093573
244,132,23.791505,38.092384
244,133,23.789726,38.090064
244,134,23.786575,38.086006
244,135,23.783306,38.081725
244,136,23.779717,38.077636
244,137,23.775486,38.075126
244,138,23.770487,38.073115
244,139,23.765337,38.071067
244,140,23.760357,38.069099
244,141,23.759247,38.069159
244,142,23.759866,38.068099
244,143,23.759746,38.066077
244,144,23.758916,38.064769
244,145,23.758146,38.06393
244,146,23.758106,38.063861
244,147,23.757027,38.062183
244,148,23.756397,38.060523
244,149,23.756276,38.060184
244,150,23.756227,38.059642
244,151,23.755688,38.058841
244,152,23.754757,38.057509
244,153,23.753696,38.05606
244,154,23.752226,38.053802
244,155,23.751266,38.05231
244,156,23.751908,38.05189
244,157,23.751537,38.050682
244,158,23.751007,38.049621
244,159,23.752417,38.048991
244,160,23.755096,38.048072
244,161,23.755476,38.047873
244,162,23.756056,38.047603
244,163,23.756167,38.047584
244,164,23.756727,38.047244
244,165,23.756827,38.047206
244,166,23.757027,38.047034
244,167,23.757277,38.046855
244,168,23.757416,38.046775
244,169,23.757726,38.046466
244,170,23.757776,38.046466
244,171,23.758136,38.046127
244,172,23.758797,38.045295
244,173,23.759727,38.043784
244,174,23.760788,38.042625
244,175,23.762697,38.042064
244,176,23.762808,38.041892
244,177,23.762487,38.041633
244,178,23.762367,38.041472
244,179,23.762398,38.041423
244,180,23.762308,38.041503
244,181,23.763039,38.041663
244,182,23.762629,38.041885
244,183,23.76043,38.042854
244,184,23.759109,38.044772
244,185,23.75856,38.045512
244,186,23.75856,38.045531
244,187,23.75804,38.04605
244,188,23.756951,38.04697
244,189,23.75561,38.04779
244,190,23.755119,38.048041
244,191,23.75334,38.048641
244,192,23.751579,38.04935
244,193,23.749939,38.049388
244,194,23.749569,38.050327
244,195,23.749229,38.051536
244,196,23.747579,38.053527
244,197,23.745301,38.055118
244,198,23.74308,38.053287
244,199,23.741729,38.051917
244,200,23.73999,38.050228
244,201,23.738229,38.048396
244,202,23.73766,38.047286
244,203,23.737589,38.047645
244,204,23.737589,38.047713
244,205,23.737638,38.048004
244,206,23.737737,38.048312
244,207,23.737808,38.048461
244,208,23.737839,38.048553
244,209,23.737909,38.048873
244,210,23.737219,38.049731
244,211,23.736849,38.050032
244,212,23.736789,38.050124
244,213,23.73613,38.050975
244,214,23.733409,38.051174
244,215,23.73214,38.051483
244,216,23.73072,38.052013
244,217,23.729721,38.052474
244,218,23.7266,38.053333
244,219,23.72294,38.054344
244,220,23.719261,38.056132
244,221,23.718651,38.057144
244,222,23.718651,38.057144
244,223,23.71797,38.058402
244,224,23.716409,38.061633
244,225,23.714859,38.064525
244,226,23.714729,38.066043
244,227,23.715809,38.068313
244,228,23.717119,38.070312
244,229,23.71764,38.071883
244,230,23.71621,38.072273
244,231,23.715189,38.071594
244,232,23.715189,38.071384
244,233,23.71513,38.071353
244,234,23.715139,38.071353
244,235,23.714179,38.071334
244,236,23.714109,38.071765
244,237,23.71516,38.071876
244,238,23.71661,38.071566
244,239,23.71738,38.071456
244,240,23.718561,38.073256
244,241,23.72084,38.075717
244,242,23.72327,38.077727
244,243,23.72384,38.079337
244,244,23.725431,38.078666
244,245,23.728901,38.079185
244,246,23.730211,38.079566
244,247,23.730221,38.082095
244,248,23.730261,38.083904
244,249,23.730261,38.084155
244,250,23.73027,38.085364
244,251,23.730551,38.087173
244,252,23.730961,38.087703
244,253,23.732111,38.088744
244,254,23.735392,38.089645
244,255,23.736481,38.089694
244,256,23.737051,38.089706
244,257,23.73752,38.089744
244,258,23.73998,38.089862
244,259,23.742839,38.089122
244,260,23.74497,38.087253
244,261,23.745241,38.085471
244,262,23.745241,38.085151
244,263,23.745231,38.08496
244,264,23.745222,38.084411
244,265,23.745281,38.08422
244,266,23.748051,38.085361
244,267,23.752981,38.087532
244,268,23.756471,38.089049
244,269,23.757372,38.089431
244,270,23.757421,38.08945
244,271,23.760021,38.090599
244,272,23.762441,38.09122
244,273,23.766503,38.09175
244,274,23.770412,38.092292
244,275,23.772521,38.092563
244,276,23.772883,38.092612
244,277,23.772912,38.092624
244,278,23.773672,38.092716
244,279,23.773972,38.092666
244,280,23.774002,38.092654
244,281,23.775901,38.091533
244,282,23.779482,38.091495
244,283,23.783892,38.090835
244,284,23.788551,38.091323
244,285,23.789011,38.091285
244,286,23.789101,38.091274
244,287,23.7896,38.091354
244,288,23.78977,38.091452
244,289,23.78995,38.091594
244,290,23.7901,38.091704
244,291,23.791059,38.092124
244,292,23.79137,38.092265
244,293,23.79147,38.092326
244,294,23.791729,38.092616
244,295,23.793348,38.094726
244,296,23.796198,38.096934
244,297,23.800379,38.098563
244,298,23.805099,38.100394
244,299,23.809148,38.102047
244,300,23.813068,38.104438
244,301,23.815668,38.105457
244,302,23.820028,38.108687
244,303,23.823519,38.113128
244,304,23.82713,38.115538
244,305,23.83054,38.118789
244,306,23.831641,38.119349
244,307,23.83527,38.123088
244,308,23.837651,38.127448
244,309,23.839769,38.131766
244,310,23.840808,38.131347
244,311,23.840819,38.131308
244,312,23.84076,38.13127
244,313,23.841089,38.1309
244,314,23.841098,38.130889
244,315,23.841018,38.130927
244,316,23.841009,38.130927
244,317,23.841049,38.131068
244,318,23.84104,38.131088
244,319,23.840839,38.131339
244,320,23.840029,38.131858
244,321,23.839078,38.130497
244,322,23.837129,38.126445
244,323,23.83387,38.121684
244,324,23.829781,38.117565
244,325,23.82703,38.114833
244,326,23.82403,38.111885
244,327,23.82057,38.108603
244,328,23.817511,38.105293
244,329,23.816311,38.102702
244,330,23.816302,38.102691
244,331,23.81594,38.102561
244,332,23.81594,38.102561
244,333,23.81583,38.102493
244,334,23.817171,38.101345
244,335,23.818851,38.100795
244,336,23.818732,38.099685
244,337,23.818001,38.097575
244,338,23.81732,38.095584
244,339,23.816699,38.095042
244,340,23.81678,38.094333
244,341,23.817831,38.093863
244,342,23.818091,38.093746
244,343,23.81821,38.093837
244,344,23.818211,38.093616
244,345,23.818799,38.093467
244,346,23.81972,38.093467
244,347,23.81922,38.094115
244,348,23.81748,38.094867
244,349,23.81768,38.096458
244,350,23.818349,38.098418
244,351,23.81899,38.100269
244,352,23.819151,38.100638
244,353,23.816662,38.101497
244,354,23.816631,38.103069
244,355,23.819021,38.107089
244,356,23.823542,38.111381
244,357,23.827661,38.115401
244,358,23.831852,38.119563
244,359,23.836102,38.124294
244,360,23.838412,38.129085
244,361,23.840512,38.131896
244,362,23.840931,38.131327
244,363,23.840931,38.131327
244,364,23.84114,38.130946
244,365,23.84114,38.130927
244,366,23.841082,38.131118
244,367,23.840961,38.131327
244,368,23.840721,38.131767
244,369,23.84027,38.132667
244,370,23.841571,38.135269
244,371,23.843332,38.138038
244,372,23.845463,38.138759
244,373,23.845543,38.139301
244,374,23.845543,38.13932
244,375,23.844933,38.140208
244,376,23.845432,38.141929
244,377,23.847603,38.144507
244,378,23.849073,38.144546
244,379,23.848553,38.143794
244,380,23.848072,38.143325
244,381,23.848031,38.143295
244,382,23.848131,38.143245
244,383,23.847832,38.143306
244,384,23.847551,38.143108
244,385,23.847551,38.143089
244,386,23.847931,38.143286
244,387,23.848412,38.143695
244,388,23.849142,38.144256
244,389,23.849062,38.144576
244,390,23.847933,38.144976
244,391,23.845573,38.142276
244,392,23.845284,38.139907
244,393,23.845283,38.138668
244,394,23.842064,38.136589
244,395,23.840074,38.132659
244,396,23.840685,38.131549
244,397,23.840894,38.131308
244,398,23.840894,38.131347
244,399,23.840935,38.131107
244,400,23.840894,38.131198
244,401,23.840885,38.131229
244,402,23.840805,38.131408
244,403,23.840195,38.131877
244,404,23.840145,38.132685
244,405,23.841465,38.135325
244,406,23.843484,38.138217
244,407,23.845474,38.139377
244,408,23.845494,38.139407
244,409,23.844873,38.140296
244,410,23.845373,38.142017
244,411,23.846873,38.143478
244,412,23.846903,38.143386
244,413,23.847002,38.143256
244,414,23.846092,38.142906
244,415,23.845232,38.139915
244,416,23.845402,38.139583
244,417,23.84542,38.139571
244,418,23.845431,38.139422
244,419,23.84274,38.137622
244,420,23.840071,38.132564
244,421,23.840851,38.131274
244,422,23.840901,38.130824
244,423,23.84106,38.130904
244,424,23.841011,38.130984
244,425,23.84122,38.130873
244,426,23.84132,38.130763
244,427,23.84132,38.130793
244,428,23.841441,38.130824
244,429,23.84098,38.131496
244,430,23.84033,38.131156
244,431,23.840259,38.131045
244,432,23.840148,38.131076
244,433,23.84042,38.131637
244,434,23.840799,38.131397
244,435,23.840799,38.131434
