245,1,23.840957,38.131141
245,2,23.841097,38.130889
245,3,23.841097,38.1309
245,4,23.841007,38.130969
245,5,23.841007,38.13095
245,6,23.841008,38.131042
245,7,23.840888,38.131202
245,8,23.840797,38.131362
245,9,23.840807,38.131393
245,10,23.839916,38.131862
245,11,23.839046,38.130542
245,12,23.837326,38.126964
245,13,23.834807,38.122703
245,14,23.831087,38.118812
245,15,23.827917,38.115733
245,16,23.825367,38.113155
245,17,23.822367,38.110293
245,18,23.819267,38.107333
245,19,23.816988,38.103991
245,20,23.815968,38.102542
245,21,23.815968,38.102542
245,22,23.814457,38.102054
245,23,23.811597,38.099833
245,24,23.810077,38.097045
245,25,23.809517,38.095005
245,26,23.809187,38.093505
245,27,23.808876,38.091063
245,28,23.809335,38.088462
245,29,23.809415,38.087951
245,30,23.811026,38.08784
245,31,23.812777,38.088199
245,32,23.814957,38.08858
245,33,23.816937,38.08815
245,34,23.816937,38.088138
245,35,23.817036,38.087596
245,36,23.816366,38.086158
245,37,23.816157,38.084117
245,38,23.814896,38.082187
245,39,23.814776,38.081878
245,40,23.814415,38.080577
245,41,23.813684,38.078696
245,42,23.812384,38.076835
245,43,23.812164,38.075244
245,44,23.812315,38.074634
245,45,23.812444,38.073695
245,46,23.812065,38.072856
245,47,23.811066,38.070087
245,48,23.810276,38.067008
245,49,23.809575,38.065399
245,50,23.809385,38.064498
245,51,23.809314,38.064147
245,52,23.808926,38.061416
245,53,23.808497,38.058467
245,54,23.811136,38.056507
245,55,23.811646,38.054698
245,56,23.811476,38.054229
245,57,23.811275,38.053798
245,58,23.810785,38.052867
245,59,23.809536,38.050407
245,60,23.807945,38.048186
245,61,23.807026,38.045887
245,62,23.805447,38.044566
245,63,23.803497,38.042766
245,64,23.804277,38.041316
245,65,23.807238,38.040076
245,66,23.808169,38.039645
245,67,23.808178,38.039645
245,68,23.808798,38.040374
245,69,23.809048,38.042106
245,70,23.809248,38.044455
245,71,23.810108,38.044555
245,72,23.813269,38.043487
245,73,23.815858,38.042006
245,74,23.815788,38.041365
245,75,23.815788,38.041365
245,76,23.815709,38.041297
245,77,23.815748,38.041346
245,78,23.815468,38.041487
245,79,23.815267,38.041568
245,80,23.815727,38.04137
245,81,23.815838,38.041408
245,82,23.815847,38.04142
245,83,23.815777,38.04214
245,84,23.813107,38.043609
245,85,23.809996,38.044669
245,86,23.807966,38.04536
245,87,23.807655,38.04547
245,88,23.807835,38.0474
245,89,23.809574,38.050452
245,90,23.810403,38.052024
245,91,23.810703,38.052646
245,92,23.811773,38.054847
245,93,23.809323,38.057418
245,94,23.809113,38.061297
245,95,23.809482,38.063926
245,96,23.809482,38.063926
245,97,23.810013,38.066337
245,98,23.811123,38.069076
245,99,23.811142,38.070674
245,100,23.811241,38.071544
245,101,23.81137,38.071795
245,102,23.81139,38.071834
245,103,23.81193,38.072506
245,104,23.812389,38.073417
245,105,23.812279,38.074668
245,106,23.812168,38.075088
245,107,23.812648,38.077166
245,108,23.814018,38.079268
245,109,23.814897,38.082019
245,110,23.816238,38.084209
245,111,23.816389,38.085548
245,112,23.81637,38.086226
245,113,23.81658,38.086738
245,114,23.816931,38.08728
245,115,23.817069,38.08752
245,116,23.81722,38.087749
245,117,23.81722,38.08776
245,118,23.815951,38.08842
245,119,23.81468,38.088512
245,120,23.81292,38.088271
245,121,23.812688,38.08839
245,122,23.812679,38.088421
245,123,23.811459,38.089301
245,124,23.809059,38.090751
245,125,23.809078,38.093112
245,126,23.809528,38.095111
245,127,23.810278,38.097621
245,128,23.811968,38.1002
245,129,23.814669,38.102088
245,130,23.816729,38.10342
245,131,23.817669,38.105571
245,132,23.819538,38.107562
245,133,23.821549,38.109492
245,134,23.824018,38.111842
245,135,23.827617,38.115401
245,136,23.831647,38.119349
245,137,23.836677,38.125518
245,138,23.838947,38.130309
245,139,23.840556,38.131808
245,140,23.840928,38.131149
245,141,23.840917,38.13111
245,142,23.840918,38.13097
245,143,23.840998,38.130809
245,144,23.841016,38.13082
245,145,23.840946,38.130931
245,146,23.841026,38.130992
245,147,23.840847,38.131351
245,148,23.840727,38.131549
245,149,23.840638,38.131748
245,150,23.839586,38.131648
245,151,23.838206,38.12886
245,152,23.836266,38.124808
245,153,23.832716,38.12057
245,154,23.829326,38.11713
245,155,23.829176,38.11629
245,156,23.828917,38.114772
245,157,23.827186,38.112903
245,158,23.825877,38.110911
245,159,23.825836,38.10889
245,160,23.827566,38.107502
245,161,23.829736,38.105731
245,162,23.831057,38.10432
245,163,23.828907,38.102729
245,164,23.825876,38.100189
245,165,23.824756,38.098968
245,166,23.824087,38.096866
245,167,23.823026,38.094245
245,168,23.822176,38.092906
245,169,23.822166,38.092876
245,170,23.822127,38.092796
245,171,23.822077,38.092704
245,172,23.821907,38.092426
245,173,23.821787,38.092197
245,174,23.821476,38.091709
245,175,23.821047,38.091308
245,176,23.820657,38.091037
245,177,23.820158,38.090606
245,178,23.819529,38.089984
245,179,23.818979,38.089434
245,180,23.81783,38.088634
245,181,23.817659,38.088454
245,182,23.81754,38.088314
245,183,23.816719,38.087093
245,184,23.816368,38.086032
245,185,23.816118,38.084021
245,186,23.814768,38.081801
245,187,23.814108,38.079501
245,188,23.813238,38.078113
245,189,23.812088,38.076251
245,190,23.812008,38.07579
245,191,23.812187,38.074878
245,192,23.812377,38.073947
245,193,23.811718,38.072608
245,194,23.811607,38.072437
245,195,23.811007,38.070839
245,196,23.810926,38.068
245,197,23.809597,38.065731
245,198,23.809097,38.0629
245,199,23.808628,38.059681
245,200,23.808528,38.059058
245,201,23.810099,38.05688
245,202,23.811548,38.054709
245,203,23.810287,38.052028
245,204,23.808287,38.049419
245,205,23.807337,38.046428
245,206,23.804777,38.043978
245,207,23.802828,38.04185
245,208,23.803367,38.041469
245,209,23.803377,38.041469
245,210,23.805196,38.041037
245,211,23.807577,38.039889
245,212,23.808138,38.039638
245,213,23.808138,38.039638
245,214,23.808818,38.040507
245,215,23.808909,38.041168
245,216,23.809149,38.043147
245,217,23.809478,38.044757
245,218,23.81173,38.044147
245,219,23.814471,38.042839
245,220,23.816141,38.041827
245,221,23.815791,38.041346
245,222,23.815791,38.041316
245,223,23.815309,38.041514
245,224,23.81547,38.041496
245,225,23.81547,38.041484
245,226,23.81562,38.041453
245,227,23.815821,38.041404
245,228,23.81616,38.041805
245,229,23.815309,38.042464
245,230,23.812581,38.043914
245,231,23.809681,38.044784
245,232,23.808691,38.045104
245,233,23.807991,38.045375
245,234,23.80796,38.045386
245,235,23.807411,38.045585
245,236,23.807352,38.045596
245,237,23.807112,38.045795
245,238,23.807692,38.047157
245,239,23.809181,38.050186
245,240,23.810702,38.052615
245,241,23.81174,38.054645
245,242,23.809311,38.057426
245,243,23.80911,38.060966
245,244,23.809641,38.064784
245,245,23.810221,38.066665
245,246,23.8111,38.067946
245,247,23.811159,38.069927
245,248,23.811159,38.069946
245,249,23.811159,38.070494
245,250,23.811159,38.071246
245,251,23.811359,38.071807
245,252,23.81139,38.071826
245,253,23.81217,38.072867
245,254,23.81241,38.074199
245,255,23.812099,38.075729
245,256,23.812349,38.076659
245,257,23.813598,38.07857
245,258,23.814318,38.080322
245,259,23.814798,38.08184
245,260,23.814897,38.082019
245,261,23.815258,38.082599
245,262,23.815619,38.083
245,263,23.815819,38.083251
245,264,23.81609,38.083862
245,265,23.81616,38.084003
245,266,23.816259,38.084262
245,267,23.816379,38.084521
245,268,23.8165,38.085071
245,269,23.816469,38.085521
245,270,23.81642,38.08599
245,271,23.816419,38.086219
245,272,23.81646,38.08644
245,273,23.816519,38.086582
245,274,23.816528,38.086601
245,275,23.816839,38.087089
245,276,23.817058,38.087398
245,277,23.817278,38.087729
245,278,23.817567,38.088161
245,279,23.817567,38.088161
245,280,23.817707,38.088332
245,281,23.818096,38.088782
245,282,23.818536,38.089141
245,283,23.819177,38.08961
245,284,23.819498,38.08998
245,285,23.819898,38.090419
245,286,23.820078,38.090568
245,287,23.821518,38.091758
245,288,23.823038,38.094169
245,289,23.824338,38.097827
245,290,23.824829,38.099017
245,291,23.825479,38.100947
245,292,23.825779,38.103167
245,293,23.826038,38.104869
245,294,23.825899,38.107417
245,295,23.825849,38.110328
245,296,23.8265,38.111938
245,297,23.82823,38.113978
245,298,23.828989,38.115921
245,299,23.829139,38.116229
245,300,23.829781,38.117469
245,301,23.834199,38.121929
245,302,23.83748,38.127269
245,303,23.839091,38.13058
245,304,23.84061,38.131659
245,305,23.840721,38.131339
245,306,23.840832,38.131209
245,307,23.840801,38.131248
245,308,23.8409,38.131228
245,309,23.84091,38.131198
245,310,23.84094,38.131107
245,311,23.84102,38.130946
245,312,23.841011,38.130916
245,313,23.840941,38.130965
245,314,23.841011,38.131004
245,315,23.84078,38.131354
245,316,23.840459,38.131794
245,317,23.840299,38.131595
245,318,23.840299,38.131595
245,319,23.84013,38.131236
245,320,23.839399,38.131046
245,321,23.839169,38.130847
245,322,23.838369,38.129299
245,323,23.837398,38.12725
245,324,23.836319,38.12487
245,325,23.834108,38.122001
245,326,23.831499,38.119319
245,327,23.82967,38.118629
245,328,23.82782,38.116527
245,329,23.825359,38.114245
245,330,23.82383,38.113826
245,331,23.823099,38.111686
245,332,23.82058,38.109225
245,333,23.817601,38.106376
245,334,23.813301,38.103686
245,335,23.808641,38.101856
245,336,23.804052,38.100017
245,337,23.799463,38.098247
245,338,23.795204,38.096385
245,339,23.792414,38.093566
245,340,23.791393,38.092204
245,341,23.791344,38.092136
245,342,23.789804,38.090125
245,343,23.787183,38.086746
245,344,23.784655,38.083416
245,345,23.782215,38.080344
245,346,23.779825,38.077983
245,347,23.779985,38.077151
245,348,23.781354,38.07857
245,349,23.783196,38.080909
245,350,23.784376,38.082427
245,351,23.785406,38.083789
245,352,23.785936,38.084468
245,353,23.787317,38.08498
245,354,23.787457,38.084861
245,355,23.786657,38.08459
245,356,23.786177,38.08467
245,357,23.787497,38.08644
245,358,23.788866,38.08823
245,359,23.789966,38.08977
245,360,23.792377,38.092971
245,361,23.796068,38.0965
245,362,23.801748,38.098758
245,363,23.807598,38.101077
245,364,23.812849,38.103019
245,365,23.815128,38.103851
245,366,23.814739,38.105449
245,367,23.818849,38.1076
245,368,23.823148,38.111789
245,369,23.825649,38.11415
245,370,23.825779,38.11423
245,371,23.825789,38.11423
245,372,23.826368,38.114799
245,373,23.829378,38.117851
245,374,23.830748,38.118629
245,375,23.832318,38.12012
245,376,23.836477,38.125121
245,377,23.839268,38.13092
245,378,23.840558,38.131832
245,379,23.840667,38.131641
245,380,23.840957,38.131141
245,381,23.840847,38.13084
245,382,23.840797,38.130778
245,383,23.840967,38.13084
245,384,23.840977,38.130989
245,385,23.840977,38.13092
245,386,23.841057,38.130908
245,387,23.841057,38.131107
245,388,23.841026,38.131137
245,389,23.840866,38.131358
245,390,23.840796,38.13145
245,391,23.840314,38.131839
245,392,23.839634,38.131691
245,393,23.838594,38.129588
245,394,23.837185,38.126628
245,395,23.838015,38.125949
245,396,23.840965,38.126651
245,397,23.843805,38.127051
245,398,23.846096,38.127921
245,399,23.848676,38.129493
245,400,23.852006,38.130195
245,401,23.855266,38.130855
245,402,23.856917,38.131187
245,403,23.858576,38.131507
245,404,23.859266,38.131576
245,405,23.858177,38.130275
245,406,23.856848,38.129584
245,407,23.854858,38.129394
245,408,23.854548,38.129382
245,409,23.854517,38.129394
245,410,23.854476,38.129195
245,411,23.854477,38.129313
245,412,23.855408,38.129474
245,413,23.856508,38.129592
245,414,23.857548,38.129661
245,415,23.858978,38.13121
245,416,23.859237,38.131721
245,417,23.856428,38.13116
245,418,23.852647,38.130439
245,419,23.849148,38.129767
245,420,23.845808,38.127849
245,421,23.842928,38.127288
245,422,23.839418,38.12651
245,423,23.837168,38.126449
245,424,23.838457,38.12926
245,425,23.839808,38.131942
245,426,23.840957,38.131252
245,427,23.840938,38.130881
245,428,23.840898,38.130893
245,429,23.841059,38.131083
245,430,23.84067,38.131545
245,431,23.84067,38.131557
245,432,23.840599,38.131767
245,433,23.840359,38.133087
245,434,23.842658,38.137527
245,435,23.845449,38.139247
245,436,23.845469,38.139297
245,437,23.845478,38.139308
245,438,23.844628,38.14043
245,439,23.845537,38.142131
245,440,23.848146,38.14511
245,441,23.851297,38.148429
245,442,23.854317,38.151409
245,443,23.855806,38.15491
245,444,23.855896,38.158859
245,445,23.856497,38.162028
245,446,23.856636,38.165606
245,447,23.856337,38.169216
245,448,23.855396,38.172656
245,449,23.855245,38.176227
245,450,23.853795,38.179416
245,451,23.853516,38.180655
245,452,23.853075,38.182666
245,453,23.853195,38.184936
245,454,23.854176,38.185096
245,455,23.854466,38.188086
245,456,23.853895,38.192797
245,457,23.853025,38.197249
245,458,23.856797,38.200099
245,459,23.856827,38.202709
245,460,23.854707,38.202678
245,461,23.855318,38.207427
245,462,23.854717,38.213279
245,463,23.852676,38.219149
245,464,23.850478,38.22515
245,465,23.844907,38.22874
245,466,23.837637,38.230258
245,467,23.832977,38.233268
245,468,23.830007,38.237747
245,469,23.829098,38.242595
245,470,23.826548,38.247046
245,471,23.825697,38.252998
245,472,23.826496,38.257357
245,473,23.829725,38.262649
245,474,23.835285,38.26641
245,475,23.832676,38.270598
245,476,23.828526,38.272399
245,477,23.826725,38.27624
245,478,23.826855,38.27994
245,479,23.823225,38.281821
245,480,23.820875,38.283222
245,481,23.824036,38.285552
245,482,23.820116,38.289473
245,483,23.818796,38.295054
245,484,23.818806,38.296424
245,485,23.818815,38.296413
245,486,23.818835,38.296413
245,487,23.818853,38.296443
245,488,23.818843,38.296553
245,489,23.818704,38.296462
245,490,23.818565,38.292404
245,491,23.822355,38.287742
245,492,23.822666,38.283424
245,493,23.821637,38.281803
245,494,23.826687,38.280211
245,495,23.826588,38.276351
245,496,23.829369,38.272281
245,497,23.832658,38.270041
245,498,23.835138,38.266513
245,499,23.830248,38.263313
245,500,23.827018,38.258705
245,501,23.826819,38.255084
245,502,23.825089,38.250792
245,503,23.827709,38.244491
245,504,23.829319,38.239619
245,505,23.831999,38.234519
245,506,23.8375,38.229869
245,507,23.845418,38.228507
245,508,23.851249,38.222717
245,509,23.853831,38.214938
245,510,23.854999,38.207396
245,511,23.85359,38.201155
245,512,23.85142,38.195125
245,513,23.85133,38.188613
245,514,23.85277,38.181865
245,515,23.85379,38.176036
245,516,23.855791,38.169216
245,517,23.85568,38.161796
245,518,23.855159,38.154365
245,519,23.850189,38.147884
245,520,23.845129,38.142505
245,521,23.842289,38.138953
245,522,23.842878,38.140113
245,523,23.845108,38.138515
245,524,23.840988,38.134456
245,525,23.840408,38.131804
245,526,23.840399,38.131824
245,527,23.840538,38.131786
