247,1,23.845055,38.018615
247,2,23.845064,38.018615
247,3,23.845064,38.018626
247,4,23.844944,38.018485
247,5,23.845364,38.018596
247,6,23.845573,38.019057
247,7,23.845863,38.018867
247,8,23.844624,38.016738
247,9,23.843613,38.013617
247,10,23.843723,38.010989
247,11,23.846212,38.010169
247,12,23.852442,38.009109
247,13,23.854983,38.008098
247,14,23.855112,38.006179
247,15,23.856431,38.005241
247,16,23.856231,38.003272
247,17,23.860362,38.000873
247,18,23.864972,37.998752
247,19,23.86898,37.996501
247,20,23.87351,37.993632
247,21,23.87494,37.992263
247,22,23.878829,37.989692
247,23,23.88087,37.989501
247,24,23.881291,37.990123
247,25,23.88125,37.990153
247,26,23.881251,37.990233
247,27,23.881211,37.990333
247,28,23.88117,37.990264
247,29,23.88201,37.990596
247,30,23.881899,37.990585
247,31,23.881898,37.990547
247,32,23.881298,37.990157
247,33,23.881288,37.990157
247,34,23.881018,37.989768
247,35,23.880238,37.989047
247,36,23.879069,37.989646
247,37,23.876527,37.991287
247,38,23.875177,37.992927
247,39,23.876198,37.994838
247,40,23.875689,37.996818
247,41,23.875078,37.996989
247,42,23.872769,37.997501
247,43,23.871988,37.999179
247,44,23.871618,38.00048
247,45,23.871088,38.001842
247,46,23.871878,38.003463
247,47,23.873018,38.004825
247,48,23.871849,38.005225
247,49,23.871729,38.005256
247,50,23.8697,38.005607
247,51,23.865888,38.006267
247,52,23.862369,38.007026
247,53,23.85914,38.007515
247,54,23.85877,38.007564
247,55,23.857441,38.007824
247,56,23.85506,38.008601
247,57,23.85136,38.009372
247,58,23.847521,38.010013
247,59,23.844261,38.010501
247,60,23.840811,38.01089
247,61,23.836761,38.012519
247,62,23.833222,38.0134
247,63,23.830532,38.01395
247,64,23.826812,38.013988
247,65,23.822692,38.013816
247,66,23.821953,38.013797
247,67,23.821943,38.013797
247,68,23.820154,38.013618
247,69,23.816685,38.012607
247,70,23.813274,38.011828
247,71,23.811335,38.01142
247,72,23.807924,38.01025
247,73,23.804354,38.008628
247,74,23.802235,38.007877
247,75,23.802145,38.007846
247,76,23.799925,38.007224
247,77,23.796604,38.006175
247,78,23.793875,38.004523
247,79,23.791404,38.002605
247,80,23.788775,38.001704
247,81,23.788445,38.001605
247,82,23.786145,38.000514
247,83,23.783785,37.998825
247,84,23.782256,37.997604
247,85,23.782245,37.997592
247,86,23.780495,37.99639
247,87,23.777365,37.99438
247,88,23.773414,37.992042
247,89,23.771465,37.99113
247,90,23.770784,37.99073
247,91,23.767975,37.98886
247,92,23.765564,37.986881
247,93,23.763794,37.986022
247,94,23.763744,37.986083
247,95,23.761744,37.985473
247,96,23.760594,37.985092
247,97,23.760014,37.984893
247,98,23.759014,37.983753
247,99,23.756344,37.982131
247,100,23.754484,37.98033
247,101,23.754024,37.97998
247,102,23.753935,37.980048
247,103,23.754114,37.9803
247,104,23.754224,37.980472
247,105,23.754015,37.980171
247,106,23.753824,37.979991
247,107,23.753914,37.980041
247,108,23.753834,37.980003
247,109,23.753704,37.980094
247,110,23.753685,37.980106
247,111,23.753585,37.980186
247,112,23.753545,37.980236
247,113,23.753126,37.980514
247,114,23.753166,37.980475
247,115,23.753056,37.980506
247,116,23.753616,37.980155
247,117,23.753336,37.979384
247,118,23.752186,37.978416
247,119,23.752145,37.978366
247,120,23.750865,37.977336
247,121,23.749525,37.976406
247,122,23.749506,37.976406
247,123,23.749886,37.975467
247,124,23.749916,37.975326
247,125,23.751166,37.975437
247,126,23.753845,37.976486
247,127,23.755785,37.979297
247,128,23.757445,37.980777
247,129,23.757735,37.980895
247,130,23.760684,37.981754
247,131,23.763334,37.983764
247,132,23.764734,37.985443
247,133,23.764805,37.985522
247,134,23.766886,37.987514
247,135,23.768835,37.989185
247,136,23.771935,37.991286
247,137,23.775175,37.992675
247,138,23.776585,37.993526
247,139,23.778083,37.994674
247,140,23.778623,37.995025
247,141,23.780903,37.996387
247,142,23.783453,37.998275
247,143,23.785204,37.999694
247,144,23.786795,38.000644
247,145,23.789795,38.001853
247,146,23.790976,38.002234
247,147,23.792076,38.002884
247,148,23.793557,38.003982
247,149,23.794817,38.00492
247,150,23.794817,38.00492
247,151,23.797317,38.00616
247,152,23.801027,38.00714
247,153,23.801267,38.00722
247,154,23.803867,38.00819
247,155,23.807638,38.00991
247,156,23.811727,38.011309
247,157,23.815767,38.01221
247,158,23.819258,38.013202
247,159,23.823798,38.013682
247,160,23.829246,38.013843
247,161,23.830467,38.013812
247,162,23.830498,38.013812
247,163,23.830887,38.013992
247,164,23.833277,38.01528
247,165,23.836077,38.015952
247,166,23.838778,38.015853
247,167,23.841497,38.017043
247,168,23.842447,38.018745
247,169,23.844717,38.018153
247,170,23.845047,38.018562
247,171,23.845118,38.0186
247,172,23.845337,38.018989
247,173,23.845787,38.01887
247,174,23.846207,38.017951
247,175,23.849916,38.017581
247,176,23.852307,38.016761
247,177,23.854307,38.01234
247,178,23.855396,38.00996
247,179,23.855045,38.008399
247,180,23.855064,38.006488
247,181,23.855804,38.00526
247,182,23.856085,38.003489
247,183,23.858585,38.002059
247,184,23.861176,38.000309
247,185,23.864395,37.999038
247,186,23.867186,37.997547
247,187,23.869825,37.996047
247,188,23.871275,37.995639
247,189,23.874495,37.992537
247,190,23.879046,37.989566
247,191,23.880605,37.989356
247,192,23.881586,37.990398
247,193,23.881857,37.990527
247,194,23.881897,37.990547
247,195,23.881326,37.990138
247,196,23.881326,37.990157
247,197,23.882157,37.990699
247,198,23.881966,37.991649
247,199,23.881306,37.99409
247,200,23.880426,37.99721
247,201,23.880445,37.99911
247,202,23.882465,37.999251
247,203,23.882426,38.000423
247,204,23.882335,38.001593
247,205,23.882295,38.001605
247,206,23.882635,38.001605
247,207,23.883794,38.001555
247,208,23.884026,38.001907
247,209,23.884695,38.002097
247,210,23.884485,38.003429
247,211,23.885826,38.003688
247,212,23.889407,38.004256
247,213,23.893386,38.004176
247,214,23.897698,38.003425
247,215,23.902277,38.002826
247,216,23.906887,38.002566
247,217,23.910926,38.002418
247,218,23.914047,37.999687
247,219,23.919986,37.998176
247,220,23.925658,37.997676
247,221,23.931477,37.998446
247,222,23.936857,38.000518
247,223,23.940737,38.001918
247,224,23.944076,38.002959
247,225,23.948727,38.00439
247,226,23.953716,38.005549
247,227,23.958397,38.007049
247,228,23.962977,38.007758
247,229,23.968196,38.010016
247,230,23.973107,38.011577
247,231,23.976757,38.014309
247,232,23.978687,38.017428
247,233,23.981157,38.019607
247,234,23.982169,38.021228
247,235,23.981728,38.021579
247,236,23.980997,38.022239
247,237,23.980368,38.022869
247,238,23.980358,38.023108
247,239,23.980058,38.023098
247,240,23.980369,38.022907
247,241,23.98196,38.021537
247,242,23.981341,38.020106
247,243,23.978441,38.017417
247,244,23.97685,38.014537
247,245,23.97402,38.012348
247,246,23.97043,38.010597
247,247,23.966361,38.009097
247,248,23.96224,38.007998
247,249,23.95838,38.00708
247,250,23.95483,38.006129
247,251,23.95064,38.005019
247,252,23.9468,38.00384
247,253,23.94305,38.002681
247,254,23.94017,38.0018
247,255,23.93589,38.000041
247,256,23.931181,37.998333
247,257,23.925751,37.997722
247,258,23.921332,37.997962
247,259,23.916851,37.999042
247,260,23.913792,37.99982
247,261,23.911791,38.002132
247,262,23.9104,38.002513
247,263,23.90976,38.002532
247,264,23.90943,38.002544
247,265,23.90881,38.002574
247,266,23.90769,38.002612
247,267,23.90594,38.002643
247,268,23.903679,38.002624
247,269,23.903818,38.001613
247,270,23.903778,38.001391
247,271,23.902558,38.00114
247,272,23.900777,38.00032
247,273,23.898847,38.000549
247,274,23.898797,38.00056
247,275,23.898698,38.000579
247,276,23.89815,37.999511
247,277,23.896429,37.999709
247,278,23.894289,38.00006
247,279,23.891819,38.00043
247,280,23.889759,38.000892
247,281,23.888008,38.001632
247,282,23.885809,38.001422
247,283,23.884159,38.00207
247,284,23.88325,38.00159
247,285,23.88241,38.001311
247,286,23.882721,37.998313
247,287,23.882992,37.996241
247,288,23.880833,37.995841
247,289,23.881933,37.991851
247,290,23.881923,37.99052
247,291,23.881934,37.990581
247,292,23.881914,37.990542
247,293,23.882114,37.990653
247,294,23.882204,37.990772
247,295,23.881664,37.99269
247,296,23.880745,37.996051
247,297,23.880174,37.999462
247,298,23.880705,38.002372
247,299,23.882614,38.002342
247,300,23.884594,38.001693
247,301,23.884594,38.002872
247,302,23.884425,38.003391
247,303,23.884464,38.003402
247,304,23.884544,38.003482
247,305,23.887073,38.003883
247,306,23.891453,38.004523
247,307,23.896023,38.003734
247,308,23.899973,38.003063
247,309,23.904922,38.002594
247,310,23.909653,38.002494
247,311,23.912693,38.000373
247,312,23.917522,37.998813
247,313,23.922543,37.997703
247,314,23.927892,37.997832
247,315,23.933104,37.998981
247,316,23.937884,38.001052
247,317,23.942793,38.002543
247,318,23.947733,38.004092
247,319,23.952793,38.005462
247,320,23.957043,38.006782
247,321,23.961583,38.008003
247,322,23.966073,38.00886
247,323,23.970722,38.010581
247,324,23.974913,38.012912
247,325,23.977632,38.015644
247,326,23.980134,38.018192
247,327,23.982144,38.021152
247,328,23.980644,38.02259
247,329,23.980244,38.02312
247,330,23.980204,38.022971
247,331,23.980613,38.02257
247,332,23.980633,38.02256
247,333,23.981352,38.021949
247,334,23.981542,38.020549
247,335,23.980343,38.018718
247,336,23.980013,38.018359
247,337,23.977593,38.015789
247,338,23.974882,38.013038
247,339,23.971213,38.010867
247,340,23.966763,38.009376
247,341,23.962582,38.007995
247,342,23.957872,38.006996
247,343,23.953502,38.005645
247,344,23.948452,38.004436
247,345,23.943742,38.002986
247,346,23.939823,38.001845
247,347,23.935293,37.999885
247,348,23.930483,37.998214
247,349,23.925564,37.997805
247,350,23.923214,37.996814
247,351,23.920984,37.994556
247,352,23.919695,37.991786
247,353,23.917805,37.989356
247,354,23.917315,37.986637
247,355,23.916464,37.983584
247,356,23.916023,37.979953
247,357,23.913853,37.976734
247,358,23.912462,37.973472
247,359,23.911222,37.96997
247,360,23.909903,37.968459
247,361,23.909903,37.968448
247,362,23.907972,37.96825
247,363,23.905632,37.969901
247,364,23.904281,37.973842
247,365,23.900202,37.977172
247,366,23.895642,37.980113
247,367,23.89117,37.983085
247,368,23.886511,37.985934
247,369,23.881592,37.988296
247,370,23.877292,37.990786
247,371,23.873293,37.994235
247,372,23.870703,37.995936
247,373,23.867313,37.997577
247,374,23.863853,37.999347
247,375,23.860042,38.001197
247,376,23.857872,38.003666
247,377,23.857881,38.004867
247,378,23.857881,38.004867
247,379,23.856592,38.005237
247,380,23.854952,38.005347
247,381,23.854292,38.005347
247,382,23.853512,38.007167
247,383,23.853662,38.008868
247,384,23.855793,38.008357
247,385,23.855892,38.008346
247,386,23.856753,38.009986
247,387,23.854072,38.012996
247,388,23.852303,38.016986
247,389,23.849852,38.017707
247,390,23.846981,38.017906
247,391,23.845532,38.018306
247,392,23.845011,38.018237
247,393,23.84518,38.018539
247,394,23.845181,38.018378
