248,1,23.845238,38.018733
248,2,23.845817,38.019172
248,3,23.844817,38.017192
248,4,23.843569,38.013534
248,5,23.843658,38.011104
248,6,23.843658,38.011085
248,7,23.844468,38.010395
248,8,23.848499,38.009773
248,9,23.853279,38.008964
248,10,23.854859,38.007965
248,11,23.854988,38.006415
248,12,23.855718,38.005477
248,13,23.856299,38.004459
248,14,23.85665,38.00307
248,15,23.86007,38.001101
248,16,23.863748,37.99932
248,17,23.867208,37.997539
248,18,23.869549,37.996158
248,19,23.8706,37.995837
248,20,23.872909,37.994555
248,21,23.875889,37.991614
248,22,23.879169,37.989505
248,23,23.880569,37.989333
248,24,23.881139,37.990233
248,25,23.88113,37.990272
248,26,23.881081,37.990291
248,27,23.881081,37.990371
248,28,23.881231,37.990341
248,29,23.88112,37.989932
248,30,23.880221,37.989081
248,31,23.879502,37.989391
248,32,23.87721,37.990829
248,33,23.875021,37.992599
248,34,23.876261,37.99454
248,35,23.875721,37.99681
248,36,23.873381,37.99742
248,37,23.872171,37.998729
248,38,23.871782,38.000148
248,39,23.871153,38.001788
248,40,23.871834,38.00328
248,41,23.873073,38.004539
248,42,23.872183,38.004939
248,43,23.868393,38.00568
248,44,23.865722,38.006149
248,45,23.862472,38.0069
248,46,23.860043,38.007331
248,47,23.857733,38.00772
248,48,23.856922,38.008041
248,49,23.854551,38.008781
248,50,23.851671,38.009341
248,51,23.84897,38.009822
248,52,23.84589,38.010352
248,53,23.84424,38.010604
248,54,23.844221,38.010604
248,55,23.84398,38.010635
248,56,23.84192,38.010855
248,57,23.838861,38.011558
248,58,23.835232,38.012977
248,59,23.833812,38.013279
248,60,23.832542,38.013549
248,61,23.830002,38.01398
248,62,23.826561,38.01398
248,63,23.822891,38.01377
248,64,23.81949,38.013389
248,65,23.818032,38.01295
248,66,23.81735,38.012778
248,67,23.8162,38.012458
248,68,23.814101,38.011989
248,69,23.812669,38.011669
248,70,23.812081,38.011551
248,71,23.811981,38.012118
248,72,23.81076,38.013148
248,73,23.808991,38.014407
248,74,23.807359,38.0154
248,75,23.806699,38.015048
248,76,23.8064,38.013579
248,77,23.806181,38.01303
248,78,23.804062,38.013831
248,79,23.801962,38.013522
248,80,23.801502,38.013312
248,81,23.801262,38.013263
248,82,23.801132,38.013251
248,83,23.800882,38.013252
248,84,23.800623,38.013232
248,85,23.798883,38.012511
248,86,23.797292,38.012752
248,87,23.796343,38.01184
248,88,23.794764,38.01091
248,89,23.792774,38.01144
248,90,23.792284,38.010551
248,91,23.792234,38.01052
248,92,23.791945,38.01012
248,93,23.791275,38.009101
248,94,23.790584,38.00817
248,95,23.790075,38.007282
248,96,23.789946,38.007109
248,97,23.789856,38.006969
248,98,23.789686,38.006648
248,99,23.789575,38.006518
248,100,23.789236,38.00621
248,101,23.788595,38.006671
248,102,23.787535,38.007522
248,103,23.787404,38.007601
248,104,23.786294,38.00854
248,105,23.786045,38.008719
248,106,23.786104,38.00896
248,107,23.786094,38.009201
248,108,23.785434,38.009429
248,109,23.785144,38.00954
248,110,23.785135,38.009509
248,111,23.785315,38.00941
248,112,23.785314,38.009509
248,113,23.784925,38.009349
248,114,23.784195,38.009379
248,115,23.783165,38.00991
248,116,23.785305,38.01147
248,117,23.787196,38.012858
248,118,23.789456,38.01451
248,119,23.791256,38.01551
248,120,23.791706,38.015621
248,121,23.792717,38.01591
248,122,23.795347,38.017581
248,123,23.795417,38.017619
248,124,23.795769,38.01781
248,125,23.79884,38.017268
248,126,23.79981,38.017307
248,127,23.801599,38.017528
248,128,23.80213,38.017639
248,129,23.80235,38.01773
248,130,23.802438,38.017791
248,131,23.803559,38.018031
248,132,23.805137,38.018253
248,133,23.805378,38.018344
248,134,23.805548,38.018382
248,135,23.806088,38.018073
248,136,23.810017,38.019004
248,137,23.812397,38.019306
248,138,23.814667,38.019317
248,139,23.816357,38.019489
248,140,23.819058,38.019637
248,141,23.820577,38.020278
248,142,23.823158,38.01963
248,143,23.825239,38.018749
248,144,23.826389,38.017978
248,145,23.828029,38.016776
248,146,23.82933,38.015548
248,147,23.831261,38.015037
248,148,23.832651,38.015308
248,149,23.835722,38.016086
248,150,23.838942,38.015975
248,151,23.841511,38.017265
248,152,23.842661,38.017146
248,153,23.844412,38.016777
248,154,23.844652,38.016166
248,155,23.844603,38.014236
248,156,23.844722,38.012576
248,157,23.847572,38.012236
248,158,23.851372,38.011866
248,159,23.854552,38.011718
248,160,23.855321,38.009658
248,161,23.855152,38.008639
248,162,23.855093,38.008548
248,163,23.855112,38.00687
248,164,23.855673,38.005351
248,165,23.856102,38.003753
248,166,23.858332,38.002174
248,167,23.862143,37.999873
248,168,23.864973,37.998725
248,169,23.868124,37.997024
248,170,23.872342,37.995082
248,171,23.875553,37.991801
248,172,23.879913,37.98904
248,173,23.881184,37.989989
248,174,23.881214,37.989989
248,175,23.881255,37.989978
248,176,23.880983,37.989628
248,177,23.880253,37.989017
248,178,23.878662,37.989905
248,179,23.875903,37.991737
248,180,23.875473,37.993255
248,181,23.876123,37.995395
248,182,23.875263,37.996913
248,183,23.872944,37.997455
248,184,23.872105,37.998824
248,185,23.871944,37.999546
248,186,23.871565,38.000613
248,187,23.871065,38.001964
248,188,23.871694,38.003112
248,189,23.872694,38.00434
248,190,23.872753,38.004722
248,191,23.871903,38.005
248,192,23.870453,38.005301
248,193,23.867354,38.005893
248,194,23.865564,38.006232
248,195,23.862505,38.006935
248,196,23.858755,38.007502
248,197,23.857516,38.007774
248,198,23.855986,38.008316
248,199,23.852665,38.009116
248,200,23.849316,38.009715
248,201,23.846086,38.010276
248,202,23.843767,38.011108
248,203,23.843687,38.013549
248,204,23.844417,38.016257
248,205,23.843967,38.017036
248,206,23.843687,38.017154
248,207,23.843236,38.017154
248,208,23.842306,38.017406
248,209,23.841695,38.017036
248,210,23.839957,38.016036
248,211,23.837776,38.015926
248,212,23.835256,38.015895
248,213,23.833196,38.015174
248,214,23.832056,38.016353
248,215,23.831025,38.017345
248,216,23.829496,38.018886
248,217,23.827757,38.018257
248,218,23.825457,38.017425
248,219,23.822206,38.015933
248,220,23.819767,38.015353
248,221,23.818167,38.015033
248,222,23.817707,38.014782
248,223,23.815376,38.0158
248,224,23.813995,38.016341
248,225,23.813314,38.016612
248,226,23.812373,38.01697
248,227,23.811295,38.017409
248,228,23.810435,38.017742
248,229,23.810144,38.01786
248,230,23.809724,38.018008
248,231,23.809044,38.018267
248,232,23.808374,38.018527
248,233,23.807965,38.018687
248,234,23.807495,38.018878
248,235,23.806216,38.018786
248,236,23.806196,38.018786
248,237,23.806076,38.018767
248,238,23.804235,38.018428
248,239,23.803826,38.018317
248,240,23.802835,38.018138
248,241,23.802305,38.017299
248,242,23.801195,38.016948
248,243,23.799955,38.016677
248,244,23.798106,38.016548
248,245,23.797716,38.016006
248,246,23.796136,38.016376
248,247,23.795017,38.016944
248,248,23.794847,38.016975
248,249,23.794128,38.016704
248,250,23.790999,38.015502
248,251,23.787939,38.013351
248,252,23.785829,38.011833
248,253,23.783039,38.009891
248,254,23.782728,38.00983
248,255,23.781918,38.009791
248,256,23.781807,38.00981
248,257,23.781726,38.009822
248,258,23.781397,38.009841
248,259,23.780336,38.00999
248,260,23.780296,38.00999
248,261,23.779957,38.010028
248,262,23.779026,38.009009
248,263,23.777546,38.007529
248,264,23.776956,38.006919
248,265,23.776408,38.00611
248,266,23.775408,38.004779
248,267,23.774027,38.002998
248,268,23.773857,38.002799
248,269,23.772226,38.00093
248,270,23.770237,37.999149
248,271,23.768257,37.99636
248,272,23.768047,37.99591
248,273,23.767758,37.995219
248,274,23.767427,37.994449
248,275,23.767066,37.993747
248,276,23.766647,37.992847
248,277,23.766258,37.991947
248,278,23.766079,37.991606
248,279,23.76561,37.990958
248,280,23.7647,37.98986
248,281,23.764469,37.989589
248,282,23.764499,37.989539
248,283,23.764031,37.988917
248,284,23.763071,37.988067
248,285,23.762881,37.987838
248,286,23.76226,37.987376
248,287,23.761659,37.987277
248,288,23.76161,37.987316
248,289,23.76136,37.987166
248,290,23.76123,37.987198
248,291,23.76143,37.986976
248,292,23.761461,37.986965
248,293,23.761671,37.986614
248,294,23.761341,37.987045
248,295,23.76136,37.987243
248,296,23.761449,37.987404
248,297,23.7616,37.987254
248,298,23.76148,37.987175
248,299,23.76141,37.986995
248,300,23.761419,37.986934
248,301,23.7617,37.986415
248,302,23.76207,37.986415
248,303,23.762961,37.986297
248,304,23.765431,37.986728
248,305,23.767111,37.988357
248,306,23.770531,37.990466
248,307,23.775551,37.992926
248,308,23.778001,37.994708
248,309,23.780432,37.996146
248,310,23.781881,37.997077
248,311,23.78284,37.997817
248,312,23.784922,37.999549
248,313,23.788832,38.00151
248,314,23.792202,38.003002
248,315,23.793901,38.004283
248,316,23.795301,38.005333
248,317,23.798321,38.006511
248,318,23.80117,38.00719
248,319,23.80122,38.007228
248,320,23.80271,38.007758
248,321,23.80759,38.00991
248,322,23.81254,38.011508
248,323,23.81822,38.012938
248,324,23.82161,38.013599
248,325,23.82412,38.013709
248,326,23.82791,38.013858
248,327,23.82955,38.013877
248,328,23.830151,38.013877
248,329,23.831711,38.013606
248,330,23.83294,38.013366
248,331,23.83711,38.012237
248,332,23.841662,38.010787
248,333,23.845551,38.010326
248,334,23.850241,38.009486
248,335,23.85314,38.008986
248,336,23.854981,38.008476
248,337,23.854921,38.007476
248,338,23.855471,38.006156
248,339,23.85614,38.005297
248,340,23.856121,38.003718
248,341,23.856691,38.002978
248,342,23.857111,38.002769
248,343,23.857141,38.002757
248,344,23.85732,38.002746
248,345,23.857921,38.002395
248,346,23.861462,38.000163
248,347,23.865322,37.998534
248,348,23.868382,37.996883
248,349,23.871582,37.995532
248,350,23.874222,37.992752
248,351,23.878462,37.989939
248,352,23.880793,37.989532
248,353,23.881332,37.990042
248,354,23.881351,37.990042
248,355,23.881332,37.990032
248,356,23.881363,37.990051
248,357,23.881474,37.990261
248,358,23.881914,37.990581
248,359,23.881923,37.990592
248,360,23.882013,37.990611
248,361,23.881883,37.990561
248,362,23.881314,37.990112
248,363,23.881303,37.9901
248,364,23.880853,37.98952
248,365,23.880244,37.989001
248,366,23.878723,37.98986
248,367,23.876102,37.991592
248,368,23.875282,37.992942
248,369,23.876223,37.995082
248,370,23.875263,37.996352
248,371,23.872972,37.995704
248,372,23.870452,37.996055
248,373,23.869183,37.996444
248,374,23.865853,37.998306
248,375,23.861831,38.000037
248,376,23.858462,38.002158
248,377,23.857921,38.004108
248,378,23.858101,38.005668
248,379,23.858181,38.005958
248,380,23.858221,38.006179
248,381,23.858221,38.00619
248,382,23.858361,38.00661
248,383,23.858361,38.006621
248,384,23.8584,38.006763
248,385,23.85845,38.006984
248,386,23.858431,38.006996
248,387,23.858541,38.007445
248,388,23.857052,38.007896
248,389,23.853922,38.008865
248,390,23.849401,38.009666
248,391,23.848172,38.009887
248,392,23.845732,38.010268
248,393,23.843021,38.0106
248,394,23.838941,38.01144
248,395,23.836003,38.01279
248,396,23.835462,38.012908
248,397,23.834192,38.013186
248,398,23.833942,38.013255
248,399,23.833924,38.013255
248,400,23.832834,38.013485
248,401,23.831745,38.013724
248,402,23.830235,38.013934
248,403,23.828665,38.013995
248,404,23.827754,38.014007
248,405,23.827366,38.014007
248,406,23.826987,38.013995
248,407,23.826496,38.013965
248,408,23.825516,38.013934
248,409,23.824966,38.013904
248,410,23.824116,38.013866
248,411,23.823706,38.013854
248,412,23.823416,38.013824
248,413,23.821146,38.013705
248,414,23.818735,38.013175
248,415,23.817214,38.012725
248,416,23.816934,38.012664
248,417,23.816494,38.012504
248,418,23.815615,38.012225
248,419,23.815235,38.012176
248,420,23.814825,38.012115
248,421,23.814245,38.011997
248,422,23.812034,38.011508
248,423,23.811816,38.01147
248,424,23.809625,38.010921
248,425,23.807255,38.009853
248,426,23.805734,38.009132
248,427,23.803725,38.008273
248,428,23.801855,38.007533
248,429,23.800066,38.007083
248,430,23.799865,38.007053
248,431,23.799055,38.006893
248,432,23.797415,38.006301
248,433,23.795546,38.005523
248,434,23.793926,38.004375
248,435,23.793576,38.004134
248,436,23.793455,38.004073
248,437,23.792825,38.003635
248,438,23.792625,38.003463
248,439,23.792515,38.003394
248,440,23.792055,38.002975
248,441,23.790775,38.002285
248,442,23.788866,38.001655
248,443,23.788555,38.001616
248,444,23.787316,38.002437
248,445,23.786576,38.002757
248,446,23.786525,38.002757
248,447,23.786137,38.002929
248,448,23.785566,38.003181
248,449,23.784706,38.003551
248,450,23.784607,38.004012
248,451,23.785837,38.005744
248,452,23.786167,38.006225
248,453,23.786757,38.007076
248,454,23.787068,38.007506
248,455,23.787087,38.007556
248,456,23.786346,38.008426
248,457,23.786226,38.008544
248,458,23.785037,38.009055
248,459,23.785166,38.009357
248,460,23.785265,38.009567
248,461,23.785324,38.009555
248,462,23.785244,38.009555
248,463,23.784884,38.009456
248,464,23.784803,38.009487
248,465,23.784803,38.009498
248,466,23.784893,38.009436
248,467,23.784583,38.009276
248,468,23.783132,38.009796
248,469,23.784852,38.011226
248,470,23.787304,38.013114
248,471,23.789993,38.015002
248,472,23.792503,38.015933
248,473,23.793884,38.016513
248,474,23.794155,38.016353
248,475,23.795425,38.015582
248,476,23.797036,38.015022
248,477,23.799014,38.01456
248,478,23.800385,38.014209
248,479,23.802015,38.0143
248,480,23.804075,38.014312
248,481,23.805605,38.013744
248,482,23.806474,38.013633
248,483,23.806984,38.014114
248,484,23.807363,38.015952
248,485,23.808153,38.017803
248,486,23.808773,38.018161
248,487,23.812332,38.016792
248,488,23.813103,38.016521
248,489,23.814022,38.01617
248,490,23.814481,38.016009
248,491,23.816323,38.016768
248,492,23.818592,38.019187
248,493,23.821212,38.020496
248,494,23.822523,38.019965
248,495,23.824773,38.019176
248,496,23.825113,38.019046
248,497,23.826183,38.018226
248,498,23.827244,38.017856
248,499,23.828533,38.016337
248,500,23.829634,38.015128
248,501,23.831253,38.014789
248,502,23.831583,38.014708
248,503,23.832763,38.015197
248,504,23.834154,38.015739
248,505,23.836744,38.015868
248,506,23.839964,38.015979
248,507,23.841743,38.017409
248,508,23.843593,38.017101
248,509,23.844043,38.015952
248,510,23.844274,38.015411
248,511,23.844595,38.014571
248,512,23.844614,38.01361
248,513,23.845943,38.012382
248,514,23.849844,38.012183
248,515,23.853695,38.011851
248,516,23.855484,38.010352
248,517,23.855123,38.008582
248,518,23.855253,38.007301
248,519,23.855854,38.005961
248,520,23.856354,38.00471
248,521,23.857174,38.00281
248,522,23.860745,38.000602
248,523,23.863924,37.99924
248,524,23.867245,37.997531
248,525,23.869674,37.996131
248,526,23.871115,37.995712
248,527,23.874654,37.992473
248,528,23.879244,37.989482
248,529,23.881174,37.98989
248,530,23.881255,37.989959
248,531,23.881273,37.989948
248,532,23.881323,37.990066
248,533,23.881393,37.990134
248,534,23.881393,37.990134
248,535,23.881853,37.990486
248,536,23.881934,37.990516
248,537,23.881934,37.990546
248,538,23.881433,37.990226
248,539,23.881334,37.990127
248,540,23.881325,37.990138
248,541,23.880954,37.98973
248,542,23.880094,37.98917
248,543,23.878025,37.99039
248,544,23.875234,37.992289
248,545,23.875885,37.99382
248,546,23.876005,37.99636
248,547,23.874574,37.997199
248,548,23.872525,37.997668
248,549,23.872154,37.999439
248,550,23.871624,38.00074
248,551,23.871094,38.00228
248,552,23.872133,38.003692
248,553,23.873104,38.004703
248,554,23.872454,38.005042
248,555,23.871303,38.005283
248,556,23.867943,38.005893
248,557,23.864844,38.006442
248,558,23.861664,38.007144
248,559,23.858583,38.007594
248,560,23.857603,38.007816
248,561,23.856462,38.008266
248,562,23.857011,38.009326
248,563,23.856271,38.010318
248,564,23.854271,38.012729
248,565,23.852661,38.0163
248,566,23.851141,38.019611
248,567,23.850012,38.021399
248,568,23.849992,38.021419
248,569,23.850594,38.0214
248,570,23.850964,38.02156
248,571,23.851664,38.021548
248,572,23.852374,38.021419
248,573,23.851842,38.02164
248,574,23.851663,38.021659
248,575,23.850683,38.021838
248,576,23.849712,38.021957
248,577,23.848942,38.022048
248,578,23.848152,38.022228
248,579,23.847122,38.022246
248,580,23.845623,38.022475
248,581,23.844503,38.022667
248,582,23.843924,38.022727
248,583,23.843973,38.022727
248,584,23.844123,38.022689
248,585,23.843954,38.02272
248,586,23.843924,38.02272
248,587,23.844143,38.022799
248,588,23.844072,38.022838
248,589,23.843933,38.022769
248,590,23.844013,38.022659
248,591,23.843883,38.022696
248,592,23.844134,38.022678
248,593,23.844953,38.022518
248,594,23.846153,38.022376
248,595,23.847504,38.022148
248,596,23.848373,38.022166
248,597,23.849194,38.022036
248,598,23.849973,38.021857
248,599,23.850544,38.021858
248,600,23.851454,38.021698
248,601,23.852574,38.021549
248,602,23.853523,38.021438
248,603,23.855154,38.021209
248,604,23.856844,38.020957
248,605,23.858435,38.020686
248,606,23.860285,38.020206
248,607,23.861694,38.019774
248,608,23.863994,38.018523
248,609,23.865904,38.017024
248,610,23.867513,38.016643
248,611,23.869194,38.017974
248,612,23.872163,38.017654
248,613,23.871734,38.015403
248,614,23.871285,38.012542
248,615,23.870803,38.009582
248,616,23.872064,38.007171
248,617,23.872074,38.005111
248,618,23.872534,38.00502
248,619,23.873014,38.004928
248,620,23.872784,38.004577
248,621,23.871733,38.003086
248,622,23.871212,38.001796
248,623,23.871912,37.999854
248,624,23.872382,37.998103
248,625,23.874491,37.997294
248,626,23.875882,37.996784
248,627,23.875742,37.993842
248,628,23.874873,37.992671
248,629,23.874862,37.992671
248,630,23.875002,37.992301
248,631,23.877312,37.99076
248,632,23.879871,37.989181
248,633,23.880722,37.98947
248,634,23.881272,37.990093
248,635,23.881331,37.990062
248,636,23.881272,37.99005
248,637,23.881312,37.990001
248,638,23.881252,37.989883
248,639,23.881202,37.989852
248,640,23.881172,37.989833
248,641,23.880293,37.989054
248,642,23.879442,37.989437
248,643,23.877052,37.990966
248,644,23.875051,37.992706
248,645,23.876232,37.994514
248,646,23.875803,37.996864
248,647,23.874172,37.995323
248,648,23.871582,37.996413
248,649,23.870463,37.996105
248,650,23.869883,37.996143
248,651,23.867153,37.997661
248,652,23.863462,37.999469
248,653,23.859842,38.001331
248,654,23.857933,38.0032
248,655,23.857964,38.005141
248,656,23.857983,38.00526
248,657,23.858022,38.0055
248,658,23.858103,38.005821
248,659,23.858102,38.005832
248,660,23.858193,38.006202
248,661,23.858202,38.006263
248,662,23.858211,38.006274
248,663,23.858252,38.006404
248,664,23.858301,38.006515
248,665,23.85848,38.007106
248,666,23.85848,38.007125
248,667,23.858601,38.007457
248,668,23.859201,38.007389
248,669,23.85922,38.007389
248,670,23.85935,38.007488
248,671,23.858511,38.007698
248,672,23.857031,38.008117
248,673,23.854832,38.008819
248,674,23.851852,38.009388
248,675,23.848692,38.009937
248,676,23.845851,38.010424
248,677,23.844192,38.010604
248,678,23.843983,38.010673
248,679,23.842992,38.010863
248,680,23.841432,38.011023
248,681,23.839822,38.011294
248,682,23.838953,38.011645
248,683,23.838234,38.011985
248,684,23.837604,38.012305
248,685,23.837105,38.012546
248,686,23.835825,38.013007
248,687,23.835105,38.013137
248,688,23.835066,38.013125
248,689,23.833765,38.013385
248,690,23.832516,38.013675
248,691,23.831135,38.013945
248,692,23.830175,38.014087
248,693,23.829765,38.014087
248,694,23.829586,38.014087
248,695,23.829426,38.014075
248,696,23.828966,38.014087
248,697,23.828146,38.014137
248,698,23.827976,38.014136
248,699,23.827597,38.014118
248,700,23.827097,38.014087
248,701,23.826678,38.014068
248,702,23.826606,38.014037
248,703,23.826187,38.014007
248,704,23.825746,38.013976
248,705,23.824767,38.013927
248,706,23.823376,38.013877
248,707,23.823065,38.013858
248,708,23.822954,38.013847
248,709,23.821515,38.013766
248,710,23.820823,38.013736
248,711,23.820565,38.013724
248,712,23.820545,38.013713
248,713,23.820365,38.013652
248,714,23.818836,38.013232
248,715,23.816875,38.012722
248,716,23.816326,38.01258
248,717,23.815746,38.012389
248,718,23.814016,38.01202
248,719,23.812277,38.011649
248,720,23.812086,38.011619
248,721,23.811815,38.011581
248,722,23.811245,38.011382
248,723,23.810535,38.011191
248,724,23.809665,38.01086
248,725,23.809306,38.01076
248,726,23.808725,38.010482
248,727,23.808525,38.010364
248,728,23.808525,38.010344
248,729,23.808426,38.010306
248,730,23.808145,38.010238
248,731,23.807825,38.010127
248,732,23.807005,38.009746
248,733,23.806565,38.009547
248,734,23.806305,38.009387
248,735,23.806165,38.009337
248,736,23.805716,38.009139
248,737,23.805456,38.009029
248,738,23.805246,38.008948
248,739,23.805206,38.008937
248,740,23.804975,38.008857
248,741,23.804895,38.008846
248,742,23.804676,38.008754
248,743,23.804645,38.008716
248,744,23.805145,38.008807
248,745,23.805635,38.008998
248,746,23.805745,38.009158
248,747,23.807245,38.00986
248,748,23.810825,38.011248
248,749,23.814307,38.01205
248,750,23.816057,38.012439
248,751,23.816886,38.01271
248,752,23.818557,38.01319
248,753,23.818588,38.01316
248,754,23.819819,38.01353
248,755,23.823259,38.013721
248,756,23.827811,38.013893
248,757,23.83202,38.013484
248,758,23.836149,38.012584
248,759,23.83976,38.011024
248,760,23.84235,38.010704
248,761,23.84629,38.010222
248,762,23.85124,38.009364
248,763,23.855021,38.008556
248,764,23.855251,38.007274
248,765,23.855772,38.005923
248,766,23.856293,38.004623
248,767,23.857263,38.002841
248,768,23.861343,38.000342
248,769,23.865142,37.998752
248,770,23.868803,37.99673
248,771,23.870942,37.995879
248,772,23.874043,37.993011
248,773,23.877743,37.99052
248,774,23.880203,37.989059
248,775,23.881054,37.98989
248,776,23.881073,37.990459
248,777,23.881104,37.990459
248,778,23.881113,37.990527
248,779,23.881252,37.990386
248,780,23.881271,37.990325
248,781,23.881311,37.990184
248,782,23.881382,37.990066
248,783,23.881422,37.990005
248,784,23.881453,37.989986
248,785,23.881222,37.989806
248,786,23.880411,37.989055
248,787,23.879751,37.989215
248,788,23.878012,37.990314
248,789,23.875492,37.992045
248,790,23.875732,37.993484
248,791,23.876083,37.996062
248,792,23.874843,37.997073
248,793,23.872512,37.997673
248,794,23.872182,37.999442
248,795,23.871653,38.000632
248,796,23.871052,38.002124
248,797,23.871922,38.003283
248,798,23.873031,38.004425
248,799,23.872523,38.004825
248,800,23.872002,38.006205
248,801,23.870771,38.008494
248,802,23.871201,38.011573
248,803,23.8715,38.013194
248,804,23.87158,38.013866
248,805,23.871891,38.015754
248,806,23.872101,38.016963
248,807,23.87059,38.017741
248,808,23.868021,38.017772
248,809,23.86676,38.016273
248,810,23.86647,38.016433
248,811,23.86483,38.017963
248,812,23.862419,38.019481
248,813,23.860599,38.020233
248,814,23.859619,38.020312
248,815,23.858459,38.020652
248,816,23.857179,38.020862
248,817,23.855939,38.021053
248,818,23.854749,38.021224
248,819,23.853609,38.021365
248,820,23.852479,38.021526
248,821,23.85157,38.021644
248,822,23.850669,38.021835
248,823,23.84965,38.021914
248,824,23.848628,38.022075
248,825,23.847609,38.022155
248,826,23.846479,38.022334
248,827,23.845378,38.022464
248,828,23.844358,38.022643
248,829,23.843269,38.022693
248,830,23.84294,38.022692
248,831,23.842909,38.022693
248,832,23.843008,38.022521
248,833,23.843498,38.02246
248,834,23.844148,38.022391
248,835,23.844568,38.022403
248,836,23.844518,38.022342
248,837,23.844469,38.022342
248,838,23.84488,38.022304
248,839,23.845598,38.022052
248,840,23.845448,38.022063
248,841,23.844748,38.022182
248,842,23.844386,38.02222
248,843,23.844368,38.022209
248,844,23.843318,38.02235
248,845,23.842717,38.022541
248,846,23.842717,38.022601
248,847,23.842796,38.022601
248,848,23.843656,38.022613
248,849,23.845026,38.022483
248,850,23.846407,38.022364
248,851,23.847736,38.022144
248,852,23.848656,38.022064
248,853,23.849655,38.021984
248,854,23.850395,38.021933
248,855,23.851314,38.021804
248,856,23.852175,38.021686
248,857,23.853084,38.021556
248,858,23.853945,38.021446
248,859,23.854876,38.021346
248,860,23.855736,38.021175
248,861,23.856626,38.021045
248,862,23.857537,38.020916
248,863,23.858427,38.020797
248,864,23.859377,38.020625
248,865,23.860157,38.020346
248,866,23.861027,38.020095
248,867,23.862306,38.019515
248,868,23.865036,38.017775
248,869,23.866655,38.016387
248,870,23.866066,38.015979
248,871,23.865856,38.015041
248,872,23.865696,38.013919
248,873,23.865647,38.012557
248,874,23.864016,38.011936
248,875,23.862385,38.011794
248,876,23.861324,38.011913
248,877,23.860405,38.013202
248,878,23.860464,38.015361
248,879,23.859033,38.016509
248,880,23.855743,38.017108
248,881,23.853964,38.017547
248,882,23.851844,38.017776
248,883,23.848694,38.017936
248,884,23.846033,38.018336
248,885,23.845733,38.018447
248,886,23.845462,38.018249
248,887,23.845293,38.018569
248,888,23.845333,38.018688
248,889,23.845013,38.018508
