249,1,23.84515,38.01866
249,2,23.84509,38.018531
249,3,23.845011,38.018321
249,4,23.84493,38.018172
249,5,23.84527,38.018062
249,6,23.84527,38.018062
249,7,23.84539,38.018073
249,8,23.84563,38.018172
249,9,23.847101,38.017833
249,10,23.847601,38.017753
249,11,23.847641,38.017753
249,12,23.84929,38.017672
249,13,23.852011,38.017543
249,14,23.85359,38.013992
249,15,23.85556,38.01068
249,16,23.855501,38.010429
249,17,23.855191,38.008868
249,18,23.855131,38.008617
249,19,23.85522,38.007167
249,20,23.855701,38.005447
249,21,23.856161,38.003875
249,22,23.856801,38.003024
249,23,23.860912,38.000515
249,24,23.865013,37.998756
249,25,23.868713,37.996708
249,26,23.871384,37.995666
249,27,23.874883,37.992355
249,28,23.879253,37.989493
249,29,23.880444,37.989193
249,30,23.880813,37.989544
249,31,23.880983,37.989642
249,32,23.881014,37.989631
249,33,23.881264,37.989883
249,34,23.881414,37.990123
249,35,23.881433,37.990085
249,36,23.881433,37.990116
249,37,23.881243,37.990005
249,38,23.881162,37.990074
249,39,23.880713,37.989993
249,40,23.880062,37.989272
249,41,23.879482,37.989512
249,42,23.877402,37.990771
249,43,23.874872,37.992522
249,44,23.875952,37.994102
249,45,23.875881,37.996593
249,46,23.874741,37.99589
249,47,23.87298,37.995719
249,48,23.86977,37.996181
249,49,23.866951,37.997729
249,50,23.86346,37.999469
249,51,23.86001,38.001178
249,52,23.857861,38.00309
249,53,23.857851,38.005038
249,54,23.857851,38.005149
249,55,23.85791,38.005439
249,56,23.857959,38.00566
249,57,23.85805,38.005981
249,58,23.85812,38.006141
249,59,23.85812,38.006141
249,60,23.858259,38.006549
249,61,23.858269,38.006549
249,62,23.858288,38.006611
249,63,23.858408,38.006968
249,64,23.858408,38.00698
249,65,23.858559,38.007399
249,66,23.856909,38.00798
249,67,23.853548,38.008971
249,68,23.849259,38.009723
249,69,23.845429,38.010345
249,70,23.842529,38.010677
249,71,23.838958,38.011466
249,72,23.837158,38.012367
249,73,23.836989,38.012458
249,74,23.836149,38.012767
249,75,23.8342,38.013198
249,76,23.83414,38.01321
249,77,23.83276,38.013519
249,78,23.8316,38.01377
249,79,23.829991,38.01398
249,80,23.827671,38.014011
249,81,23.826651,38.01398
249,82,23.825562,38.013942
249,83,23.824352,38.013862
249,84,23.823602,38.01385
249,85,23.822462,38.013789
249,86,23.822403,38.013789
249,87,23.820263,38.013591
249,88,23.817453,38.012821
249,89,23.815754,38.012321
249,90,23.815474,38.01226
249,91,23.814344,38.012019
249,92,23.813314,38.011729
249,93,23.812344,38.01155
249,94,23.812093,38.01152
249,95,23.810184,38.0111
249,96,23.807684,38.01007
249,97,23.806524,38.009528
249,98,23.806154,38.009349
249,99,23.805133,38.008849
249,100,23.804874,38.008739
249,101,23.804335,38.008499
249,102,23.804045,38.008369
249,103,23.803234,38.008036
249,104,23.802775,38.007865
249,105,23.802574,38.007815
249,106,23.802524,38.007815
249,107,23.802306,38.007777
249,108,23.800255,38.007179
249,109,23.798815,38.006846
249,110,23.798075,38.006538
249,111,23.798056,38.006549
249,112,23.796585,38.006049
249,113,23.795145,38.005248
249,114,23.794944,38.005108
249,115,23.794904,38.005107
249,116,23.794146,38.004596
249,117,23.793677,38.004264
249,118,23.793486,38.004123
249,119,23.793365,38.004031
249,120,23.792116,38.003012
249,121,23.792006,38.002894
249,122,23.791836,38.002704
249,123,23.791306,38.002395
249,124,23.790525,38.002124
249,125,23.788965,38.001636
249,126,23.787324,38.000964
249,127,23.785905,38.000144
249,128,23.784916,37.999576
249,129,23.784475,37.999244
249,130,23.784435,37.999256
249,131,23.783016,37.998107
249,132,23.780507,37.996356
249,133,23.777796,37.994735
249,134,23.776226,37.993605
249,135,23.776446,37.992366
249,136,23.777496,37.990397
249,137,23.779445,37.987979
249,138,23.781675,37.985469
249,139,23.781854,37.983477
249,140,23.780825,37.982768
249,141,23.780624,37.98262
249,142,23.781574,37.982108
249,143,23.781805,37.981047
249,144,23.780325,37.980117
249,145,23.778844,37.979415
249,146,23.777165,37.979515
249,147,23.776424,37.978873
249,148,23.777414,37.977893
249,149,23.777584,37.977393
249,150,23.777534,37.977023
249,151,23.777534,37.976974
249,152,23.777584,37.976986
249,153,23.777634,37.977526
249,154,23.777044,37.978278
249,155,23.776224,37.979167
249,156,23.777803,37.979278
249,157,23.779434,37.97945
249,158,23.778784,37.977969
249,159,23.779913,37.97708
249,160,23.779904,37.97705
249,161,23.779792,37.97692
249,162,23.779872,37.97721
249,163,23.779783,37.977302
249,164,23.779783,37.977313
249,165,23.779273,37.977634
249,166,23.779394,37.978923
249,167,23.780384,37.980044
249,168,23.782003,37.980976
249,169,23.780834,37.982455
249,170,23.780834,37.982455
249,171,23.782604,37.983756
249,172,23.783193,37.983955
249,173,23.785993,37.983596
249,174,23.789333,37.985107
249,175,23.792142,37.986496
249,176,23.792942,37.985824
249,177,23.793411,37.984904
249,178,23.794811,37.985305
249,179,23.796651,37.986625
249,180,23.798601,37.987865
249,181,23.80046,37.988833
249,182,23.802031,37.989715
249,183,23.80433,37.991233
249,184,23.806401,37.992603
249,185,23.809031,37.995124
249,186,23.811201,37.996875
249,187,23.813471,37.997824
249,188,23.816591,37.998713
249,189,23.81735,37.999362
249,190,23.81859,38.000644
249,191,23.82076,38.003135
249,192,23.821951,38.004226
249,193,23.822031,38.004344
249,194,23.8227,38.004794
249,195,23.82312,38.004615
249,196,23.823431,38.004615
249,197,23.824212,38.004455
249,198,23.824221,38.004455
249,199,23.825081,38.004844
249,200,23.827081,38.006305
249,201,23.827671,38.006706
249,202,23.829591,38.007995
249,203,23.831962,38.009803
249,204,23.833224,38.011005
249,205,23.833273,38.012794
249,206,23.833273,38.012824
249,207,23.834053,38.012924
249,208,23.837303,38.011993
249,209,23.838423,38.011482
249,210,23.839693,38.011001
249,211,23.840423,38.01086
249,212,23.841814,38.010699
249,213,23.842113,38.010669
249,214,23.843503,38.01052
249,215,23.844974,38.01036
249,216,23.846245,38.010162
249,217,23.849224,38.009612
249,218,23.853704,38.008854
249,219,23.854765,38.007674
249,220,23.854965,38.006236
249,221,23.855675,38.005416
249,222,23.856265,38.004424
249,223,23.856353,38.003223
249,224,23.857972,38.002372
249,225,23.860343,38.000881
249,226,23.863903,37.99924
249,227,23.867264,37.997508
249,228,23.871233,37.995647
249,229,23.874273,37.992717
249,230,23.878072,37.990169
249,231,23.880323,37.989028
249,232,23.881243,37.990047
249,233,23.881342,37.990016
249,234,23.881752,37.990367
249,235,23.881903,37.990497
249,236,23.881993,37.990527
249,237,23.881872,37.990516
