25,1,23.843134,37.997085
25,2,23.842744,37.995124
25,3,23.843994,37.994445
25,4,23.847445,37.994586
25,5,23.847966,37.994365
25,6,23.849196,37.992633
25,7,23.850576,37.995402
25,8,23.850336,37.997982
25,9,23.852016,37.999252
25,10,23.852627,37.99863
25,11,23.853996,37.998001
25,12,23.857406,37.997611
25,13,23.858147,37.998802
25,14,23.858057,38.001002
25,15,23.858507,38.002082
25,16,23.861828,38.000022
25,17,23.865298,37.998561
25,18,23.868708,37.996672
25,19,23.871539,37.995574
25,20,23.874328,37.992682
25,21,23.878449,37.989963
25,22,23.880268,37.989104
25,23,23.881208,37.990066
25,24,23.881239,37.989997
25,25,23.88184,37.990547
25,26,23.88184,37.990577
25,27,23.88184,37.990596
25,28,23.881331,37.990115
25,29,23.881331,37.990115
25,30,23.88126,37.989974
25,31,23.88027,37.989044
25,32,23.87866,37.989932
25,33,23.87649,37.991343
25,34,23.87528,37.992195
25,35,23.873991,37.993133
25,36,23.872601,37.995044
25,37,23.87112,37.995803
25,38,23.868931,37.996623
25,39,23.8682,37.997085
25,40,23.865632,37.998446
25,41,23.864131,37.999198
25,42,23.861153,38.000408
25,43,23.858053,38.002456
25,44,23.858043,38.005146
25,45,23.858493,38.006934
25,46,23.858574,38.007285
25,47,23.858593,38.007354
25,48,23.859984,38.007293
25,49,23.860453,38.007282
25,50,23.860693,38.007953
25,51,23.861054,38.010104
25,52,23.860754,38.012404
25,53,23.860403,38.014453
25,54,23.860394,38.018122
25,55,23.860384,38.019893
25,56,23.860384,38.019904
25,57,23.860214,38.021076
25,58,23.859644,38.023544
25,59,23.859624,38.023662
25,60,23.859274,38.024032
25,61,23.855663,38.024772
25,62,23.851614,38.025832
25,63,23.850723,38.026141
25,64,23.850492,38.026222
25,65,23.847843,38.02708
25,66,23.844722,38.028869
25,67,23.843671,38.027919
25,68,23.841972,38.027698
25,69,23.838953,38.028987
25,70,23.838833,38.029026
25,71,23.838682,38.029094
25,72,23.838522,38.029155
25,73,23.838201,38.029296
25,74,23.838201,38.029296
25,75,23.837992,38.029395
25,76,23.837982,38.029396
25,77,23.837733,38.029506
25,78,23.837733,38.029506
25,79,23.837622,38.029544
25,80,23.837181,38.029643
25,81,23.837141,38.029582
25,82,23.836911,38.02925
25,83,23.83683,38.029151
25,84,23.836071,38.02811
25,85,23.835892,38.027911
25,86,23.835682,38.02769
25,87,23.835681,38.027652
25,88,23.835611,38.027591
25,89,23.835331,38.02727
25,90,23.835272,38.027232
25,91,23.835262,38.027202
25,92,23.835031,38.026992
25,93,23.8348,38.026782
25,94,23.834622,38.026611
25,95,23.834161,38.02621
25,96,23.833591,38.025291
25,97,23.832291,38.02436
25,98,23.829351,38.023528
25,99,23.828152,38.023239
25,100,23.827621,38.023128
25,101,23.826762,38.022956
25,102,23.822811,38.022204
25,103,23.819552,38.021605
25,104,23.815321,38.020805
25,105,23.811522,38.020004
25,106,23.810202,38.019702
25,107,23.809551,38.019542
25,108,23.808941,38.019443
25,109,23.808882,38.019442
25,110,23.807852,38.019244
25,111,23.807821,38.019214
25,112,23.80651,38.018912
25,113,23.805111,38.018612
25,114,23.804481,38.018451
25,115,23.803892,38.018359
25,116,23.803352,38.018268
25,117,23.802952,38.018169
25,118,23.802012,38.017958
25,119,23.802002,38.017929
25,120,23.801261,38.017787
25,121,23.800611,38.017677
25,122,23.800552,38.017665
25,123,23.799501,38.017516
25,124,23.799002,38.017448
25,125,23.79803,38.01741
25,126,23.797501,38.01744
25,127,23.79745,38.01744
25,128,23.79611,38.017928
25,129,23.79604,38.01794
25,130,23.796,38.017909
25,131,23.795848,38.017947
25,132,23.793959,38.016558
25,133,23.790988,38.01546
25,134,23.788578,38.013801
25,135,23.785837,38.01184
25,136,23.783367,38.010058
25,137,23.783187,38.009948
25,138,23.783727,38.009517
25,139,23.784957,38.009246
25,140,23.785097,38.009365
25,141,23.785097,38.009365
25,142,23.785107,38.009513
25,143,23.785257,38.009525
25,144,23.784776,38.009185
25,145,23.783367,38.009665
25,146,23.783077,38.009765
25,147,23.785328,38.011435
25,148,23.787658,38.013157
25,149,23.790239,38.015025
25,150,23.793271,38.016185
25,151,23.79396,38.016536
25,152,23.795271,38.017436
25,153,23.795521,38.017688
25,154,23.795552,38.017699
25,155,23.795741,38.017871
25,156,23.798452,38.017241
25,157,23.801872,38.017703
25,158,23.803661,38.018134
25,159,23.805392,38.018485
25,160,23.805901,38.018604
25,161,23.806641,38.018775
25,162,23.8067,38.018805
25,163,23.809559,38.019355
25,164,23.813319,38.020255
25,165,23.817959,38.021156
25,166,23.822338,38.021994
25,167,23.823889,38.022265
25,168,23.824039,38.022296
25,169,23.82423,38.022346
25,170,23.82481,38.022456
25,171,23.825121,38.022518
25,172,23.825441,38.022579
25,173,23.825571,38.022598
25,174,23.826531,38.022777
25,175,23.826721,38.022815
25,176,23.827011,38.022876
25,177,23.82715,38.022895
25,178,23.827569,38.022964
25,179,23.827739,38.023002
25,180,23.8279,38.02304
25,181,23.828109,38.02309
25,182,23.828479,38.023158
25,183,23.82852,38.023177
25,184,23.828859,38.022838
25,185,23.830209,38.022906
25,186,23.831829,38.022136
25,187,23.832999,38.021907
25,188,23.834309,38.021236
25,189,23.835289,38.020106
25,190,23.833289,38.018096
25,191,23.831688,38.016547
25,192,23.829708,38.015055
25,193,23.831679,38.014647
25,194,23.832249,38.014537
25,195,23.832308,38.014537
25,196,23.832407,38.014537
25,197,23.833117,38.014388
25,198,23.833126,38.014369
25,199,23.833326,38.014018
25,200,23.833326,38.014018
25,201,23.833206,38.01361
25,202,23.835667,38.01274
25,203,23.839996,38.010982
25,204,23.845036,38.010391
25,205,23.850975,38.00936
25,206,23.855014,38.008281
25,207,23.854995,38.006351
25,208,23.856216,38.005302
25,209,23.856126,38.00336
25,210,23.859676,38.001399
25,211,23.863935,37.99929
25,212,23.867836,37.997249
25,213,23.871446,37.99562
25,214,23.873797,37.993122
25,215,23.878176,37.990142
25,216,23.880476,37.989284
25,217,23.881316,37.990245
25,218,23.881374,37.990177
25,219,23.881433,37.990097
25,220,23.881344,37.989924
25,221,23.881424,37.989913
25,222,23.881164,37.990093
25,223,23.881224,37.990104
25,224,23.881994,37.990752
25,225,23.882434,37.989303
25,226,23.883045,37.987713
25,227,23.886206,37.986022
25,228,23.890556,37.983432
25,229,23.894637,37.980682
25,230,23.898466,37.978214
25,231,23.902515,37.975543
25,232,23.904915,37.972305
25,233,23.905544,37.969264
25,234,23.906834,37.968185
25,235,23.910404,37.968185
25,236,23.914244,37.967815
25,237,23.918564,37.966747
25,238,23.922134,37.965938
25,239,23.924644,37.967628
25,240,23.927833,37.970668
25,241,23.931284,37.973468
25,242,23.933973,37.97718
25,243,23.934794,37.981509
25,244,23.935074,37.985721
25,245,23.937784,37.989459
25,246,23.939754,37.992199
25,247,23.940485,37.995528
25,248,23.941775,37.999549
25,249,23.941564,38.001788
25,250,23.941564,38.001819
25,251,23.942835,38.002578
25,252,23.947356,38.003967
25,253,23.953004,38.005477
25,254,23.957365,38.006828
25,255,23.961954,38.007976
25,256,23.966974,38.009395
25,257,23.971905,38.011024
25,258,23.976055,38.013835
25,259,23.977465,38.015346
25,260,23.979704,38.017974
25,261,23.980983,38.019393
25,262,23.981144,38.019584
25,263,23.981225,38.019763
25,264,23.982503,38.021915
25,265,23.983194,38.024966
25,266,23.982143,38.027446
25,267,23.983293,38.029944
25,268,23.984514,38.032756
25,269,23.987225,38.035464
25,270,23.989695,38.038036
25,271,23.990114,38.041137
25,272,23.988835,38.044196
25,273,23.988044,38.047088
25,274,23.987465,38.049376
25,275,23.985994,38.051956
25,276,23.984415,38.054687
25,277,23.983074,38.058215
25,278,23.981745,38.061325
25,279,23.981844,38.064044
25,280,23.981933,38.065315
25,281,23.981874,38.065673
25,282,23.981825,38.065673
25,283,23.981834,38.065475
25,284,23.981834,38.065475
25,285,23.981843,38.065376
25,286,23.981693,38.062885
25,287,23.982152,38.060355
25,288,23.983624,38.056804
25,289,23.985643,38.052432
25,290,23.987633,38.048491
25,291,23.988462,38.04539
25,292,23.989804,38.041709
25,293,23.989543,38.037658
25,294,23.985693,38.034526
25,295,23.983812,38.030868
25,296,23.982462,38.026858
25,297,23.982582,38.022178
25,298,23.980782,38.019156
25,299,23.978281,38.017188
25,300,23.976921,38.014579
25,301,23.973551,38.012031
25,302,23.968841,38.010421
25,303,23.964691,38.008262
25,304,23.959951,38.00793
25,305,23.9554,38.006469
25,306,23.950571,38.005039
25,307,23.94539,38.003448
25,308,23.94329,38.002776
25,309,23.941471,38.002215
25,310,23.941742,38.001464
25,311,23.941342,37.998233
25,312,23.940152,37.993724
25,313,23.937851,37.989505
25,314,23.935042,37.985503
25,315,23.93481,37.981143
25,316,23.933851,37.976382
25,317,23.930401,37.972724
25,318,23.92691,37.969573
25,319,23.923629,37.966842
25,320,23.92247,37.966071
25,321,23.92247,37.966071
25,322,23.921961,37.965911
25,323,23.919142,37.96662
25,324,23.914732,37.967689
25,325,23.909801,37.968177
25,326,23.906622,37.968646
25,327,23.905691,37.970035
25,328,23.905281,37.970683
25,329,23.905222,37.970713
25,330,23.905212,37.970725
25,331,23.905002,37.970077
25,332,23.904533,37.968898
25,333,23.905604,37.968738
25,334,23.905603,37.969897
25,335,23.904334,37.97369
25,336,23.899893,37.977321
25,337,23.895033,37.98046
25,338,23.890374,37.983593
25,339,23.885563,37.986404
25,340,23.882853,37.987735
25,341,23.880312,37.989025
25,342,23.881351,37.990092
25,343,23.881361,37.990081
25,344,23.881361,37.990092
25,345,23.881281,37.989982
25,346,23.881201,37.990062
25,347,23.881821,37.990501
25,348,23.88212,37.990908
25,349,23.88162,37.992759
25,350,23.88076,37.995891
25,351,23.880119,37.999031
25,352,23.880619,38.00241
25,353,23.880638,38.002841
25,354,23.880638,38.00296
25,355,23.880638,38.003169
25,356,23.880679,38.003188
25,357,23.880709,38.003329
25,358,23.880739,38.003341
25,359,23.879439,38.0037
25,360,23.876588,38.003791
25,361,23.875538,38.004062
25,362,23.873737,38.00463
25,363,23.872267,38.005092
25,364,23.872056,38.006362
25,365,23.870827,38.008441
25,366,23.871126,38.01136
25,367,23.871675,38.014621
25,368,23.872175,38.017421
25,369,23.869366,38.01794
25,370,23.867645,38.017101
25,371,23.866264,38.01657
25,372,23.865135,38.017692
25,373,23.863574,38.018802
25,374,23.862005,38.019633
25,375,23.861016,38.020053
25,376,23.860996,38.020102
25,377,23.860426,38.020313
25,378,23.859316,38.020683
25,379,23.857765,38.020732
25,380,23.855625,38.021083
25,381,23.853865,38.021323
25,382,23.852445,38.021533
25,383,23.850855,38.021762
25,384,23.849646,38.021984
25,385,23.848727,38.022021
25,386,23.847576,38.02214
25,387,23.845997,38.022399
25,388,23.844596,38.022609
25,389,23.843427,38.022719
25,390,23.842589,38.02272
25,391,23.84294,38.022609
25,392,23.843319,38.022548
25,393,23.844,38.022449
25,394,23.84361,38.022429
25,395,23.843611,38.022548
25,396,23.84334,38.022449
25,397,23.843411,38.02243
25,398,23.84291,38.02254
25,399,23.843419,38.022659
25,400,23.844549,38.022578
25,401,23.84598,38.022358
25,402,23.84751,38.022117
25,403,23.84865,38.022006
25,404,23.8498,38.021865
25,405,23.850731,38.021754
25,406,23.852181,38.021534
25,407,23.85108,38.021552
25,408,23.85029,38.021102
25,409,23.85038,38.020881
25,410,23.85038,38.020881
25,411,23.850821,38.020152
25,412,23.852041,38.017452
25,413,23.85358,38.014003
25,414,23.855311,38.010913
25,415,23.857281,38.009395
25,416,23.85791,38.008594
25,417,23.857521,38.008132
25,418,23.857531,38.008101
25,419,23.857441,38.007961
25,420,23.856981,38.00685
25,421,23.855242,38.007048
25,422,23.855803,38.005718
25,423,23.856332,38.004607
25,424,23.856801,38.002997
25,425,23.860362,38.000876
25,426,23.863941,37.999255
25,427,23.867191,37.997566
25,428,23.871132,37.995704
25,429,23.873922,37.993003
25,430,23.876963,37.990924
25,431,23.880123,37.988975
25,432,23.881094,37.989806
25,433,23.881415,37.990188
25,434,23.881525,37.990237
25,435,23.881534,37.990237
25,436,23.881605,37.990417
25,437,23.881756,37.990528
25,438,23.881855,37.990619
25,439,23.881926,37.990558
25,440,23.881906,37.990467
25,441,23.881497,37.990226
25,442,23.881466,37.990226
25,443,23.880997,37.989707
25,444,23.880427,37.989165
25,445,23.879776,37.989296
25,446,23.877636,37.990615
25,447,23.875316,37.992206
25,448,23.873377,37.994167
25,449,23.871247,37.995807
25,450,23.867857,37.997306
25,451,23.864587,37.999026
25,452,23.861318,38.000335
25,453,23.858359,38.002265
25,454,23.857958,38.002735
25,455,23.857918,38.004836
25,456,23.856447,38.005065
25,457,23.856108,38.003425
25,458,23.854878,38.004103
25,459,23.853998,38.005984
25,460,23.852838,38.006156
25,461,23.852049,38.006205
25,462,23.851938,38.006236
25,463,23.851819,38.006266
25,464,23.850548,38.006656
25,465,23.849167,38.007297
25,466,23.848738,38.007258
25,467,23.848498,38.00708
25,468,23.847128,38.00711
25,469,23.847028,38.00804
25,470,23.847149,38.00904
25,471,23.84779,38.008819
25,472,23.84749,38.008849
25,473,23.84717,38.009009
25,474,23.84717,38.009021
25,475,23.84717,38.009113
25,476,23.84872,38.009181
25,477,23.84968,38.009513
25,478,23.85292,38.008972
25,479,23.85337,38.00735
25,480,23.854511,38.0046
25,481,23.856432,38.003119
25,482,23.859781,38.001281
25,483,23.863371,37.99942
25,484,23.866571,37.997879
25,485,23.87004,37.995978
25,486,23.870071,37.995967
25,487,23.871412,37.995586
25,488,23.873913,37.992995
25,489,23.878023,37.990215
25,490,23.880653,37.989314
25,491,23.881354,37.990035
25,492,23.881314,37.990005
25,493,23.881343,37.989993
25,494,23.881914,37.990504
25,495,23.882053,37.990665
25,496,23.882013,37.990634
25,497,23.881914,37.990566
25,498,23.881895,37.990596
25,499,23.881516,37.990386
25,500,23.881306,37.990107
25,501,23.881195,37.989959
25,502,23.881195,37.989948
25,503,23.880924,37.989669
25,504,23.880295,37.989028
25,505,23.883135,37.987727
25,506,23.887945,37.985126
25,507,23.892284,37.982337
25,508,23.897045,37.979217
25,509,23.901725,37.976218
25,510,23.904855,37.972659
25,511,23.905655,37.968799
25,512,23.906305,37.9659
25,513,23.906435,37.96424
25,514,23.902355,37.963192
25,515,23.898186,37.962642
25,516,23.894935,37.959643
25,517,23.892105,37.957324
25,518,23.888016,37.956435
25,519,23.884035,37.954314
25,520,23.879465,37.953612
25,521,23.874805,37.952754
25,522,23.870105,37.952026
25,523,23.865575,37.951866
25,524,23.862255,37.951686
25,525,23.862086,37.951717
25,526,23.862066,37.951717
25,527,23.862516,37.950626
25,528,23.863476,37.949054
25,529,23.865446,37.946075
25,530,23.866976,37.942664
25,531,23.867876,37.939365
25,532,23.869136,37.936164
25,533,23.870318,37.933364
25,534,23.872447,37.933093
25,535,23.875127,37.933131
25,536,23.876318,37.932811
25,537,23.877938,37.93201
25,538,23.877808,37.931949
25,539,23.877657,37.93161
25,540,23.877317,37.931572
25,541,23.877277,37.931502
25,542,23.877777,37.931812
25,543,23.876867,37.93254
25,544,23.874597,37.933021
25,545,23.871868,37.933082
25,546,23.870428,37.933253
25,547,23.869438,37.935504
25,548,23.868168,37.938704
25,549,23.867267,37.942035
25,550,23.865837,37.945495
25,551,23.864156,37.948035
25,552,23.862697,37.950447
25,553,23.862398,37.950908
25,554,23.861148,37.952598
25,555,23.859349,37.955058
25,556,23.857279,37.957839
25,557,23.856227,37.959869
25,558,23.854758,37.962817
25,559,23.853987,37.965297
25,560,23.853296,37.967677
25,561,23.853436,37.970797
25,562,23.853695,37.974647
25,563,23.852925,37.978248
25,564,23.852535,37.979586
25,565,23.852304,37.980426
25,566,23.851904,37.981815
25,567,23.851694,37.982543
25,568,23.851484,37.983253
25,569,23.851154,37.984481
25,570,23.850843,37.986152
25,571,23.850794,37.986164
25,572,23.850754,37.986304
25,573,23.850504,37.988482
25,574,23.849863,37.990505
25,575,23.849034,37.992786
25,576,23.847703,37.995666
25,577,23.847284,37.997367
25,578,23.847204,37.997428
25,579,23.845304,37.99757
25,580,23.845434,37.998691
25,581,23.843994,37.999221
25,582,23.843525,37.999282
25,583,23.843444,37.998592
25,584,23.843475,37.998111
25,585,23.843546,37.998061
