252,1,23.853051,38.008117
252,2,23.853331,38.007606
252,3,23.8537,38.006397
252,4,23.85442,38.004645
252,5,23.855891,38.003337
252,6,23.85743,38.002566
252,7,23.85929,38.001548
252,8,23.862629,37.999649
252,9,23.866058,37.998107
252,10,23.869318,37.996196
252,11,23.871338,37.995628
252,12,23.873919,37.993026
252,13,23.877477,37.990615
252,14,23.880408,37.989165
252,15,23.881427,37.990184
252,16,23.881458,37.990234
252,17,23.881829,37.990554
252,18,23.882408,37.989883
252,19,23.882917,37.987872
252,20,23.885517,37.986412
252,21,23.889207,37.98437
252,22,23.892938,37.98183
252,23,23.897008,37.97919
252,24,23.901348,37.976371
252,25,23.904688,37.972869
252,26,23.905589,37.96902
252,27,23.906328,37.965549
252,28,23.906587,37.964229
252,29,23.903649,37.963558
252,30,23.899988,37.963077
252,31,23.896587,37.961356
252,32,23.893797,37.958286
252,33,23.890596,37.956946
252,34,23.886437,37.955707
252,35,23.881996,37.953818
252,36,23.877287,37.95325
252,37,23.872247,37.952182
252,38,23.867397,37.952102
252,39,23.863358,37.951503
252,40,23.862177,37.951614
252,41,23.862158,37.951625
252,42,23.862389,37.950793
252,43,23.863918,37.948264
252,44,23.867258,37.945514
252,45,23.871377,37.942474
252,46,23.875297,37.939064
252,47,23.879038,37.935493
252,48,23.882748,37.931964
252,49,23.885757,37.928543
252,50,23.883377,37.924831
252,51,23.887817,37.922412
252,52,23.891407,37.919204
252,53,23.893846,37.915134
252,54,23.894606,37.910663
252,55,23.894186,37.905963
252,56,23.894565,37.904002
252,57,23.894575,37.903991
252,58,23.896595,37.902191
252,59,23.901365,37.901401
252,60,23.906246,37.89899
252,61,23.911246,37.896122
252,62,23.915994,37.893123
252,63,23.920414,37.890152
252,64,23.923504,37.88708
252,65,23.923924,37.886631
252,66,23.924774,37.886772
252,67,23.924965,37.886962
252,68,23.925134,37.887073
252,69,23.925165,37.887111
252,70,23.925045,37.88705
252,71,23.924484,37.88689
252,72,23.924565,37.887081
252,73,23.924506,37.88689
252,74,23.924085,37.886691
252,75,23.924085,37.886691
252,76,23.924386,37.885391
252,77,23.924576,37.88502
252,78,23.925926,37.88272
252,79,23.927227,37.880172
252,80,23.925667,37.877411
252,81,23.923548,37.87495
252,82,23.921608,37.872748
252,83,23.920967,37.87078
252,84,23.919296,37.86946
252,85,23.918217,37.868579
252,86,23.916506,37.867839
252,87,23.914575,37.867308
252,88,23.912186,37.866859
252,89,23.910486,37.866748
252,90,23.911256,37.867408
252,91,23.911487,37.868469
252,92,23.910908,37.86893
252,93,23.909937,37.868621
252,94,23.909177,37.868873
252,95,23.908277,37.868755
252,96,23.907177,37.868644
252,97,23.906946,37.868594
252,98,23.906816,37.868655
252,99,23.907325,37.868724
252,100,23.908125,37.868835
252,101,23.909214,37.868946
252,102,23.909914,37.868716
252,103,23.910503,37.868736
252,104,23.910863,37.868995
252,105,23.911253,37.868644
252,106,23.911404,37.867953
252,107,23.910654,37.867183
252,108,23.910864,37.866794
252,109,23.912282,37.866912
252,110,23.913613,37.86703
252,111,23.914331,37.86724
252,112,23.915081,37.867531
252,113,23.91658,37.867931
252,114,23.91802,37.868473
252,115,23.91905,37.869274
252,116,23.92024,37.870105
252,117,23.92128,37.871234
252,118,23.92173,37.873264
252,119,23.92317,37.874683
252,120,23.925141,37.876182
252,121,23.927249,37.876883
252,122,23.928931,37.877524
252,123,23.92976,37.876216
252,124,23.931,37.874138
252,125,23.931249,37.873805
252,126,23.931709,37.874335
252,127,23.932239,37.875667
252,128,23.933079,37.877547
252,129,23.933048,37.879569
252,130,23.930868,37.88063
252,131,23.928438,37.88164
252,132,23.927278,37.883503
252,133,23.927528,37.884624
252,134,23.928407,37.885985
252,135,23.929518,37.887607
252,136,23.930597,37.888007
252,137,23.932518,37.887256
252,138,23.934399,37.886486
252,139,23.93624,37.885715
252,140,23.937528,37.885566
252,141,23.939388,37.886737
252,142,23.942058,37.887546
252,143,23.944149,37.889064
252,144,23.946008,37.891723
252,145,23.94958,37.893253
252,146,23.95365,37.894191
252,147,23.958269,37.894523
252,148,23.962469,37.895514
252,149,23.96748,37.894534
252,150,23.972769,37.893596
252,151,23.977989,37.893608
252,152,23.982299,37.894088
252,153,23.985609,37.894397
252,154,23.9891,37.893848
252,155,23.99239,37.892577
252,156,23.99593,37.890826
252,157,23.99947,37.889278
252,158,24.00258,37.887718
252,159,24.0049,37.886329
252,160,24.00834,37.884678
252,161,24.011221,37.883567
252,162,24.01354,37.881526
252,163,24.0149,37.879905
252,164,24.01412,37.879684
252,165,24.01297,37.879646
252,166,24.012689,37.879596
252,167,24.01273,37.879516
252,168,24.012689,37.879356
252,169,24.012409,37.878975
252,170,24.012449,37.878825
252,171,24.012359,37.878905
252,172,24.01234,37.878894
252,173,24.012541,37.877734
252,174,24.014381,37.877604
252,175,24.015442,37.877864
252,176,24.015001,37.879844
252,177,24.013481,37.881553
252,178,24.010941,37.883613
252,179,24.00853,37.884513
252,180,24.0059,37.885604
252,181,24.00367,37.887096
252,182,24.000719,37.888588
252,183,23.99683,37.890327
252,184,23.99301,37.892196
252,185,23.98823,37.893966
252,186,23.98296,37.894187
252,187,23.977899,37.893459
252,188,23.972371,37.893508
252,189,23.966989,37.894488
252,190,23.961819,37.895347
252,191,23.956968,37.894226
252,192,23.951969,37.893626
252,193,23.947379,37.892516
252,194,23.944599,37.890338
252,195,23.940079,37.88974
252,196,23.935359,37.889289
252,197,23.930928,37.889289
252,198,23.926848,37.887691
252,199,23.925058,37.88631
252,200,23.924198,37.886459
252,201,23.924457,37.885311
252,202,23.924658,37.884879
252,203,23.926128,37.882369
252,204,23.927179,37.879841
252,205,23.925869,37.877608
252,206,23.925469,37.876807
252,207,23.925469,37.876807
252,208,23.925068,37.876037
252,209,23.925009,37.875956
252,210,23.92499,37.875946
252,211,23.92448,37.875304
252,212,23.921911,37.873603
252,213,23.92102,37.870662
252,214,23.91905,37.869102
252,215,23.917601,37.868072
252,216,23.915121,37.867381
252,217,23.91287,37.866839
252,218,23.910881,37.866618
252,219,23.911562,37.867629
252,220,23.911621,37.86827
252,221,23.911481,37.86838
252,222,23.910682,37.86848
252,223,23.909613,37.868659
252,224,23.908232,37.868579
252,225,23.906983,37.868408
252,226,23.906862,37.868618
252,227,23.906951,37.868709
252,228,23.906971,37.86872
252,229,23.907201,37.86893
252,230,23.907772,37.86927
252,231,23.908663,37.869491
252,232,23.908943,37.87001
252,233,23.909353,37.870361
252,234,23.908832,37.870479
252,235,23.907922,37.87049
252,236,23.907263,37.870411
252,237,23.907193,37.87033
252,238,23.907222,37.870349
252,239,23.907402,37.870521
252,240,23.907632,37.870521
252,241,23.907623,37.87049
252,242,23.907993,37.870479
252,243,23.909412,37.870387
252,244,23.908912,37.869846
252,245,23.907942,37.869334
252,246,23.907082,37.868846
252,247,23.907023,37.868796
252,248,23.907013,37.868816
252,249,23.906903,37.868724
252,250,23.906903,37.868655
252,251,23.906853,37.868674
252,252,23.906903,37.868686
252,253,23.907322,37.868987
252,254,23.907642,37.869216
252,255,23.908232,37.869387
252,256,23.909132,37.869518
252,257,23.909613,37.869819
252,258,23.909643,37.870269
252,259,23.909662,37.87025
252,260,23.909711,37.870201
252,261,23.909952,37.870372
252,262,23.909733,37.870254
252,263,23.909382,37.869792
252,264,23.908691,37.86954
252,265,23.908451,37.869529
252,266,23.908451,37.869517
252,267,23.908352,37.869487
252,268,23.907473,37.869208
252,269,23.907102,37.868907
252,270,23.906883,37.868606
252,271,23.906803,37.868636
252,272,23.907103,37.868637
252,273,23.907103,37.868625
252,274,23.907503,37.868595
252,275,23.908462,37.868793
252,276,23.909422,37.868781
252,277,23.909912,37.86864
252,278,23.910162,37.868609
252,279,23.909952,37.86872
252,280,23.909712,37.868991
252,281,23.909601,37.86917
252,282,23.909672,37.86893
252,283,23.909721,37.86888
252,284,23.909992,37.86867
252,285,23.908923,37.868922
252,286,23.907612,37.868644
252,287,23.906872,37.868534
252,288,23.906841,37.868682
252,289,23.907381,37.868663
252,290,23.908291,37.868804
252,291,23.909171,37.868896
252,292,23.909839,37.868675
252,293,23.91045,37.868755
252,294,23.909901,37.868743
252,295,23.90955,37.869213
252,296,23.90955,37.869213
252,297,23.909438,37.869213
252,298,23.909528,37.869293
252,299,23.909509,37.869033
252,300,23.909821,37.868861
252,301,23.909771,37.868762
252,302,23.90896,37.869002
252,303,23.90781,37.868732
252,304,23.90699,37.86872
252,305,23.906891,37.868602
252,306,23.90686,37.868693
252,307,23.907052,37.868656
252,308,23.907831,37.868667
252,309,23.90862,37.868877
252,310,23.909431,37.868808
252,311,23.910151,37.868636
252,312,23.910422,37.868637
252,313,23.909691,37.868888
252,314,23.909641,37.869148
252,315,23.909651,37.869159
252,316,23.909441,37.86922
252,317,23.909561,37.8693
252,318,23.909672,37.868942
252,319,23.909992,37.868689
252,320,23.909222,37.868949
252,321,23.90817,37.868789
252,322,23.906981,37.868697
252,323,23.90691,37.868579
252,324,23.906891,37.868609
252,325,23.906962,37.868647
252,326,23.907242,37.8689
252,327,23.907911,37.86925
252,328,23.908553,37.869411
252,329,23.908463,37.869319
252,330,23.908204,37.869358
252,331,23.907383,37.869087
252,332,23.907383,37.869087
252,333,23.907213,37.868926
252,334,23.906923,37.868545
252,335,23.906892,37.868583
252,336,23.906893,37.868534
252,337,23.906893,37.868545
252,338,23.907393,37.868686
252,339,23.908324,37.868827
252,340,23.909053,37.868968
252,341,23.909763,37.86874
252,342,23.910393,37.868801
252,343,23.910233,37.868701
252,344,23.909733,37.869102
252,345,23.909474,37.869251
252,346,23.909584,37.869369
252,347,23.909474,37.869278
252,348,23.909863,37.868888
252,349,23.909992,37.868709
252,350,23.908993,37.86898
252,351,23.908743,37.868968
252,352,23.907722,37.868689
252,353,23.906932,37.868621
252,354,23.906874,37.868739
252,355,23.907694,37.868701
252,356,23.908474,37.868911
252,357,23.909445,37.86888
252,358,23.910264,37.868732
252,359,23.910255,37.86872
252,360,23.909685,37.869152
252,361,23.909395,37.86922
252,362,23.909534,37.869312
252,363,23.909815,37.868873
252,364,23.910284,37.868862
252,365,23.910323,37.868831
252,366,23.910253,37.868713
252,367,23.909153,37.868991
252,368,23.907812,37.868751
252,369,23.906813,37.868763
252,370,23.906872,37.868743
252,371,23.906931,37.868842
252,372,23.906931,37.868804
252,373,23.908041,37.868686
252,374,23.908972,37.868915
252,375,23.908972,37.868934
252,376,23.909662,37.868762
252,377,23.910923,37.868751
252,378,23.911574,37.868262
252,379,23.911373,37.867794
252,380,23.910494,37.867103
252,381,23.911663,37.866874
252,382,23.913753,37.867153
252,383,23.915643,37.867774
252,384,23.917432,37.868262
252,385,23.918542,37.868964
252,386,23.919302,37.869544
252,387,23.920211,37.870185
252,388,23.920881,37.870833
252,389,23.921421,37.872073
252,390,23.921692,37.873313
252,391,23.921701,37.873363
252,392,23.921791,37.873695
252,393,23.92386,37.875194
252,394,23.92593,37.876624
252,395,23.92873,37.877586
252,396,23.929001,37.877647
252,397,23.930052,37.875858
252,398,23.931073,37.874107
252,399,23.931192,37.873996
252,400,23.931192,37.874206
252,401,23.929913,37.876407
252,402,23.927822,37.879985
252,403,23.925652,37.883667
252,404,23.924951,37.884876
252,405,23.924911,37.884956
252,406,23.923542,37.887336
252,407,23.920973,37.889846
252,408,23.918522,37.891845
252,409,23.914582,37.894183
252,410,23.910521,37.896743
252,411,23.90711,37.899733
252,412,23.903031,37.901096
252,413,23.897741,37.901584
252,414,23.895181,37.903403
252,415,23.895151,37.903434
252,416,23.894331,37.906173
252,417,23.894851,37.910853
252,418,23.893652,37.915782
252,419,23.891162,37.919883
252,420,23.886953,37.922462
252,421,23.883743,37.925811
252,422,23.885063,37.929839
252,423,23.881493,37.933261
252,424,23.877842,37.936733
252,425,23.874151,37.940273
252,426,23.870191,37.943412
252,427,23.865892,37.946563
252,428,23.863802,37.948642
252,429,23.862412,37.950851
252,430,23.861521,37.952079
252,431,23.859901,37.954268
252,432,23.858711,37.95589
252,433,23.857961,37.9569
252,434,23.856632,37.959159
252,435,23.854961,37.961811
252,436,23.854151,37.96498
252,437,23.853281,37.968379
252,438,23.85346,37.972778
252,439,23.853241,37.977088
252,440,23.85209,37.980949
252,441,23.85104,37.984661
252,442,23.85058,37.987491
252,443,23.85001,37.989921
252,444,23.8491,37.992672
252,445,23.84783,37.995212
252,446,23.847558,37.998523
252,447,23.847829,38.001865
252,448,23.84708,38.004985
252,449,23.84688,38.006995
252,450,23.84853,38.007045
252,451,23.850189,38.006645
252,452,23.852539,38.006064
252,453,23.85376,38.006255
252,454,23.853389,38.007377
252,455,23.853039,38.008155
252,456,23.852369,38.008235
252,457,23.852529,38.007983
