253,1,23.852896,38.008193
253,2,23.853305,38.007854
253,3,23.853756,38.006335
253,4,23.853765,38.006286
253,5,23.854065,38.005535
253,6,23.854824,38.003993
253,7,23.856865,38.002944
253,8,23.860195,38.000983
253,9,23.863794,37.999305
253,10,23.867024,37.997665
253,11,23.871294,37.995673
253,12,23.874614,37.992503
253,13,23.878435,37.989982
253,14,23.882335,37.98791
253,15,23.886005,37.98616
253,16,23.889986,37.983859
253,17,23.893286,37.981578
253,18,23.897276,37.979018
253,19,23.901245,37.97647
253,20,23.904085,37.974078
253,21,23.905516,37.970637
253,22,23.905945,37.967505
253,23,23.906426,37.965266
253,24,23.906756,37.964255
253,25,23.904045,37.963726
253,26,23.900005,37.963134
253,27,23.896645,37.961455
253,28,23.893835,37.958346
253,29,23.889685,37.956828
253,30,23.884985,37.955077
253,31,23.880424,37.953586
253,32,23.875105,37.952766
253,33,23.869915,37.951964
253,34,23.865415,37.951766
253,35,23.862415,37.951617
253,36,23.862406,37.951606
253,37,23.862267,37.951037
253,38,23.863926,37.948307
253,39,23.864487,37.947604
253,40,23.867096,37.945663
253,41,23.871376,37.942531
253,42,23.875817,37.938633
253,43,23.880057,37.934604
253,44,23.884087,37.930736
253,45,23.885037,37.927245
253,46,23.883936,37.923564
253,47,23.889015,37.922233
253,48,23.891905,37.918342
253,49,23.894405,37.91418
253,50,23.894765,37.911181
253,51,23.894257,37.907421
253,52,23.894686,37.903869
253,53,23.894796,37.90372
253,54,23.898237,37.90142
253,55,23.904087,37.90039
253,56,23.910368,37.896671
253,57,23.915339,37.893569
253,58,23.920509,37.89014
253,59,23.92408,37.886138
253,60,23.92453,37.88512
253,61,23.924539,37.885089
253,62,23.925959,37.882659
253,63,23.927148,37.880099
253,64,23.926988,37.879848
253,65,23.927008,37.879817
253,66,23.926539,37.878997
253,67,23.924867,37.875908
253,68,23.924867,37.875918
253,69,23.924448,37.8754
253,70,23.921759,37.873298
253,71,23.920738,37.870578
253,72,23.918958,37.869228
253,73,23.917969,37.868396
253,74,23.916189,37.867775
253,75,23.91391,37.867114
253,76,23.91148,37.866813
253,77,23.911,37.867263
253,78,23.91135,37.868625
253,79,23.91029,37.868644
253,80,23.90897,37.868945
253,81,23.90757,37.868667
253,82,23.906889,37.868618
253,83,23.906889,37.868606
253,84,23.906948,37.868667
253,85,23.907018,37.868758
253,86,23.907117,37.868839
253,87,23.907498,37.869147
253,88,23.908108,37.869377
253,89,23.908589,37.869437
253,90,23.908918,37.869986
253,91,23.909319,37.870357
253,92,23.90889,37.870487
253,93,23.908199,37.870506
253,94,23.907269,37.870445
253,95,23.907328,37.870326
253,96,23.907078,37.870257
253,97,23.907478,37.870449
253,98,23.908477,37.870418
253,99,23.909328,37.870277
253,100,23.908829,37.869629
253,101,23.907709,37.86922
253,102,23.90749,37.869071
253,103,23.90729,37.868911
253,104,23.90695,37.86856
253,105,23.90692,37.86864
253,106,23.90688,37.868652
253,107,23.90692,37.868652
253,108,23.90704,37.868712
253,109,23.90703,37.868724
253,110,23.907471,37.869075
253,111,23.90835,37.869377
253,112,23.90868,37.869456
253,113,23.908991,37.869998
253,114,23.909411,37.870406
253,115,23.908719,37.870475
253,116,23.90791,37.870536
253,117,23.907269,37.870418
253,118,23.907358,37.8703
253,119,23.907078,37.8703
253,120,23.907768,37.87049
253,121,23.909187,37.870491
253,122,23.909128,37.870189
253,123,23.908798,37.869658
253,124,23.907768,37.869308
253,125,23.907029,37.868846
253,126,23.906979,37.868816
253,127,23.906969,37.868827
253,128,23.906849,37.868698
253,129,23.906858,37.868758
253,130,23.906827,37.868728
253,131,23.907288,37.868938
253,132,23.907917,37.869269
253,133,23.908617,37.869399
253,134,23.908636,37.86941
253,135,23.908987,37.869991
253,136,23.909397,37.87041
253,137,23.908626,37.870459
253,138,23.907686,37.87046
253,139,23.907335,37.87043
253,140,23.907305,37.87043
253,141,23.907345,37.8703
253,142,23.907034,37.870281
253,143,23.907554,37.870521
253,144,23.908825,37.87041
253,145,23.909275,37.870318
253,146,23.908705,37.869559
253,147,23.907945,37.869339
253,148,23.907106,37.86885
253,149,23.906897,37.868609
253,150,23.906847,37.86864
253,151,23.907038,37.868702
253,152,23.907038,37.868702
253,153,23.907148,37.868831
253,154,23.907549,37.86909
253,155,23.907749,37.86919
253,156,23.907749,37.869228
