254,1,23.841046,38.130893
254,2,23.841075,38.130893
254,3,23.841147,38.131042
254,4,23.840826,38.131362
254,5,23.840746,38.131424
254,6,23.840727,38.131461
254,7,23.840727,38.13161
254,8,23.840086,38.131839
254,9,23.839266,38.13079
254,10,23.837836,38.127898
254,11,23.836275,38.124747
254,12,23.833775,38.121608
254,13,23.831215,38.118957
254,14,23.829516,38.118118
254,15,23.827536,38.116027
254,16,23.825186,38.114128
254,17,23.823687,38.113536
254,18,23.823156,38.111686
254,19,23.820126,38.108767
254,20,23.816286,38.105147
254,21,23.810945,38.102736
254,22,23.805145,38.100437
254,23,23.799425,38.098235
254,24,23.794294,38.095695
254,25,23.792084,38.093066
254,26,23.790364,38.090815
254,27,23.787754,38.087436
254,28,23.784464,38.083145
254,29,23.780954,38.078723
254,30,23.776474,38.075565
254,31,23.770705,38.073215
254,32,23.765465,38.071094
254,33,23.760574,38.069163
254,34,23.759094,38.069164
254,35,23.759963,38.068072
254,36,23.759924,38.066512
254,37,23.759045,38.064853
254,38,23.758675,38.064414
254,39,23.758265,38.063915
254,40,23.757244,38.062575
254,41,23.756353,38.060054
254,42,23.755613,38.058673
254,43,23.754393,38.057014
254,44,23.752672,38.054553
254,45,23.751473,38.052531
254,46,23.751562,38.052143
254,47,23.751972,38.051364
254,48,23.751672,38.050372
254,49,23.753772,38.049243
254,50,23.755712,38.048122
254,51,23.755442,38.047843
254,52,23.754921,38.047092
254,53,23.754939,38.046813
254,54,23.75485,38.046874
254,55,23.754791,38.046863
254,56,23.754831,38.046844
254,57,23.754911,38.046805
254,58,23.755071,38.046585
254,59,23.755001,38.046436
254,60,23.754991,38.046405
254,61,23.754992,38.046443
254,62,23.754942,38.046383
254,63,23.754912,38.046894
254,64,23.754862,38.046905
254,65,23.754813,38.046943
254,66,23.754272,38.046321
254,67,23.753652,38.045619
254,68,23.752523,38.045459
254,69,23.751244,38.046107
254,70,23.750923,38.046809
254,71,23.750442,38.047839
254,72,23.749453,38.050201
254,73,23.749403,38.050219
254,74,23.751074,38.052001
254,75,23.752795,38.054561
254,76,23.754484,38.057021
254,77,23.756264,38.05949
254,78,23.757044,38.061882
254,79,23.758284,38.063972
254,80,23.759684,38.066012
254,81,23.760103,38.068115
254,82,23.763403,38.069903
254,83,23.769043,38.072192
254,84,23.775223,38.074683
254,85,23.780653,38.078052
254,86,23.784433,38.08274
254,87,23.788192,38.087619
254,88,23.790083,38.090088
254,89,23.790324,38.090446
254,90,23.791254,38.091686
254,91,23.794263,38.095366
254,92,23.800283,38.098277
254,93,23.806753,38.100806
254,94,23.812522,38.102935
254,95,23.815203,38.103675
254,96,23.815434,38.103156
254,97,23.815813,38.102535
254,98,23.817263,38.104735
254,99,23.819862,38.107936
254,100,23.823513,38.111384
254,101,23.827112,38.114863
254,102,23.830381,38.117965
254,103,23.833961,38.121665
254,104,23.836702,38.125484
254,105,23.838632,38.129455
254,106,23.840433,38.131794
254,107,23.840803,38.131263
254,108,23.841123,38.130924
254,109,23.841034,38.130962
254,110,23.840834,38.13127
254,111,23.840825,38.131282
254,112,23.840633,38.131553
254,113,23.839982,38.131873
254,114,23.839212,38.130943
254,115,23.837772,38.127963
254,116,23.836273,38.124824
254,117,23.833693,38.121543
254,118,23.830702,38.118403
254,119,23.829231,38.116832
254,120,23.829151,38.116241
254,121,23.829151,38.115199
254,122,23.82777,38.11346
254,123,23.82614,38.111122
254,124,23.825979,38.1095
254,125,23.826019,38.10746
254,126,23.826118,38.1053
254,127,23.825968,38.103771
254,128,23.827137,38.10271
254,129,23.827927,38.101958
254,130,23.827298,38.101379
254,131,23.825068,38.099418
254,132,23.824917,38.099189
254,133,23.824408,38.097938
254,134,23.823557,38.0951
254,135,23.822156,38.092738
254,136,23.821978,38.092429
254,137,23.821758,38.09206
254,138,23.821539,38.091781
254,139,23.82145,38.091651
254,140,23.821159,38.091392
254,141,23.82078,38.090873
254,142,23.81974,38.089942
254,143,23.81932,38.089473
254,144,23.818071,38.088561
254,145,23.817643,38.088099
254,146,23.817602,38.088111
254,147,23.818293,38.087561
254,148,23.818773,38.085723
254,149,23.819023,38.082904
254,150,23.819942,38.079624
254,151,23.820412,38.078163
254,152,23.820501,38.077903
254,153,23.821102,38.075672
254,154,23.821143,38.07537
254,155,23.820862,38.07278
254,156,23.820842,38.070369
254,157,23.822293,38.070308
254,158,23.824781,38.070087
254,159,23.826132,38.069976
254,160,23.826262,38.069095
254,161,23.826101,38.067546
254,162,23.826051,38.066615
254,163,23.826511,38.065994
254,164,23.826951,38.064365
254,165,23.829342,38.063755
254,166,23.832691,38.062114
254,167,23.83534,38.060894
254,168,23.836071,38.060764
254,169,23.836142,38.060431
254,170,23.835981,38.059783
254,171,23.835772,38.059161
254,172,23.835882,38.058742
254,173,23.837502,38.058852
254,174,23.838341,38.057571
254,175,23.838661,38.055549
254,176,23.839071,38.054031
254,177,23.839171,38.05347
254,178,23.83919,38.053051
254,179,23.83864,38.051761
254,180,23.83963,38.05038
254,181,23.839809,38.048148
254,182,23.83923,38.046679
254,183,23.837619,38.045299
254,184,23.83699,38.044818
254,185,23.836401,38.044757
254,186,23.835141,38.045257
254,187,23.834671,38.045318
254,188,23.834491,38.045047
254,189,23.834371,38.045196
254,190,23.833742,38.044876
254,191,23.833391,38.044704
254,192,23.833271,38.044586
254,193,23.833252,38.044475
254,194,23.834131,38.045104
254,195,23.835601,38.045085
254,196,23.836462,38.044586
254,197,23.837751,38.045417
254,198,23.839271,38.046558
254,199,23.83982,38.047737
254,200,23.839762,38.048915
254,201,23.839712,38.049514
254,202,23.839663,38.049922
254,203,23.839632,38.050403
254,204,23.839582,38.050834
254,205,23.839453,38.051105
254,206,23.839252,38.052043
254,207,23.841133,38.053184
254,208,23.842533,38.054466
254,209,23.841254,38.054835
254,210,23.839554,38.055984
254,211,23.838414,38.057254
254,212,23.837272,38.058826
254,213,23.836493,38.058757
254,214,23.836193,38.058776
254,215,23.835953,38.059287
254,216,23.836332,38.060508
254,217,23.834874,38.061069
254,218,23.831203,38.0629
254,219,23.827353,38.064269
254,220,23.826712,38.06586
254,221,23.825972,38.066421
254,222,23.8229,38.066631
254,223,23.821211,38.06665
254,224,23.821201,38.067901
254,225,23.820982,38.069831
254,226,23.820902,38.07212
254,227,23.821112,38.073928
254,228,23.821192,38.075839
254,229,23.820062,38.07944
254,230,23.819023,38.08311
254,231,23.818763,38.086318
254,232,23.818625,38.086689
254,233,23.818584,38.086788
254,234,23.818535,38.086879
254,235,23.818516,38.086948
254,236,23.818346,38.087367
254,237,23.818306,38.087428
254,238,23.818226,38.087558
254,239,23.818226,38.087569
254,240,23.817716,38.087848
254,241,23.817566,38.087916
254,242,23.816595,38.088267
254,243,23.815044,38.088577
254,244,23.813555,38.088367
254,245,23.811144,38.089527
254,246,23.809094,38.090717
254,247,23.808995,38.092395
254,248,23.809204,38.093566
254,249,23.809775,38.095867
254,250,23.810625,38.098629
254,251,23.812765,38.10094
254,252,23.815315,38.102229
254,253,23.817325,38.104698
254,254,23.820365,38.108329
254,255,23.823847,38.111618
254,256,23.827066,38.114769
254,257,23.830826,38.118358
254,258,23.834535,38.122218
254,259,23.837056,38.126239
254,260,23.839115,38.13061
254,261,23.840614,38.131678
254,262,23.840965,38.131228
254,263,23.840956,38.131118
254,264,23.840934,38.131137
254,265,23.840926,38.130958
254,266,23.841024,38.130908
254,267,23.841074,38.130919
254,268,23.841025,38.131118
254,269,23.840734,38.131518
254,270,23.840294,38.131308
254,271,23.839923,38.130748
254,272,23.839283,38.130759
254,273,23.838783,38.129939
254,274,23.837682,38.127681
254,275,23.837002,38.126163
254,276,23.837471,38.126002
254,277,23.838911,38.126242
254,278,23.841421,38.126785
254,279,23.843691,38.127124
254,280,23.845612,38.127684
254,281,23.848091,38.129295
254,282,23.849811,38.129756
254,283,23.84987,38.130397
254,284,23.849871,38.131137
254,285,23.849901,38.131076
254,286,23.84979,38.130996
254,287,23.849821,38.131088
254,288,23.849781,38.130988
254,289,23.849781,38.131038
254,290,23.849661,38.130946
254,291,23.849661,38.130935
254,292,23.849719,38.131015
254,293,23.849719,38.131015
254,294,23.84984,38.131095
254,295,23.849899,38.130885
254,296,23.8499,38.129866
254,297,23.8475,38.128997
254,298,23.844681,38.127029
254,299,23.841741,38.12691
254,300,23.838612,38.126159
254,301,23.837261,38.12654
254,302,23.838541,38.129321
254,303,23.840172,38.131862
254,304,23.840802,38.131343
254,305,23.840931,38.131171
254,306,23.840922,38.13116
254,307,23.84106,38.130989
254,308,23.841151,38.130909
254,309,23.84108,38.130908
254,310,23.84108,38.13089
254,311,23.84112,38.130988
254,312,23.84107,38.131088
254,313,23.84103,38.131126
254,314,23.840879,38.131255
254,315,23.84059,38.131786
254,316,23.839809,38.131896
254,317,23.839069,38.130668
254,318,23.83745,38.127258
254,319,23.83591,38.124068
254,320,23.833101,38.120928
254,321,23.83003,38.117778
254,322,23.829541,38.116787
254,323,23.83143,38.118495
254,324,23.833601,38.118243
254,325,23.83534,38.117312
254,326,23.836611,38.115882
254,327,23.837601,38.114852
254,328,23.838371,38.114013
254,329,23.839161,38.113143
254,330,23.839972,38.112254
254,331,23.840742,38.111404
254,332,23.841182,38.110523
254,333,23.841222,38.110443
254,334,23.842273,38.110763
254,335,23.844774,38.112304
254,336,23.848215,38.114192
254,337,23.851114,38.113963
254,338,23.853393,38.112422
254,339,23.856693,38.110831
254,340,23.859774,38.10908
254,341,23.862084,38.107749
254,342,23.864294,38.106628
254,343,23.866284,38.105926
254,344,23.869003,38.105124
254,345,23.870363,38.104884
254,346,23.872513,38.105846
254,347,23.874042,38.106654
254,348,23.875131,38.107235
254,349,23.876352,38.107574
254,350,23.877672,38.107864
254,351,23.877922,38.108512
254,352,23.877583,38.109794
254,353,23.877392,38.110675
254,354,23.877432,38.110766
254,355,23.877512,38.111316
254,356,23.877481,38.111205
254,357,23.877531,38.110355
254,358,23.878302,38.108215
254,359,23.875871,38.107535
254,360,23.872252,38.105705
254,361,23.869432,38.105094
254,362,23.865042,38.106376
254,363,23.86086,38.108626
254,364,23.857141,38.110778
254,365,23.853061,38.112918
254,366,23.850822,38.114578
254,367,23.854603,38.116718
254,368,23.857893,38.119937
254,369,23.858272,38.120506
254,370,23.858473,38.121917
254,371,23.856332,38.124149
254,372,23.857332,38.128577
254,373,23.859333,38.131496
254,374,23.858963,38.131576
254,375,23.858732,38.131545
254,376,23.855963,38.131065
254,377,23.851852,38.130225
254,378,23.848032,38.129233
254,379,23.844812,38.127044
254,380,23.841923,38.126903
254,381,23.838213,38.126044
254,382,23.837192,38.126285
254,383,23.838222,38.128554
254,384,23.839752,38.131713
254,385,23.840662,38.131694
254,386,23.840812,38.131255
254,387,23.840902,38.131137
254,388,23.840942,38.131107
254,389,23.841093,38.130946
254,390,23.841083,38.130916
254,391,23.841083,38.130817
254,392,23.841083,38.130866
254,393,23.841133,38.131037
254,394,23.840833,38.131419
254,395,23.840192,38.131809
254,396,23.839423,38.131118
254,397,23.837862,38.12796
254,398,23.836182,38.124519
254,399,23.833412,38.121189
254,400,23.831001,38.11872
254,401,23.829132,38.117999
254,402,23.827193,38.115878
254,403,23.825052,38.114119
254,404,23.823964,38.11378
254,405,23.823633,38.112239
254,406,23.821024,38.109619
254,407,23.817244,38.10596
254,408,23.812264,38.103172
254,409,23.806293,38.100822
254,410,23.800583,38.098582
254,411,23.795294,38.096351
254,412,23.792343,38.093322
254,413,23.791652,38.09241
254,414,23.791193,38.091819
254,415,23.789192,38.089229
254,416,23.786282,38.085437
254,417,23.783352,38.081607
254,418,23.780013,38.077766
254,419,23.775702,38.075114
254,420,23.769892,38.072784
254,421,23.764081,38.070453
254,422,23.759481,38.068721
254,423,23.759571,38.069129
254,424,23.759932,38.067668
254,425,23.75986,38.067138
254,426,23.759871,38.066478
254,427,23.75905,38.064937
254,428,23.75852,38.064266
254,429,23.75748,38.062877
254,430,23.75665,38.060836
254,431,23.756081,38.059295
254,432,23.755069,38.057845
254,433,23.753469,38.055655
254,434,23.752029,38.053367
254,435,23.750638,38.051769
254,436,23.750009,38.05117
254,437,23.74999,38.051139
254,438,23.749759,38.050929
254,439,23.748379,38.049621
254,440,23.747068,38.048393
254,441,23.748379,38.047985
254,442,23.749039,38.047973
254,443,23.748839,38.048084
254,444,23.749597,38.048255
254,445,23.749708,38.049075
254,446,23.750729,38.050025
254,447,23.751909,38.050856
254,448,23.754179,38.052375
254,449,23.75545,38.054107
254,450,23.75668,38.056075
254,451,23.757799,38.057586
254,452,23.75717,38.058257
254,453,23.756269,38.059287
254,454,23.756729,38.060886
254,455,23.757478,38.062866
254,456,23.757799,38.063377
254,457,23.758859,38.064746
254,458,23.759739,38.066318
254,459,23.760059,38.067977
254,460,23.762829,38.069698
254,461,23.768278,38.071917
254,462,23.774409,38.074378
254,463,23.779838,38.07735
254,464,23.783718,38.081771
254,465,23.787079,38.086151
254,466,23.790369,38.09035
254,467,23.79221,38.092819
254,468,23.795439,38.096209
254,469,23.801369,38.098678
254,470,23.806709,38.100787
254,471,23.81172,38.102675
254,472,23.81506,38.103835
254,473,23.814609,38.105346
254,474,23.817931,38.106757
254,475,23.821661,38.110359
254,476,23.823561,38.113768
254,477,23.826561,38.115077
254,478,23.82942,38.117995
254,479,23.830949,38.118877
254,480,23.833531,38.121517
254,481,23.83647,38.125335
254,482,23.83847,38.129424
254,483,23.840129,38.131923
254,484,23.840879,38.131313
254,485,23.84091,38.130881
254,486,23.840941,38.13087
254,487,23.841011,38.1309
254,488,23.84086,38.131099
254,489,23.841,38.13111
254,490,23.841129,38.130931
254,491,23.841179,38.130882
254,492,23.841049,38.130912
254,493,23.84058,38.131652
254,494,23.839831,38.131922
254,495,23.838741,38.130073
254,496,23.837221,38.126834
254,497,23.835392,38.123424
254,498,23.832222,38.120162
254,499,23.829983,38.118801
254,500,23.827663,38.116252
254,501,23.824974,38.114093
254,502,23.823654,38.113502
254,503,23.822973,38.111503
254,504,23.819334,38.107982
254,505,23.814814,38.104251
254,506,23.808754,38.101859
254,507,23.802634,38.099441
254,508,23.796204,38.096912
254,509,23.792472,38.093563
254,510,23.791563,38.092353
254,511,23.790413,38.090842
254,512,23.787443,38.087142
254,513,23.783854,38.082454
254,514,23.780193,38.078064
254,515,23.774584,38.074782
254,516,23.768234,38.072223
254,517,23.761823,38.069651
254,518,23.755803,38.067352
254,519,23.750494,38.063922
254,520,23.747164,38.058822
254,521,23.744903,38.053401
254,522,23.740963,38.04861
254,523,23.735943,38.044268
254,524,23.733824,38.03894
254,525,23.731104,38.034542
254,526,23.729843,38.030482
254,527,23.730993,38.026904
254,528,23.731132,38.026534
254,529,23.731132,38.026503
254,530,23.732082,38.026874
254,531,23.732572,38.027194
254,532,23.732532,38.026104
254,533,23.732313,38.025863
254,534,23.732463,38.025222
254,535,23.732723,38.025032
254,536,23.733893,38.024383
254,537,23.734502,38.024093
254,538,23.735403,38.023704
254,539,23.735714,38.022464
254,540,23.735494,38.020442
254,541,23.735464,38.019962
254,542,23.735464,38.019931
254,543,23.735474,38.019152
254,544,23.735464,38.018653
254,545,23.735394,38.016631
254,546,23.735393,38.01644
254,547,23.735434,38.015929
254,548,23.735344,38.015049
254,549,23.735363,38.014758
254,550,23.735403,38.013389
254,551,23.735344,38.013198
254,552,23.735344,38.01284
254,553,23.735343,38.012618
254,554,23.735344,38.012248
254,555,23.735424,38.012069
254,556,23.735384,38.011718
254,557,23.735394,38.011249
254,558,23.735363,38.01089
254,559,23.735304,38.0097
254,560,23.735244,38.00949
254,561,23.735114,38.00944
254,562,23.735035,38.009452
254,563,23.734394,38.009452
254,564,23.733264,38.00949
254,565,23.731356,38.009581
254,566,23.730986,38.009581
254,567,23.730816,38.009632
254,568,23.730686,38.009669
254,569,23.730705,38.009719
254,570,23.730646,38.009337
254,571,23.730495,38.009456
254,572,23.730686,38.009086
254,573,23.729635,38.009906
254,574,23.729496,38.010024
254,575,23.729536,38.009986
254,576,23.729465,38.010215
254,577,23.729466,38.010265
254,578,23.729426,38.010394
254,579,23.729265,38.010703
254,580,23.729247,38.010741
254,581,23.729176,38.01105
254,582,23.729176,38.011089
254,583,23.729046,38.011508
254,584,23.728774,38.012119
254,585,23.728515,38.014789
254,586,23.728365,38.01752
254,587,23.729205,38.01966
254,588,23.729364,38.020061
254,589,23.729833,38.021289
254,590,23.730793,38.02367
254,591,23.731363,38.02566
254,592,23.731382,38.02573
254,593,23.731391,38.025749
254,594,23.730862,38.027549
254,595,23.730112,38.0302
254,596,23.731032,38.033759
254,597,23.733772,38.037819
254,598,23.734883,38.042427
254,599,23.738632,38.045966
254,600,23.742113,38.049217
254,601,23.745052,38.052886
254,602,23.746653,38.057067
254,603,23.749252,38.061236
254,604,23.751972,38.064948
254,605,23.756623,38.06718
254,606,23.759493,38.067641
254,607,23.759793,38.067622
254,608,23.760104,38.068091
254,609,23.760094,38.070774
254,610,23.759835,38.072963
254,611,23.761265,38.074771
254,612,23.761456,38.076392
254,613,23.761656,38.077983
254,614,23.762485,38.080123
254,615,23.763506,38.083004
254,616,23.763216,38.086024
254,617,23.761696,38.087413
254,618,23.760277,38.088572
254,619,23.757766,38.090324
254,620,23.755137,38.092242
254,621,23.752806,38.093944
254,622,23.750977,38.095283
254,623,23.749116,38.096644
254,624,23.746958,38.098216
254,625,23.744037,38.100345
254,626,23.742407,38.101516
254,627,23.742176,38.101695
254,628,23.740526,38.102897
254,629,23.738337,38.104667
254,630,23.739307,38.104747
254,631,23.739378,38.104827
254,632,23.740408,38.104827
254,633,23.741358,38.105277
254,634,23.741278,38.105369
