256,1,23.840797,38.131373
256,2,23.841008,38.131122
256,3,23.841017,38.131072
256,4,23.841057,38.130893
256,5,23.841115,38.130824
256,6,23.841097,38.130885
256,7,23.840776,38.131446
256,8,23.840135,38.131797
256,9,23.839316,38.130885
256,10,23.837935,38.128074
256,11,23.836424,38.124965
256,12,23.833935,38.121703
256,13,23.830755,38.118403
256,14,23.828344,38.116103
256,15,23.825864,38.113624
256,16,23.822945,38.110855
256,17,23.820514,38.108535
256,18,23.817905,38.105994
256,19,23.816946,38.103916
256,20,23.816906,38.103824
256,21,23.816875,38.103786
256,22,23.816805,38.103587
256,23,23.816695,38.103366
256,24,23.816695,38.103366
256,25,23.816533,38.103034
256,26,23.816504,38.102966
256,27,23.816313,38.102756
256,28,23.816192,38.102676
256,29,23.816082,38.102615
256,30,23.816082,38.102603
256,31,23.815832,38.102523
256,32,23.813442,38.101703
256,33,23.811592,38.099833
256,34,23.810232,38.097473
256,35,23.809961,38.096534
256,36,23.809822,38.096053
256,37,23.809381,38.094482
256,38,23.808931,38.092193
256,39,23.809172,38.089565
256,40,23.809523,38.087463
256,41,23.810383,38.085463
256,42,23.809822,38.083293
256,43,23.808462,38.082492
256,44,23.807173,38.083061
256,45,23.806173,38.082591
256,46,23.806014,38.082431
256,47,23.805693,38.08216
256,48,23.805652,38.082301
256,49,23.806133,38.082801
256,50,23.806643,38.082962
256,51,23.807152,38.08435
256,52,23.807241,38.08607
256,53,23.807281,38.08728
256,54,23.807281,38.088679
256,55,23.807072,38.090118
256,56,23.806792,38.090999
256,57,23.804451,38.091621
256,58,23.80392,38.091811
256,59,23.802221,38.09267
256,60,23.803162,38.094779
256,61,23.804972,38.097308
256,62,23.803951,38.09851
256,63,23.80141,38.099841
256,64,23.80237,38.101161
256,65,23.802941,38.101932
256,66,23.804421,38.10205
256,67,23.80571,38.101459
256,68,23.806839,38.101158
256,69,23.810049,38.102417
256,70,23.813358,38.104937
256,71,23.81437,38.105319
256,72,23.817178,38.106097
256,73,23.820808,38.109545
256,74,23.823318,38.113337
256,75,23.826449,38.114997
256,76,23.829519,38.118167
256,77,23.830799,38.118499
256,78,23.831869,38.119517
256,79,23.835069,38.122748
256,80,23.837401,38.12706
256,81,23.83946,38.131289
256,82,23.84055,38.13169
256,83,23.841,38.131042
256,84,23.840901,38.130821
256,85,23.840959,38.13087
256,86,23.840879,38.130832
256,87,23.840888,38.130832
256,88,23.841068,38.13103
256,89,23.840917,38.131301
256,90,23.840948,38.13119
256,91,23.841037,38.131153
256,92,23.841019,38.131133
256,93,23.841157,38.130943
256,94,23.840988,38.13098
256,95,23.840877,38.131202
256,96,23.840597,38.131671
256,97,23.840187,38.131332
256,98,23.839697,38.13077
256,99,23.839207,38.130809
256,100,23.838417,38.129371
256,101,23.837168,38.126689
256,102,23.835378,38.123371
256,103,23.832298,38.1202
256,104,23.829439,38.117301
256,105,23.826759,38.114619
256,106,23.824139,38.112048
256,107,23.821179,38.109249
256,108,23.818319,38.106517
256,109,23.816839,38.103679
256,110,23.816028,38.102618
256,111,23.815958,38.102607
256,112,23.813759,38.101916
256,113,23.811338,38.099586
256,114,23.810068,38.097014
256,115,23.809358,38.094584
256,116,23.808949,38.092384
256,117,23.809059,38.090064
256,118,23.80937,38.088004
256,119,23.809851,38.086253
256,120,23.810421,38.084014
256,121,23.808391,38.081973
256,122,23.807182,38.079562
256,123,23.807392,38.077552
256,124,23.807492,38.076713
256,125,23.80751,38.076472
256,126,23.807609,38.075744
256,127,23.8072,38.075435
256,128,23.805149,38.075526
256,129,23.80328,38.075645
256,130,23.8018,38.075736
256,131,23.801649,38.075305
256,132,23.801599,38.075423
256,133,23.800749,38.075702
256,134,23.800517,38.076602
256,135,23.800608,38.078193
256,136,23.800647,38.080474
256,137,23.800468,38.082145
256,138,23.800237,38.084495
256,139,23.800087,38.086475
256,140,23.800087,38.086494
256,141,23.799508,38.087744
256,142,23.796788,38.091125
256,143,23.795707,38.092543
256,144,23.793947,38.094875
256,145,23.793407,38.096614
256,146,23.794708,38.097095
256,147,23.796089,38.096874
256,148,23.79867,38.097923
256,149,23.80296,38.099582
256,150,23.80653,38.10102
256,151,23.807988,38.10163
256,152,23.81176,38.103141
256,153,23.814359,38.105342
256,154,23.817299,38.106231
256,155,23.820989,38.109721
256,156,23.823451,38.11365
256,157,23.826601,38.11515
256,158,23.829401,38.118018
256,159,23.831091,38.118869
256,160,23.833661,38.121539
256,161,23.836479,38.125301
256,162,23.838018,38.128642
256,163,23.839758,38.131874
256,164,23.840717,38.131313
256,165,23.840748,38.130862
256,166,23.840899,38.130851
256,167,23.841009,38.131011
256,168,23.8408,38.131251
256,169,23.840598,38.131381
256,170,23.84079,38.131552
256,171,23.840759,38.131393
256,172,23.840809,38.131251
256,173,23.841138,38.131362
