257,1,23.841116,38.131023
257,2,23.840765,38.131431
257,3,23.840016,38.13177
257,4,23.840315,38.1328
257,5,23.841385,38.134891
257,6,23.842634,38.13731
257,7,23.845045,38.138271
257,8,23.845536,38.139521
257,9,23.844536,38.14067
257,10,23.845616,38.142131
257,11,23.846305,38.14305
257,12,23.846456,38.142799
257,13,23.846306,38.14281
257,14,23.845686,38.142471
257,15,23.844835,38.14009
257,16,23.844605,38.138259
257,17,23.841505,38.135478
257,18,23.839805,38.132018
257,19,23.840665,38.131519
257,20,23.840796,38.131359
257,21,23.840906,38.13124
257,22,23.841137,38.130962
257,23,23.841088,38.130973
257,24,23.841097,38.131064
257,25,23.840816,38.131472
257,26,23.840428,38.131724
257,27,23.840168,38.131316
257,28,23.839528,38.131118
257,29,23.839107,38.130767
257,30,23.838108,38.128745
257,31,23.836648,38.125636
257,32,23.834549,38.122497
257,33,23.832039,38.119918
257,34,23.830198,38.119048
257,35,23.828768,38.117477
257,36,23.826708,38.115417
257,37,23.824657,38.114226
257,38,23.823557,38.113227
257,39,23.822197,38.110908
257,40,23.818577,38.107337
257,41,23.814016,38.103938
257,42,23.808487,38.10176
257,43,23.802896,38.099509
257,44,23.797197,38.097289
257,45,23.793017,38.094219
257,46,23.790376,38.090728
257,47,23.787577,38.087096
257,48,23.784426,38.082996
257,49,23.781275,38.079375
257,50,23.779514,38.077594
257,51,23.780205,38.077174
257,52,23.781605,38.078693
257,53,23.783394,38.081023
257,54,23.785114,38.083274
257,55,23.785994,38.084403
257,56,23.786003,38.084453
257,57,23.786142,38.084392
257,58,23.786423,38.084671
257,59,23.786713,38.085002
257,60,23.786784,38.085033
257,61,23.786712,38.084922
257,62,23.786182,38.084342
257,63,23.786062,38.084453
257,64,23.786811,38.085342
257,65,23.787941,38.086882
257,66,23.789742,38.089275
257,67,23.790891,38.090896
257,68,23.791372,38.091495
257,69,23.792642,38.091556
257,70,23.795884,38.091865
257,71,23.795273,38.093227
257,72,23.793133,38.095798
257,73,23.793953,38.09745
257,74,23.795624,38.096698
257,75,23.797055,38.097297
257,76,23.800184,38.098487
257,77,23.804904,38.100318
257,78,23.808445,38.10178
257,79,23.812765,38.10395
257,80,23.814745,38.10546
257,81,23.818315,38.107112
257,82,23.821985,38.110652
257,83,23.824236,38.114062
257,84,23.826687,38.115184
257,85,23.829138,38.117633
257,86,23.830797,38.118755
257,87,23.832887,38.120883
257,88,23.836108,38.124603
257,89,23.838207,38.128913
257,90,23.840137,38.131911
257,91,23.840837,38.131343
257,92,23.840928,38.131152
257,93,23.841117,38.130954
257,94,23.841077,38.130965
257,95,23.841068,38.131095
257,96,23.840679,38.131687
257,97,23.839788,38.131858
257,98,23.838678,38.129779
257,99,23.836979,38.126148
257,100,23.834839,38.122657
257,101,23.831749,38.119518
257,102,23.830149,38.118526
257,103,23.828289,38.116546
257,104,23.825779,38.114207
257,105,23.824028,38.113639
257,106,23.823467,38.111831
257,107,23.820387,38.108859
257,108,23.816576,38.105281
257,109,23.811456,38.102821
257,110,23.805816,38.100601
257,111,23.800037,38.09838
257,112,23.794327,38.095618
257,113,23.791545,38.092277
257,114,23.791355,38.092025
257,115,23.791106,38.091704
257,116,23.789354,38.089446
257,117,23.786403,38.085628
257,118,23.783412,38.081718
257,119,23.779943,38.077716
257,120,23.775453,38.075034
257,121,23.769893,38.072776
257,122,23.763784,38.070357
257,123,23.759334,38.068656
257,124,23.759935,38.069037
257,125,23.759896,38.066817
257,126,23.759075,38.064929
257,127,23.758745,38.064548
257,128,23.758316,38.064037
257,129,23.758186,38.063815
257,130,23.757906,38.063407
257,131,23.757165,38.062339
257,132,23.756355,38.059959
257,133,23.755227,38.058139
257,134,23.753586,38.055931
257,135,23.752146,38.053649
257,136,23.751476,38.052199
257,137,23.751946,38.051422
257,138,23.751415,38.05041
257,139,23.751026,38.049682
257,140,23.751036,38.049632
257,141,23.752016,38.049201
257,142,23.754246,38.048343
257,143,23.756345,38.047325
257,144,23.757896,38.046123
257,145,23.758026,38.046123
257,146,23.758205,38.045932
257,147,23.759436,38.04428
257,148,23.760826,38.04256
257,149,23.761186,38.04232
257,150,23.761366,38.042289
257,151,23.761834,38.041587
257,152,23.761415,38.041969
257,153,23.760986,38.042198
257,154,23.759556,38.04385
257,155,23.759146,38.04454
257,156,23.758865,38.04499
257,157,23.757326,38.046569
257,158,23.755936,38.047427
257,159,23.753737,38.048328
257,160,23.752287,38.048927
257,161,23.750137,38.049327
257,162,23.749387,38.050067
257,163,23.749357,38.050079
257,164,23.749116,38.050257
257,165,23.746986,38.048369
257,166,23.745236,38.04917
257,167,23.743065,38.04964
257,168,23.743435,38.050429
257,169,23.745476,38.05413
257,170,23.747946,38.05931
257,171,23.751227,38.0642
257,172,23.756756,38.067241
257,173,23.762735,38.06966
257,174,23.769066,38.072219
257,175,23.775686,38.07492
257,176,23.781616,38.07907
257,177,23.785785,38.08446
257,178,23.789715,38.089591
257,179,23.791864,38.092402
257,180,23.793385,38.094345
257,181,23.797905,38.097293
257,182,23.804985,38.100062
257,183,23.812395,38.102874
257,184,23.815135,38.103823
257,185,23.815416,38.105453
257,186,23.819397,38.108135
257,187,23.823498,38.112323
257,188,23.826198,38.114673
257,189,23.828259,38.116683
257,190,23.830808,38.118625
257,191,23.832769,38.120616
257,192,23.836171,38.124576
257,193,23.838359,38.128966
257,194,23.84037,38.131804
257,195,23.84094,38.131095
257,196,23.84106,38.130924
257,197,23.84102,38.130924
257,198,23.840882,38.131243
257,199,23.840453,38.131843
257,200,23.839932,38.132163
257,201,23.840681,38.133643
257,202,23.841971,38.136314
257,203,23.843941,38.138164
257,204,23.84543,38.139125
257,205,23.84543,38.139125
257,206,23.84547,38.139347
257,207,23.844691,38.140247
257,208,23.844811,38.141288
257,209,23.846112,38.142837
257,210,23.846271,38.143077
257,211,23.846291,38.142936
257,212,23.846451,38.142756
257,213,23.84647,38.142787
257,214,23.84627,38.142997
257,215,23.846069,38.142967
257,216,23.844438,38.140846
257,217,23.845317,38.139644
257,218,23.843937,38.138244
257,219,23.840976,38.134425
257,220,23.839987,38.131897
257,221,23.840757,38.131427
257,222,23.840767,38.131205
257,223,23.840777,38.131217
257,224,23.841057,38.130977
257,225,23.841037,38.130977
257,226,23.840908,38.131255
257,227,23.840608,38.131736
257,228,23.839998,38.132117
257,229,23.840798,38.133758
257,230,23.842157,38.136577
257,231,23.844408,38.138167
257,232,23.845367,38.138919
257,233,23.845836,38.13938
257,234,23.848547,38.139442
257,235,23.852408,38.13951
257,236,23.854738,38.13824
257,237,23.855118,38.13827
257,238,23.854948,38.140029
257,239,23.854948,38.141651
257,240,23.856058,38.141349
257,241,23.856629,38.14117
257,242,23.856999,38.1417
257,243,23.857658,38.142822
257,244,23.857899,38.14302
257,245,23.858259,38.143131
257,246,23.859468,38.14358
257,247,23.859718,38.145282
257,248,23.860057,38.145713
257,249,23.860749,38.146552
257,250,23.861628,38.147491
257,251,23.862117,38.148201
257,252,23.862229,38.148372
257,253,23.862349,38.149013
257,254,23.862407,38.149444
257,255,23.862398,38.149413
257,256,23.862398,38.149024
257,257,23.862278,38.148334
257,258,23.862548,38.148372
257,259,23.86229,38.148223
257,260,23.86142,38.147063
257,261,23.860778,38.146522
257,262,23.859899,38.145553
257,263,23.859329,38.143592
257,264,23.857619,38.142661
257,265,23.856989,38.141594
257,266,23.855888,38.141692
257,267,23.854679,38.142002
257,268,23.852209,38.142833
257,269,23.849729,38.143974
257,270,23.848469,38.145244
257,271,23.846988,38.143943
257,272,23.844568,38.141063
257,273,23.845398,38.139724
257,274,23.845398,38.139712
257,275,23.843557,38.138252
257,276,23.840928,38.134303
257,277,23.840317,38.131923
257,278,23.840817,38.131313
257,279,23.840906,38.131164
257,280,23.840946,38.130893
257,281,23.840906,38.131183
257,282,23.840626,38.131355
257,283,23.840395,38.131755
