258,1,23.840757,38.131362
258,2,23.840977,38.13111
258,3,23.841026,38.130992
258,4,23.841116,38.130912
258,5,23.841107,38.131091
258,6,23.840816,38.131412
258,7,23.840785,38.131492
258,8,23.840465,38.131823
258,9,23.839956,38.132015
258,10,23.840477,38.133113
258,11,23.841448,38.135012
258,12,23.842628,38.137264
258,13,23.844328,38.138145
258,14,23.845478,38.139144
258,15,23.845478,38.139155
258,16,23.845509,38.139255
258,17,23.844959,38.140106
258,18,23.84474,38.141086
258,19,23.845819,38.142417
258,20,23.847249,38.144016
258,21,23.84845,38.145095
258,22,23.849479,38.144134
258,23,23.849489,38.144122
258,24,23.849639,38.143924
258,25,23.850269,38.143234
258,26,23.850289,38.143283
258,27,23.849718,38.143825
258,28,23.849407,38.144145
258,29,23.849416,38.144206
258,30,23.849426,38.144255
258,31,23.849737,38.144256
258,32,23.849407,38.144294
258,33,23.848967,38.144695
258,34,23.847626,38.144603
258,35,23.845335,38.141894
258,36,23.845326,38.139953
258,37,23.845445,38.139682
258,38,23.845445,38.139682
258,39,23.845426,38.139392
258,40,23.843016,38.137981
258,41,23.841095,38.13449
258,42,23.839875,38.132071
258,43,23.840704,38.131633
258,44,23.841015,38.131263
258,45,23.840984,38.131225
258,46,23.840945,38.131163
258,47,23.841025,38.131015
258,48,23.841105,38.131003
258,49,23.841124,38.131164
258,50,23.840884,38.131416
258,51,23.840873,38.131397
258,52,23.840753,38.131568
258,53,23.840343,38.131317
258,54,23.840044,38.130748
258,55,23.839714,38.130717
258,56,23.839114,38.130497
258,57,23.837904,38.127998
258,58,23.836563,38.125137
258,59,23.834334,38.122058
258,60,23.831253,38.118869
258,61,23.828672,38.1164
258,62,23.826572,38.11431
258,63,23.824083,38.11185
258,64,23.821253,38.109199
258,65,23.818523,38.106578
258,66,23.816944,38.103808
258,67,23.816185,38.102607
258,68,23.816105,38.102588
258,69,23.813755,38.101837
258,70,23.811605,38.099807
258,71,23.810255,38.097495
258,72,23.809515,38.094966
258,73,23.809136,38.093288
258,74,23.808975,38.092529
258,75,23.808956,38.09241
258,76,23.808937,38.09169
258,77,23.809047,38.090911
258,78,23.809158,38.090122
258,79,23.809268,38.089282
258,80,23.809408,38.088061
258,81,23.809438,38.087921
258,82,23.81049,38.08789
258,83,23.81179,38.08813
258,84,23.813061,38.088371
258,85,23.81361,38.088439
258,86,23.81411,38.0885
258,87,23.81462,38.08858
258,88,23.8151,38.08863
258,89,23.8153,38.0886
258,90,23.815889,38.08847
258,91,23.816608,38.088279
258,92,23.817059,38.08813
258,93,23.817099,38.088099
258,94,23.818158,38.087489
258,95,23.818559,38.085059
258,96,23.8192,38.082061
258,97,23.819971,38.079352
258,98,23.820292,38.078353
258,99,23.820332,38.078273
258,100,23.820702,38.077182
258,101,23.821,38.076171
258,102,23.821081,38.075561
258,103,23.820982,38.074279
258,104,23.820692,38.071898
258,105,23.821031,38.069037
258,106,23.820892,38.066848
258,107,23.822202,38.06673
258,108,23.824481,38.066569
258,109,23.826363,38.066459
258,110,23.826123,38.064819
258,111,23.828783,38.06396
258,112,23.832382,38.062289
258,113,23.835281,38.060909
258,114,23.836101,38.060737
258,115,23.83616,38.060638
258,116,23.835781,38.059257
258,117,23.83575,38.059077
258,118,23.836771,38.058818
258,119,23.83822,38.058108
258,120,23.838531,38.056147
258,121,23.838852,38.054637
258,122,23.839132,38.052818
258,123,23.838611,38.051826
258,124,23.839472,38.050807
258,125,23.839681,38.048919
258,126,23.839182,38.046779
258,127,23.837362,38.0452
258,128,23.836973,38.04441
258,129,23.837834,38.043738
258,130,23.838303,38.043388
258,131,23.839293,38.042579
258,132,23.838192,38.041747
258,133,23.837612,38.042079
258,134,23.836931,38.042648
258,135,23.836981,38.042659
258,136,23.83723,38.042869
258,137,23.836931,38.042639
258,138,23.836601,38.042891
258,139,23.835631,38.043693
258,140,23.836561,38.044471
258,141,23.836841,38.044711
258,142,23.839361,38.046531
258,143,23.839821,38.048541
258,144,23.839651,38.050002
258,145,23.839182,38.051452
258,146,23.839182,38.051501
258,147,23.838991,38.051933
258,148,23.841331,38.053371
258,149,23.842131,38.05461
258,150,23.83934,38.056231
258,151,23.83819,38.058162
258,152,23.83608,38.058731
258,153,23.836021,38.059662
258,154,23.836302,38.06058
258,155,23.835272,38.06082
258,156,23.832702,38.062091
258,157,23.828392,38.06406
258,158,23.826712,38.065769
258,159,23.825392,38.066379
258,160,23.823122,38.066608
258,161,23.821611,38.066626
258,162,23.821102,38.067065
258,163,23.821022,38.069316
258,164,23.820923,38.071967
258,165,23.821243,38.075447
258,166,23.821083,38.076438
258,167,23.820614,38.077938
258,168,23.819494,38.081306
258,169,23.818834,38.085494
258,170,23.818394,38.087173
258,171,23.818294,38.087371
258,172,23.818085,38.087642
258,173,23.818054,38.08768
258,174,23.817674,38.08787
258,175,23.817536,38.087981
258,176,23.818785,38.089191
258,177,23.819435,38.089751
258,178,23.821054,38.09119
258,179,23.822944,38.093719
258,180,23.824194,38.096851
258,181,23.825403,38.099929
258,182,23.825674,38.101558
258,183,23.825835,38.103637
258,184,23.825803,38.106197
258,185,23.825803,38.108657
258,186,23.825994,38.110896
258,187,23.828004,38.113635
258,188,23.828994,38.115665
258,189,23.829315,38.117027
258,190,23.832445,38.120166
258,191,23.835926,38.124034
258,192,23.837937,38.128254
258,193,23.839716,38.131804
258,194,23.840796,38.131324
258,195,23.840925,38.131152
258,196,23.840866,38.131115
258,197,23.840875,38.131023
258,198,23.840996,38.130862
258,199,23.840995,38.130943
258,200,23.841015,38.131194
258,201,23.840985,38.131194
258,202,23.840564,38.131854
258,203,23.839504,38.131522
258,204,23.838064,38.128604
258,205,23.836485,38.125285
258,206,23.834246,38.122165
258,207,23.831116,38.118903
258,208,23.829166,38.117042
258,209,23.829996,38.117263
258,210,23.832025,38.118403
258,211,23.834225,38.118312
258,212,23.835314,38.117343
258,213,23.836563,38.115905
258,214,23.837463,38.114944
258,215,23.838434,38.113933
258,216,23.839375,38.112865
258,217,23.840414,38.111755
258,218,23.841274,38.110675
258,219,23.841265,38.110373
258,220,23.841826,38.110453
258,221,23.843595,38.111293
258,222,23.846355,38.113315
258,223,23.849765,38.114227
258,224,23.852406,38.113128
258,225,23.855115,38.11132
258,226,23.858786,38.10987
258,227,23.861536,38.107939
258,228,23.863926,38.106711
258,229,23.866646,38.105681
258,230,23.869504,38.10485
258,231,23.872305,38.10403
258,232,23.874685,38.102839
258,233,23.877096,38.102439
258,234,23.879785,38.102291
258,235,23.882394,38.101909
258,236,23.884726,38.101027
258,237,23.887155,38.100307
258,238,23.889166,38.100307
258,239,23.891115,38.100936
258,240,23.891785,38.101096
258,241,23.892454,38.101294
258,242,23.893055,38.101565
258,243,23.893555,38.102005
258,244,23.893734,38.102176
258,245,23.893984,38.102286
258,246,23.894203,38.102638
258,247,23.894173,38.102626
258,248,23.894172,38.102508
258,249,23.894083,38.102397
258,250,23.894123,38.102447
258,251,23.894073,38.102378
258,252,23.894064,38.102366
258,253,23.893873,38.102187
258,254,23.893334,38.101676
258,255,23.892593,38.101306
258,256,23.891703,38.101028
258,257,23.890293,38.100379
258,258,23.888143,38.100287
258,259,23.886013,38.100669
258,260,23.883022,38.101977
258,261,23.879001,38.102538
258,262,23.875261,38.10268
258,263,23.871642,38.104331
258,264,23.86787,38.10551
258,265,23.865829,38.10612
258,266,23.863569,38.107161
258,267,23.860899,38.1086
258,268,23.858379,38.110198
258,269,23.85515,38.111427
258,270,23.85261,38.113227
258,271,23.85075,38.114108
258,272,23.849779,38.114307
258,273,23.846779,38.113456
258,274,23.843409,38.111117
258,275,23.839508,38.108978
258,276,23.835818,38.107406
258,277,23.832287,38.105106
258,278,23.829318,38.102794
258,279,23.826107,38.100173
258,280,23.824898,38.098983
258,281,23.824718,38.098624
258,282,23.823338,38.098976
258,283,23.821087,38.100055
258,284,23.819746,38.100566
258,285,23.817705,38.101287
258,286,23.816216,38.101989
258,287,23.816077,38.102309
258,288,23.816057,38.102329
258,289,23.815218,38.10395
258,290,23.815027,38.104281
258,291,23.812307,38.103282
258,292,23.806967,38.101104
258,293,23.801056,38.098765
258,294,23.795447,38.096435
258,295,23.791826,38.092616
258,296,23.788986,38.088965
258,297,23.785757,38.084766
258,298,23.782437,38.080436
258,299,23.778366,38.076545
258,300,23.772846,38.073997
258,301,23.767216,38.071739
258,302,23.761776,38.06956
258,303,23.756546,38.067382
258,304,23.751526,38.065002
258,305,23.749756,38.06203
258,306,23.753536,38.060549
258,307,23.756367,38.06005
258,308,23.763567,38.059699
258,309,23.768195,38.05833
258,310,23.772486,38.056491
258,311,23.776245,38.054622
258,312,23.780635,38.051704
258,313,23.782816,38.049445
258,314,23.782816,38.047874
258,315,23.783366,38.047725
258,316,23.783914,38.047126
258,317,23.783655,38.046435
258,318,23.782036,38.045153
258,319,23.781915,38.044433
258,320,23.783525,38.043533
258,321,23.785825,38.042571
258,322,23.788606,38.042891
258,323,23.788606,38.04486
258,324,23.788758,38.04613
258,325,23.787857,38.046531
258,326,23.787487,38.046809
258,327,23.787388,38.046371
258,328,23.787289,38.046382
258,329,23.787958,38.046462
258,330,23.788639,38.045822
258,331,23.788639,38.044303
258,332,23.78801,38.042613
258,333,23.78479,38.042884
258,334,23.7825,38.044135
258,335,23.78212,38.045127
258,336,23.783739,38.046398
258,337,23.783699,38.0471
258,338,23.78266,38.046981
258,339,23.782999,38.04924
258,340,23.783029,38.050918
258,341,23.781809,38.052348
258,342,23.778579,38.053607
258,343,23.772669,38.056808
258,344,23.767319,38.058998
258,345,23.761407,38.060096
258,346,23.755348,38.060485
258,347,23.750908,38.063136
258,348,23.754358,38.066336
258,349,23.760128,38.068736
258,350,23.766438,38.071277
258,351,23.773089,38.073936
258,352,23.779318,38.077026
258,353,23.783607,38.081695
258,354,23.787407,38.086605
258,355,23.790417,38.090453
258,356,23.791836,38.092303
258,357,23.795046,38.095893
258,358,23.800905,38.098464
258,359,23.807806,38.101203
258,360,23.814056,38.103412
258,361,23.814697,38.10501
258,362,23.817377,38.106299
258,363,23.820987,38.10971
258,364,23.823399,38.11341
258,365,23.826528,38.115062
258,366,23.829488,38.11814
258,367,23.830978,38.118732
258,368,23.832967,38.120822
258,369,23.836128,38.124504
258,370,23.838129,38.128444
258,371,23.839918,38.131873
258,372,23.841037,38.131122
258,373,23.841037,38.131011
258,374,23.841019,38.131011
258,375,23.840679,38.131523
258,376,23.84066,38.131541
258,377,23.84061,38.131659
258,378,23.839771,38.1319
258,379,23.838742,38.13005
258,380,23.837052,38.126418
258,381,23.834861,38.12276
258,382,23.831751,38.11959
258,383,23.82921,38.117068
258,384,23.82967,38.116989
258,385,23.83169,38.11856
258,386,23.833919,38.118289
258,387,23.83504,38.11761
258,388,23.836368,38.116149
258,389,23.837288,38.115157
258,390,23.838247,38.114128
258,391,23.839127,38.113189
258,392,23.840146,38.112098
258,393,23.841077,38.11108
258,394,23.841148,38.110537
258,395,23.841658,38.110526
258,396,23.843478,38.111465
258,397,23.846218,38.113456
258,398,23.849528,38.114368
258,399,23.851908,38.113528
258,400,23.853998,38.111949
258,401,23.856709,38.11082
258,402,23.859198,38.109591
258,403,23.861368,38.108142
258,404,23.863608,38.107032
258,405,23.865397,38.106231
258,406,23.867727,38.105571
258,407,23.870247,38.104762
258,408,23.872597,38.103942
258,409,23.874637,38.102832
258,410,23.876938,38.102481
258,411,23.879608,38.102481
258,412,23.882118,38.10216
258,413,23.884408,38.101329
258,414,23.886039,38.100589
258,415,23.888278,38.100497
258,416,23.89024,38.100829
258,417,23.89139,38.101161
258,418,23.892139,38.101333
258,419,23.892799,38.101554
258,420,23.89337,38.101905
258,421,23.893891,38.102474
258,422,23.894001,38.102573
258,423,23.893992,38.102691
258,424,23.894112,38.102542
258,425,23.893951,38.102332
258,426,23.893501,38.101844
258,427,23.893461,38.101806
258,428,23.893171,38.101577
258,429,23.891632,38.101089
258,430,23.890151,38.100417
258,431,23.888182,38.100227
258,432,23.886671,38.100486
258,433,23.884361,38.101478
258,434,23.880562,38.102298
258,435,23.876593,38.10223
258,436,23.873163,38.10387
258,437,23.869432,38.105029
258,438,23.866152,38.106029
258,439,23.864231,38.106868
258,440,23.86045,38.108958
258,441,23.856621,38.110969
258,442,23.85275,38.113227
258,443,23.850721,38.114295
258,444,23.850431,38.114467
258,445,23.847082,38.113616
258,446,23.843332,38.111076
258,447,23.842482,38.110755
258,448,23.840943,38.111534
258,449,23.839363,38.113242
258,450,23.837732,38.114951
258,451,23.836372,38.116511
258,452,23.834402,38.118244
258,453,23.831621,38.118484
258,454,23.829441,38.116831
258,455,23.831662,38.119113
258,456,23.835241,38.122844
258,457,23.8376,38.127124
258,458,23.839562,38.131233
258,459,23.840832,38.131461
258,460,23.841202,38.130943
258,461,23.841091,38.130973
258,462,23.841072,38.130962
258,463,23.841062,38.131091
258,464,23.840452,38.131893
258,465,23.840283,38.132823
258,466,23.841833,38.135982
258,467,23.844204,38.13819
258,468,23.845493,38.139159
258,469,23.845493,38.139171
258,470,23.845713,38.139411
258,471,23.848334,38.13948
258,472,23.852734,38.139518
258,473,23.855034,38.138008
258,474,23.856224,38.136737
258,475,23.856385,38.136566
258,476,23.856844,38.136054
258,477,23.857244,38.135814
258,478,23.857714,38.137122
258,479,23.858993,38.139564
258,480,23.860634,38.140124
258,481,23.862403,38.139926
258,482,23.865094,38.138347
258,483,23.868534,38.137725
258,484,23.871784,38.136794
258,485,23.874205,38.136165
258,486,23.878444,38.136497
258,487,23.879545,38.137725
258,488,23.879314,38.137836
258,489,23.879274,38.137847
258,490,23.879414,38.137668
258,491,23.877344,38.135898
258,492,23.873394,38.136359
258,493,23.870074,38.137561
258,494,23.866542,38.13803
258,495,23.863163,38.139522
258,496,23.861384,38.140292
258,497,23.859595,38.140094
258,498,23.858124,38.137653
258,499,23.857294,38.135765
258,500,23.856575,38.136486
258,501,23.855416,38.137736
258,502,23.852665,38.139598
258,503,23.848055,38.139518
258,504,23.845675,38.139438
258,505,23.843574,38.138209
258,506,23.841045,38.134418
258,507,23.840305,38.131889
258,508,23.840906,38.131289
258,509,23.840876,38.13084
258,510,23.840935,38.131049
258,511,23.841046,38.130931
258,512,23.841015,38.13095
258,513,23.841065,38.131061
258,514,23.840704,38.131549
258,515,23.840275,38.131248
258,516,23.839775,38.130706
258,517,23.839085,38.130607
258,518,23.837855,38.128078
258,519,23.836525,38.125308
258,520,23.834054,38.121947
258,521,23.831285,38.119067
258,522,23.829586,38.118236
258,523,23.827626,38.116126
258,524,23.825096,38.114104
258,525,23.823637,38.113464
258,526,23.823017,38.111522
258,527,23.819708,38.108352
258,528,23.815637,38.104694
258,529,23.809978,38.102333
258,530,23.804168,38.10002
258,531,23.798319,38.09777
258,532,23.793699,38.095081
258,533,23.792339,38.093379
258,534,23.79162,38.092441
258,535,23.78997,38.090289
258,536,23.78752,38.087157
258,537,23.784479,38.083186
258,538,23.78151,38.079345
258,539,23.77738,38.076014
258,540,23.772289,38.073813
258,541,23.767219,38.071792
258,542,23.76206,38.06972
258,543,23.75889,38.068801
258,544,23.760001,38.068561
258,545,23.759871,38.067092
258,546,23.75987,38.066661
258,547,23.759831,38.066383
258,548,23.759599,38.065711
258,549,23.75935,38.065322
258,550,23.758999,38.064811
258,551,23.758958,38.064762
258,552,23.758598,38.064342
258,553,23.758398,38.064063
258,554,23.757427,38.062885
258,555,23.756468,38.060424
258,556,23.756088,38.059382
258,557,23.754799,38.057552
258,558,23.753059,38.055153
258,559,23.751589,38.052734
258,560,23.75018,38.051333
258,561,23.7498,38.050933
258,562,23.74843,38.049624
258,563,23.74707,38.048366
258,564,23.74816,38.048027
258,565,23.749069,38.047988
258,566,23.748798,38.048069
258,567,23.748959,38.047938
258,568,23.75001,38.048278
258,569,23.74971,38.049067
258,570,23.74933,38.049998
258,571,23.74933,38.05001
258,572,23.74909,38.050079
258,573,23.74715,38.048347
258,574,23.745501,38.048968
258,575,23.74324,38.049789
258,576,23.74312,38.050029
258,577,23.74522,38.05313
258,578,23.74743,38.058322
258,579,23.750872,38.063701
258,580,23.756611,38.06718
258,581,23.763552,38.06998
258,582,23.770502,38.072768
258,583,23.777113,38.075531
258,584,23.782413,38.080001
258,585,23.786265,38.085021
258,586,23.789854,38.089709
258,587,23.791284,38.09159
258,588,23.794025,38.094981
258,589,23.799425,38.097873
258,590,23.805824,38.100341
258,591,23.811945,38.102722
258,592,23.815115,38.104052
258,593,23.816355,38.105513
258,594,23.820095,38.108794
258,595,23.823426,38.113154
258,596,23.826715,38.115176
258,597,23.829875,38.118488
258,598,23.831677,38.119556
258,599,23.835016,38.122897
258,600,23.837366,38.127159
258,601,23.839456,38.131388
258,602,23.840687,38.13148
258,603,23.840937,38.131072
258,604,23.841097,38.130931
258,605,23.841057,38.1309
258,606,23.841116,38.131061
258,607,23.840727,38.131641
258,608,23.839876,38.131832
258,609,23.839555,38.131423
258,610,23.838255,38.128814
258,611,23.836584,38.125305
258,612,23.833924,38.121726
258,613,23.830744,38.118438
258,614,23.829433,38.116786
258,615,23.831114,38.118278
258,616,23.833063,38.118247
258,617,23.834584,38.117995
258,618,23.835934,38.116565
258,619,23.836914,38.115455
258,620,23.837663,38.114704
258,621,23.838413,38.113884
258,622,23.839162,38.113033
258,623,23.840263,38.111831
258,624,23.841243,38.110751
258,625,23.841244,38.11061
258,626,23.841343,38.110549
258,627,23.842073,38.110519
258,628,23.844313,38.111739
258,629,23.847263,38.1137
258,630,23.850335,38.114131
258,631,23.852545,38.113082
258,632,23.855274,38.111312
258,633,23.858623,38.110012
258,634,23.861014,38.108341
258,635,23.863143,38.10723
258,636,23.865414,38.10615
258,637,23.867914,38.105448
258,638,23.870523,38.10461
258,639,23.872814,38.103858
258,640,23.872065,38.10419
258,641,23.870655,38.104941
258,642,23.872875,38.105952
258,643,23.874265,38.106723
258,644,23.875426,38.107322
258,645,23.876646,38.107783
258,646,23.877957,38.108005
258,647,23.877866,38.108924
258,648,23.877547,38.110293
258,649,23.877417,38.110835
258,650,23.877426,38.110874
258,651,23.877525,38.111152
258,652,23.877538,38.111228
258,653,23.877588,38.11037
258,654,23.878168,38.108401
258,655,23.877018,38.10794
258,656,23.876117,38.10762
258,657,23.874228,38.106681
258,658,23.871477,38.105319
258,659,23.869337,38.105209
258,660,23.864906,38.106547
258,661,23.860956,38.10865
258,662,23.857616,38.11071
258,663,23.853536,38.112621
258,664,23.850637,38.114459
258,665,23.849996,38.11447
258,666,23.845306,38.11256
258,667,23.841517,38.110908
258,668,23.839845,38.112697
258,669,23.838174,38.114528
258,670,23.836444,38.116409
258,671,23.834665,38.118369
258,672,23.831725,38.118659
258,673,23.829426,38.116939
258,674,23.831575,38.119171
258,675,23.835245,38.122962
258,676,23.837554,38.127181
258,677,23.839525,38.131301
258,678,23.840725,38.131572
258,679,23.841094,38.131073
258,680,23.841165,38.130943
258,681,23.841076,38.130943
258,682,23.841146,38.130973
258,683,23.840727,38.131633
258,684,23.839848,38.131893
258,685,23.838759,38.129932
258,686,23.837238,38.126762
258,687,23.835449,38.123363
258,688,23.832289,38.120162
258,689,23.829399,38.117244
258,690,23.830148,38.117385
258,691,23.832029,38.118415
258,692,23.83362,38.118285
258,693,23.83485,38.117774
258,694,23.836291,38.116202
258,695,23.8371,38.115321
258,696,23.837851,38.114463
258,697,23.83856,38.113612
258,698,23.839439,38.112663
258,699,23.840469,38.111583
258,700,23.84121,38.110472
