259,1,23.76853,38.108817
259,2,23.768561,38.108817
259,3,23.768579,38.108836
259,4,23.768489,38.108695
259,5,23.767919,38.108604
259,6,23.76779,38.108115
259,7,23.76762,38.107707
259,8,23.766979,38.107867
259,9,23.766158,38.107769
259,10,23.765959,38.107097
259,11,23.765419,38.107047
259,12,23.764569,38.106987
259,13,23.764337,38.106547
259,14,23.763768,38.106349
259,15,23.763718,38.105911
259,16,23.763777,38.105491
259,17,23.764097,38.104769
259,18,23.764047,38.10493
259,19,23.763728,38.105708
259,20,23.762639,38.105616
259,21,23.761438,38.105487
259,22,23.759597,38.105307
259,23,23.759077,38.104686
259,24,23.757708,38.102737
259,25,23.756418,38.100768
259,26,23.755368,38.099269
259,27,23.754247,38.097678
259,28,23.752947,38.095839
259,29,23.752016,38.094661
259,30,23.750597,38.095679
259,31,23.748716,38.097011
259,32,23.746607,38.098503
259,33,23.744466,38.100074
259,34,23.742438,38.101535
259,35,23.741317,38.102336
259,36,23.739267,38.102397
259,37,23.737217,38.102348
259,38,23.736616,38.102836
259,39,23.735866,38.103614
259,40,23.735176,38.104434
259,41,23.734316,38.105224
259,42,23.733446,38.104744
259,43,23.733255,38.103805
259,44,23.733225,38.103824
259,45,23.733074,38.103893
259,46,23.733134,38.103854
259,47,23.733413,38.104793
259,48,23.734484,38.105182
259,49,23.735813,38.103584
259,50,23.736603,38.102325
259,51,23.739042,38.102336
259,52,23.741494,38.102084
259,53,23.744043,38.100254
259,54,23.746964,38.098151
259,55,23.749402,38.096382
259,56,23.750312,38.095733
259,57,23.751953,38.094562
259,58,23.752832,38.09571
259,59,23.754463,38.09796
259,60,23.755703,38.099841
259,61,23.756804,38.10123
259,62,23.758323,38.103568
259,63,23.759412,38.105129
259,64,23.761753,38.105468
259,65,23.763673,38.105838
259,66,23.763754,38.106349
259,67,23.764355,38.106491
259,68,23.765484,38.10643
259,69,23.766014,38.10707
259,70,23.766733,38.10786
259,71,23.767884,38.10797
259,72,23.768293,38.10871
259,73,23.768604,38.108741
259,74,23.768614,38.108851
259,75,23.768373,38.108722
259,76,23.767864,38.108314
259,77,23.767883,38.107745
259,78,23.768693,38.107665
259,79,23.769453,38.107684
259,80,23.770064,38.107925
259,81,23.770144,38.108146
259,82,23.769733,38.108134
259,83,23.769992,38.108036
259,84,23.769422,38.107696
259,85,23.768293,38.107715
259,86,23.767864,38.108295
259,87,23.768275,38.108795
259,88,23.768434,38.108794
259,89,23.768454,38.108806
259,90,23.768565,38.108676
259,91,23.768595,38.108867
259,92,23.767895,38.108695
259,93,23.767824,38.108054
259,94,23.768314,38.107753
259,95,23.768654,38.107463
259,96,23.768713,38.106772
259,97,23.769453,38.106593
259,98,23.769903,38.106383
259,99,23.769833,38.105804
259,100,23.769773,38.105212
259,101,23.769903,38.105064
259,102,23.770224,38.104873
259,103,23.770464,38.104964
259,104,23.770353,38.104934
259,105,23.769953,38.105316
259,106,23.769993,38.106196
259,107,23.769243,38.106598
259,108,23.768793,38.107367
259,109,23.768793,38.108138
259,110,23.768793,38.108699
259,111,23.768574,38.108588
259,112,23.768574,38.10868
259,113,23.768133,38.10873
259,114,23.767772,38.10921
259,115,23.767233,38.109451
259,116,23.767603,38.109771
259,117,23.767662,38.11037
259,118,23.767733,38.110949
259,119,23.767893,38.111499
259,120,23.767923,38.112059
259,121,23.767874,38.11259
259,122,23.767973,38.112941
259,123,23.767892,38.113113
259,124,23.767193,38.113204
259,125,23.766952,38.113216
259,126,23.767233,38.113265
259,127,23.767653,38.113227
259,128,23.767872,38.112807
259,129,23.767902,38.111957
259,130,23.767751,38.111216
259,131,23.767693,38.110286
259,132,23.767652,38.110107
259,133,23.767643,38.110038
259,134,23.767593,38.109729
259,135,23.767593,38.109329
259,136,23.768263,38.10876
259,137,23.768574,38.108722
259,138,23.768573,38.108802
259,139,23.768774,38.108764
259,140,23.768873,38.108912
259,141,23.768962,38.108802
259,142,23.768713,38.108741
259,143,23.768562,38.108673
259,144,23.768442,38.108722
259,145,23.768552,38.108642
259,146,23.768633,38.108783
259,147,23.768503,38.108665
259,148,23.767954,38.108565
259,149,23.767874,38.108085
259,150,23.767963,38.107646
259,151,23.768682,38.107627
259,152,23.768663,38.107016
259,153,23.769083,38.106609
259,154,23.769779,38.106525
259,155,23.76993,38.106037
259,156,23.769859,38.105468
259,157,23.769979,38.104957
259,158,23.77021,38.104797
259,159,23.77043,38.104938
259,160,23.76989,38.105098
259,161,23.77001,38.106117
259,162,23.76951,38.106525
259,163,23.76874,38.106963
259,164,23.76879,38.107493
259,165,23.768438,38.107654
259,166,23.767908,38.108252
259,167,23.768398,38.108772
259,168,23.768519,38.108772
259,169,23.768537,38.10876
259,170,23.768608,38.108699
259,171,23.768599,38.108779
259,172,23.768367,38.10868
259,173,23.767838,38.108428
259,174,23.767818,38.107848
259,175,23.768408,38.107677
259,176,23.768648,38.107657
259,177,23.768719,38.107547
259,178,23.768737,38.106697
259,179,23.769657,38.106555
259,180,23.769937,38.106105
259,181,23.769848,38.105346
259,182,23.770178,38.104937
259,183,23.770258,38.104957
259,184,23.770388,38.104987
259,185,23.770428,38.104957
259,186,23.770267,38.104896
259,187,23.769968,38.105334
259,188,23.770018,38.106143
259,189,23.769377,38.106544
259,190,23.768757,38.107054
259,191,23.768726,38.107647
259,192,23.767915,38.107986
259,193,23.768205,38.108657
259,194,23.768616,38.108657
259,195,23.768536,38.108775
259,196,23.768536,38.108707
259,197,23.768206,38.108615
259,198,23.767756,38.108436
259,199,23.767805,38.107925
259,200,23.768385,38.107673
259,201,23.768604,38.107653
259,202,23.768604,38.107653
259,203,23.768724,38.107623
259,204,23.768644,38.107795
259,205,23.768154,38.107726
259,206,23.767884,38.107936
259,207,23.767964,38.108615
259,208,23.768513,38.108806
259,209,23.768543,38.108775
259,210,23.768613,38.108737
259,211,23.768613,38.108776
259,212,23.768034,38.108726
259,213,23.767824,38.109134
259,214,23.767254,38.109466
259,215,23.767633,38.109897
259,216,23.767683,38.110408
259,217,23.767753,38.110896
259,218,23.767735,38.111068
259,219,23.767675,38.111038
259,220,23.767735,38.110958
259,221,23.767623,38.110187
259,222,23.767224,38.109577
259,223,23.767784,38.109096
259,224,23.768493,38.108825
259,225,23.768544,38.108825
259,226,23.768525,38.108733
259,227,23.767914,38.108535
259,228,23.767895,38.108016
259,229,23.767475,38.107818
259,230,23.766645,38.107909
259,231,23.766115,38.107501
259,232,23.765915,38.106941
259,233,23.765184,38.107032
259,234,23.764605,38.1071
259,235,23.764623,38.10704
259,236,23.765105,38.10704
259,237,23.765644,38.107429
259,238,23.765434,38.107928
259,239,23.765305,38.10794
259,240,23.765385,38.10794
259,241,23.765535,38.107821
259,242,23.765655,38.10749
259,243,23.765125,38.107059
259,244,23.766035,38.10709
259,245,23.766596,38.10789
259,246,23.767576,38.108062
259,247,23.767706,38.10834
259,248,23.767706,38.10834
259,249,23.767906,38.108551
259,250,23.768437,38.108748
259,251,23.768477,38.108748
259,252,23.768476,38.108779
259,253,23.768647,38.10873
259,254,23.768627,38.10887
259,255,23.768556,38.108832
259,256,23.768397,38.108753
259,257,23.767896,38.108611
259,258,23.767857,38.108131
259,259,23.767536,38.107841
259,260,23.766756,38.107959
259,261,23.766155,38.10773
259,262,23.766025,38.10704
259,263,23.765556,38.10704
259,264,23.765286,38.107039
259,265,23.765267,38.10699
259,266,23.764696,38.107051
259,267,23.764955,38.107032
259,268,23.765135,38.107082
259,269,23.765345,38.107131
259,270,23.765675,38.107463
259,271,23.765544,38.107864
259,272,23.765535,38.107902
259,273,23.765535,38.107913
259,274,23.765415,38.107913
259,275,23.765515,38.107875
259,276,23.765755,38.107696
259,277,23.765515,38.107215
259,278,23.765465,38.106975
259,279,23.765875,38.106944
259,280,23.766065,38.107283
259,281,23.766405,38.107852
259,282,23.767375,38.107784
259,283,23.767875,38.108123
259,284,23.768187,38.108722
259,285,23.768507,38.108753
259,286,23.768538,38.108802
259,287,23.768657,38.108672
259,288,23.768658,38.108832
259,289,23.768547,38.108692
259,290,23.767998,38.108654
259,291,23.767887,38.108283
259,292,23.767868,38.107833
259,293,23.768457,38.107723
259,294,23.768728,38.107463
259,295,23.768648,38.106975
259,296,23.769037,38.106734
259,297,23.769046,38.106746
259,298,23.769087,38.106784
259,299,23.769087,38.106823
259,300,23.769086,38.106742
259,301,23.769056,38.106833
259,302,23.769056,38.106833
259,303,23.768816,38.107124
259,304,23.768706,38.107703
259,305,23.768786,38.108344
259,306,23.768625,38.108714
259,307,23.768644,38.108795
259,308,23.768684,38.108776
259,309,23.768684,38.108776
259,310,23.768704,38.108684
259,311,23.768693,38.108733
259,312,23.768515,38.108554
259,313,23.768045,38.108554
259,314,23.767894,38.108173
259,315,23.767875,38.107791
259,316,23.768335,38.107673
259,317,23.768776,38.107574
259,318,23.768686,38.107165
259,319,23.768717,38.106734
259,320,23.769105,38.106852
259,321,23.769116,38.106792
259,322,23.769116,38.10678
259,323,23.769065,38.106872
259,324,23.769096,38.106883
259,325,23.769016,38.106975
259,326,23.768686,38.107363
259,327,23.768667,38.107894
259,328,23.768747,38.108413
259,329,23.768766,38.108703
259,330,23.768766,38.108715
259,331,23.768485,38.108832
259,332,23.768436,38.108833
259,333,23.768486,38.108863
259,334,23.768616,38.108745
259,335,23.768626,38.108836
259,336,23.768795,38.108558
259,337,23.768755,38.108047
259,338,23.768765,38.107467
259,339,23.768665,38.106936
259,340,23.768685,38.106796
259,341,23.769045,38.106715
259,342,23.769125,38.106876
259,343,23.769125,38.106876
259,344,23.768946,38.107074
259,345,23.768795,38.107524
259,346,23.768775,38.108066
259,347,23.768816,38.108626
259,348,23.768665,38.108768
259,349,23.768656,38.108756
259,350,23.768616,38.108695
259,351,23.768625,38.108646
259,352,23.768625,38.108634
259,353,23.768486,38.108714
259,354,23.768556,38.108764
