26,1,23.843253,37.997165
26,2,23.843083,37.995654
26,3,23.842832,37.994483
26,4,23.845392,37.994563
26,5,23.847072,37.994533
26,6,23.847073,37.994434
26,7,23.847513,37.994495
26,8,23.847553,37.994464
26,9,23.847423,37.994476
26,10,23.847364,37.994494
26,11,23.847664,37.994273
26,12,23.847614,37.994365
26,13,23.848113,37.993983
26,14,23.848913,37.992385
26,15,23.851284,37.991787
26,16,23.855304,37.989997
26,17,23.859495,37.988189
26,18,23.862865,37.98667
26,19,23.864947,37.986289
26,20,23.866386,37.988578
26,21,23.868116,37.989887
26,22,23.871015,37.989978
26,23,23.873476,37.990828
26,24,23.874746,37.99229
26,25,23.877686,37.990371
26,26,23.879495,37.989131
26,27,23.879446,37.989131
26,28,23.879526,37.989273
26,29,23.880735,37.989593
26,30,23.881164,37.990142
26,31,23.881195,37.990203
26,32,23.881176,37.990112
26,33,23.880836,37.989581
26,34,23.880216,37.989032
26,35,23.879865,37.989161
26,36,23.877865,37.990382
26,37,23.875164,37.99219
26,38,23.874894,37.992362
26,39,23.874163,37.991672
26,40,23.872393,37.98981
26,41,23.869904,37.990668
26,42,23.868624,37.99018
26,43,23.866333,37.988501
26,44,23.865053,37.986431
26,45,23.864263,37.986258
26,46,23.862052,37.987208
26,47,23.859423,37.988318
26,48,23.859022,37.988509
26,49,23.858862,37.988548
26,50,23.856632,37.989539
26,51,23.855332,37.988799
26,52,23.853931,37.986819
26,53,23.853832,37.98574
26,54,23.852941,37.985518
26,55,23.853031,37.984527
26,56,23.851561,37.984286
26,57,23.85141,37.984248
26,58,23.85139,37.984237
26,59,23.851351,37.983459
26,60,23.850101,37.98355
26,61,23.849771,37.98413
26,62,23.848631,37.984431
26,63,23.847791,37.98455
26,64,23.846851,37.98468
26,65,23.845701,37.98487
26,66,23.845361,37.984451
26,67,23.845562,37.982891
26,68,23.84665,37.982779
26,69,23.847831,37.98273
26,70,23.847832,37.98183
26,71,23.847851,37.98093
26,72,23.847881,37.980151
26,73,23.847881,37.979992
26,74,23.847842,37.979972
26,75,23.847841,37.979911
26,76,23.849183,37.97964
26,77,23.852031,37.979689
26,78,23.852302,37.98022
26,79,23.852182,37.98067
26,80,23.851932,37.981589
26,81,23.851873,37.981787
26,82,23.851523,37.983008
26,83,23.851242,37.98418
26,84,23.853632,37.984611
26,85,23.855951,37.984321
26,86,23.856571,37.982193
26,87,23.86029,37.982784
26,88,23.862431,37.984012
26,89,23.864379,37.985744
26,90,23.866039,37.988063
26,91,23.868451,37.990142
26,92,23.871601,37.98992
26,93,23.873932,37.991412
26,94,23.874632,37.992252
26,95,23.876732,37.991073
26,96,23.880251,37.989051
26,97,23.88121,37.989989
26,98,23.8813,37.990088
26,99,23.88134,37.990088
26,100,23.881439,37.990218
26,101,23.881509,37.99031
26,102,23.88154,37.990348
26,103,23.881559,37.990428
26,104,23.88139,37.990188
26,105,23.88139,37.990127
26,106,23.881359,37.990028
26,107,23.881289,37.990138
26,108,23.881208,37.990059
26,109,23.881208,37.990059
26,110,23.881439,37.990237
26,111,23.88212,37.990726
26,112,23.8818,37.992145
26,113,23.88094,37.995277
26,114,23.88014,37.998896
26,115,23.88065,38.001949
26,116,23.88068,38.002349
26,117,23.88072,38.0027
26,118,23.88081,38.00323
26,119,23.88085,38.003501
26,120,23.88251,38.003512
26,121,23.88538,38.003524
26,122,23.888929,38.004115
26,123,23.892279,38.004337
26,124,23.896108,38.003688
26,125,23.898689,38.003238
26,126,23.899449,38.003146
26,127,23.900068,38.003097
26,128,23.903929,38.002658
26,129,23.908098,38.00259
26,130,23.908499,38.003428
26,131,23.908508,38.00344
26,132,23.908338,38.002669
26,133,23.905418,38.00267
26,134,23.900608,38.003101
26,135,23.900198,38.003803
26,136,23.900587,38.004203
26,137,23.900726,38.004402
26,138,23.900877,38.005202
26,139,23.902607,38.005332
26,140,23.902887,38.006312
26,141,23.903008,38.007743
26,142,23.903048,38.008483
26,143,23.903137,38.009025
26,144,23.903137,38.009296
26,145,23.903177,38.009284
26,146,23.903137,38.009334
26,147,23.903236,38.009223
26,148,23.903246,38.009235
26,149,23.903085,38.008773
26,150,23.902965,38.007095
26,151,23.902855,38.005576
26,152,23.901065,38.005347
26,153,23.900597,38.004226
26,154,23.900236,38.003844
26,155,23.899986,38.003604
26,156,23.899706,38.003383
26,157,23.899666,38.003353
26,158,23.897525,38.003631
26,159,23.895996,38.003902
26,160,23.894936,38.004081
26,161,23.894605,38.00413
26,162,23.893816,38.004271
26,163,23.893445,38.004333
26,164,23.893427,38.004333
26,165,23.893276,38.004364
26,166,23.893066,38.004394
26,167,23.892666,38.004462
26,168,23.892305,38.004512
26,169,23.892095,38.004543
26,170,23.891956,38.004562
26,171,23.891216,38.004611
26,172,23.890387,38.004463
26,173,23.888367,38.004142
26,174,23.887047,38.003921
26,175,23.886646,38.003891
26,176,23.885527,38.003619
26,177,23.884916,38.003478
26,178,23.884817,38.003479
26,179,23.883987,38.003368
26,180,23.883427,38.003417
26,181,23.882977,38.003558
26,182,23.882826,38.003597
26,183,23.882397,38.003646
26,184,23.882177,38.003696
26,185,23.881918,38.003726
26,186,23.881169,38.003727
26,187,23.880928,38.003067
26,188,23.880718,38.001185
26,189,23.880308,37.998066
26,190,23.881268,37.994445
26,191,23.882158,37.991077
26,192,23.881439,37.990218
26,193,23.881368,37.990157
26,194,23.881298,37.990146
26,195,23.881249,37.990066
26,196,23.881218,37.990066
26,197,23.881397,37.990177
26,198,23.882128,37.990744
26,199,23.881817,37.992053
26,200,23.881107,37.994655
26,201,23.880308,37.997565
26,202,23.880428,38.000496
26,203,23.880779,38.002815
26,204,23.880829,38.003246
26,205,23.880829,38.003326
26,206,23.88082,38.003386
26,207,23.879879,38.003646
26,208,23.878578,38.003727
26,209,23.878177,38.003764
26,210,23.877668,38.003795
26,211,23.876528,38.003955
26,212,23.875608,38.004225
26,213,23.875398,38.004276
26,214,23.875809,38.004184
26,215,23.875469,38.004264
26,216,23.875559,38.004203
26,217,23.876249,38.004013
26,218,23.87825,38.003852
26,219,23.87999,38.003833
26,220,23.880739,38.003612
26,221,23.880569,38.00101
26,222,23.88015,37.99919
26,223,23.88089,37.995521
26,224,23.88203,37.9914
26,225,23.881531,37.990371
26,226,23.8815,37.990333
26,227,23.881509,37.990314
26,228,23.881621,37.990364
26,229,23.881621,37.990364
26,230,23.881839,37.990493
26,231,23.881899,37.990573
26,232,23.882188,37.990722
26,233,23.882139,37.99121
26,234,23.881498,37.99353
26,235,23.880607,37.996737
26,236,23.880457,38.000346
26,237,23.880757,38.002745
26,238,23.880766,38.002807
26,239,23.880785,38.003128
26,240,23.880815,38.003128
26,241,23.880834,38.003405
26,242,23.880815,38.003444
26,243,23.879976,38.003733
26,244,23.878607,38.003753
26,245,23.877188,38.003741
26,246,23.876688,38.003833
26,247,23.874807,38.004363
26,248,23.874918,38.004772
26,249,23.876058,38.005511
26,250,23.877058,38.005942
26,251,23.877619,38.006774
26,252,23.878078,38.007304
26,253,23.878338,38.007342
26,254,23.878887,38.007263
26,255,23.879636,38.008102
26,256,23.879637,38.008293
26,257,23.879357,38.008491
26,258,23.879376,38.008529
26,259,23.878975,38.008758
26,260,23.878734,38.008788
26,261,23.878725,38.0088
26,262,23.879496,38.00843
26,263,23.879185,38.007659
26,264,23.878386,38.007438
26,265,23.877587,38.006888
26,266,23.877118,38.00621
26,267,23.877118,38.00621
26,268,23.876688,38.005691
26,269,23.874977,38.00494
26,270,23.874428,38.004539
26,271,23.875088,38.00426
26,272,23.876718,38.003921
26,273,23.878819,38.003871
26,274,23.880748,38.003822
26,275,23.880598,38.001082
26,276,23.880527,37.996863
26,277,23.881869,37.991992
26,278,23.881498,37.990302
26,279,23.880909,37.989681
26,280,23.880279,37.989082
26,281,23.879749,37.989303
26,282,23.879518,37.989162
26,283,23.879469,37.989013
26,284,23.87941,37.989025
26,285,23.8794,37.989036
26,286,23.8794,37.989074
26,287,23.879441,37.989093
26,288,23.87945,37.989082
26,289,23.879499,37.988971
26,290,23.879499,37.98896
26,291,23.87944,37.988929
26,292,23.87944,37.988948
26,293,23.87965,37.989078
26,294,23.87964,37.989039
26,295,23.87964,37.989039
26,296,23.879551,37.989138
26,297,23.879521,37.989078
26,298,23.879511,37.989116
26,299,23.877731,37.990516
26,300,23.874922,37.992377
26,301,23.873491,37.990817
26,302,23.87194,37.989917
26,303,23.869452,37.990608
26,304,23.86695,37.989036
26,305,23.865662,37.987426
26,306,23.864591,37.986206
26,307,23.863173,37.986693
26,308,23.860672,37.987884
26,309,23.857542,37.989234
26,310,23.854212,37.990673
26,311,23.851091,37.992053
26,312,23.849981,37.993033
26,313,23.848571,37.993385
26,314,23.847631,37.996314
26,315,23.847391,37.997394
26,316,23.845431,37.997604
26,317,23.845501,37.998794
26,318,23.843931,37.999324
26,319,23.84333,37.998782
26,320,23.843441,37.99824
26,321,23.843521,37.9981
