261,1,23.768619,38.108676
261,2,23.76861,38.108806
261,3,23.768601,38.108867
261,4,23.768351,38.108829
261,5,23.76785,38.10876
261,6,23.7677,38.10831
261,7,23.7678,38.107829
261,8,23.768459,38.10776
261,9,23.769178,38.10773
261,10,23.769927,38.10768
261,11,23.770249,38.108131
261,12,23.770479,38.108619
261,13,23.770738,38.108519
261,14,23.771019,38.108459
261,15,23.771018,38.108607
261,16,23.770238,38.108589
261,17,23.770088,38.107676
261,18,23.768938,38.107715
261,19,23.767917,38.107753
261,20,23.767847,38.108443
261,21,23.768397,38.108763
261,22,23.768397,38.108753
261,23,23.768446,38.108741
261,24,23.768446,38.108741
261,25,23.768576,38.108722
261,26,23.768585,38.108672
261,27,23.768567,38.108791
261,28,23.768735,38.10839
261,29,23.768677,38.10791
261,30,23.768957,38.107669
261,31,23.769536,38.107631
261,32,23.770177,38.107669
261,33,23.770369,38.108131
261,34,23.770519,38.108562
261,35,23.77055,38.108623
261,36,23.77034,38.108832
261,37,23.77025,38.108321
261,38,23.770269,38.10776
261,39,23.76964,38.107662
261,40,23.76881,38.107612
261,41,23.76877,38.107421
261,42,23.768751,38.107223
261,43,23.768871,38.107112
261,44,23.768791,38.107333
261,45,23.768741,38.107635
261,46,23.768741,38.107574
261,47,23.768733,38.107875
261,48,23.768803,38.108356
261,49,23.768452,38.108707
261,50,23.768022,38.108878
261,51,23.767892,38.108809
261,52,23.768083,38.108779
261,53,23.768423,38.10876
261,54,23.768483,38.108649
261,55,23.768593,38.108711
261,56,23.768673,38.108779
261,57,23.768383,38.10871
261,58,23.767883,38.10844
261,59,23.767883,38.107909
261,60,23.767263,38.107879
261,61,23.766813,38.10794
261,62,23.766844,38.10791
261,63,23.766804,38.107898
261,64,23.766585,38.107887
261,65,23.767294,38.107818
261,66,23.767754,38.108318
261,67,23.768374,38.108779
261,68,23.768454,38.108779
261,69,23.768513,38.108817
261,70,23.768572,38.108786
261,71,23.767922,38.108596
261,72,23.76789,38.108004
261,73,23.767521,38.107894
261,74,23.767391,38.107856
261,75,23.766991,38.107917
261,76,23.767521,38.107978
261,77,23.767841,38.10852
261,78,23.768091,38.108798
261,79,23.768091,38.10881
261,80,23.768421,38.108848
261,81,23.76844,38.108859
261,82,23.768551,38.10881
261,83,23.767958,38.108619
261,84,23.767917,38.109168
261,85,23.768167,38.10876
261,86,23.768108,38.108779
261,87,23.767868,38.108939
261,88,23.768389,38.108799
261,89,23.768509,38.10868
261,90,23.768469,38.108661
261,91,23.76854,38.108921
