263,1,23.768091,38.108623
263,2,23.7679,38.108192
263,3,23.76791,38.107703
263,4,23.76857,38.107634
263,5,23.769211,38.107623
263,6,23.769851,38.107605
263,7,23.77003,38.107604
263,8,23.77003,38.107604
263,9,23.770241,38.107765
263,10,23.770201,38.108196
263,11,23.77029,38.108787
263,12,23.770361,38.109397
263,13,23.770391,38.109965
263,14,23.770441,38.110027
263,15,23.770422,38.110107
263,16,23.770272,38.110286
263,17,23.770272,38.110286
263,18,23.770391,38.109935
263,19,23.770231,38.109805
263,20,23.770231,38.109744
263,21,23.77024,38.109733
263,22,23.770351,38.109344
263,23,23.770342,38.109404
263,24,23.770191,38.109313
263,25,23.770181,38.109301
263,26,23.769982,38.109302
263,27,23.769732,38.10934
263,28,23.769562,38.10937
263,29,23.769611,38.109309
263,30,23.769812,38.109298
263,31,23.769812,38.109298
263,32,23.769982,38.109287
263,33,23.770151,38.109226
263,34,23.770102,38.109263
263,35,23.769571,38.109362
263,36,23.76909,38.109534
263,37,23.768952,38.109942
263,38,23.768933,38.109931
263,39,23.768882,38.10992
263,40,23.768883,38.109778
263,41,23.768873,38.109778
263,42,23.768913,38.109359
263,43,23.768683,38.10889
263,44,23.768572,38.108909
263,45,23.768482,38.108947
263,46,23.768643,38.108916
263,47,23.768833,38.109256
263,48,23.768904,38.109626
263,49,23.769003,38.110144
263,50,23.768852,38.110404
263,51,23.768923,38.110404
263,52,23.769003,38.110103
263,53,23.769003,38.110103
263,54,23.768993,38.109633
263,55,23.768883,38.109042
263,56,23.768633,38.108642
263,57,23.768602,38.108791
263,58,23.768273,38.108672
263,59,23.767862,38.108341
263,60,23.767862,38.107799
263,61,23.768463,38.107658
263,62,23.769144,38.107646
263,63,23.769813,38.107635
263,64,23.770303,38.107906
263,65,23.770273,38.108455
263,66,23.770384,38.108955
263,67,23.770834,38.109206
263,68,23.770905,38.109218
263,69,23.771115,38.109248
263,70,23.770664,38.109267
263,71,23.770334,38.109027
263,72,23.769914,38.109279
263,73,23.769144,38.109397
263,74,23.768895,38.108917
263,75,23.768675,38.108776
263,76,23.768644,38.108856
263,77,23.768844,38.108954
263,78,23.769245,38.109306
263,79,23.769975,38.109214
263,80,23.770435,38.109225
263,81,23.770786,38.109107
263,82,23.771027,38.109188
263,83,23.770357,38.109157
263,84,23.769777,38.109298
263,85,23.768988,38.109329
263,86,23.768757,38.108787
263,87,23.768596,38.108786
263,88,23.768507,38.108775
263,89,23.768587,38.108764
263,90,23.768547,38.108794
263,91,23.768548,38.108676
263,92,23.768858,38.108325
263,93,23.769508,38.108195
263,94,23.769938,38.108386
263,95,23.770128,38.108825
263,96,23.769928,38.108733
263,97,23.769987,38.108745
263,98,23.770126,38.109195
263,99,23.769738,38.109306
263,100,23.769437,38.109324
263,101,23.769167,38.109362
263,102,23.769087,38.109393
263,103,23.769146,38.109432
263,104,23.769275,38.109431
263,105,23.769326,38.109382
263,106,23.769375,38.109321
263,107,23.769375,38.10931
263,108,23.768866,38.108977
263,109,23.768477,38.108657
263,110,23.768676,38.108695
263,111,23.768606,38.108806
263,112,23.768606,38.108867
263,113,23.768507,38.108806
263,114,23.768037,38.108745
263,115,23.767868,38.108306
263,116,23.767886,38.107787
263,117,23.768568,38.107718
263,118,23.768688,38.10744
263,119,23.768827,38.107138
263,120,23.769028,38.106788
263,121,23.768836,38.10675
263,122,23.768747,38.10688
263,123,23.768729,38.107681
263,124,23.767907,38.108001
263,125,23.768198,38.108722
263,126,23.768479,38.108772
263,127,23.768479,38.108791
263,128,23.768617,38.108649
263,129,23.768667,38.108821
263,130,23.768827,38.108642
263,131,23.768778,38.108062
263,132,23.768778,38.107482
263,133,23.769238,38.107124
263,134,23.769878,38.106944
263,135,23.769759,38.106593
263,136,23.769828,38.106574
263,137,23.769678,38.107085
263,138,23.768737,38.107124
263,139,23.767938,38.107322
263,140,23.76722,38.107303
263,141,23.766439,38.107322
263,142,23.766051,38.106883
263,143,23.765609,38.106475
263,144,23.76556,38.106357
263,145,23.765699,38.106128
263,146,23.76577,38.105616
263,147,23.76572,38.104987
263,148,23.76621,38.104789
263,149,23.76683,38.10464
263,150,23.76754,38.104522
263,151,23.76763,38.104511
263,152,23.768079,38.104499
263,153,23.768,38.104499
263,154,23.767241,38.104568
263,155,23.76695,38.104106
263,156,23.766481,38.103835
263,157,23.766482,38.103637
263,158,23.766512,38.103488
263,159,23.766521,38.103579
263,160,23.766422,38.103721
263,161,23.765993,38.103782
263,162,23.765583,38.103794
263,163,23.765673,38.104034
263,164,23.766003,38.104045
263,165,23.766552,38.104056
263,166,23.766493,38.104057
263,167,23.766613,38.104377
263,168,23.766613,38.104495
263,169,23.766632,38.104533
263,170,23.766203,38.104804
263,171,23.765654,38.104983
263,172,23.765213,38.105433
263,173,23.765293,38.105895
263,174,23.765053,38.106044
263,175,23.765053,38.106044
263,176,23.765013,38.106075
263,177,23.764843,38.106135
263,178,23.765462,38.106056
263,179,23.765513,38.106365
263,180,23.766002,38.106666
263,181,23.766133,38.107577
263,182,23.767221,38.107776
263,183,23.767711,38.108294
263,184,23.768221,38.108703
263,185,23.76823,38.108722
263,186,23.768489,38.108654
263,187,23.768471,38.108852
263,188,23.768461,38.108883
