264,1,23.858454,38.011927
264,2,23.857514,38.010978
264,3,23.857864,38.009089
264,4,23.857514,38.008109
264,5,23.857443,38.008109
264,6,23.857983,38.007648
264,7,23.860024,38.007297
264,8,23.864243,38.006557
264,9,23.867333,38.005645
264,10,23.867431,38.003314
264,11,23.866392,38.000614
264,12,23.865322,37.998714
264,13,23.865542,37.998454
264,14,23.868271,37.996994
264,15,23.87133,37.995642
264,16,23.873791,37.993163
264,17,23.876711,37.991092
264,18,23.880202,37.988982
264,19,23.881182,37.989883
264,20,23.881311,37.990023
264,21,23.88136,37.990013
264,22,23.881841,37.990443
264,23,23.881841,37.990455
264,24,23.882002,37.990566
264,25,23.881903,37.990554
264,26,23.881283,37.990104
264,27,23.881273,37.990093
264,28,23.881344,37.990211
264,29,23.881973,37.990631
264,30,23.881585,37.99158
264,31,23.881353,37.991649
264,32,23.881353,37.991649
264,33,23.881362,37.991649
264,34,23.881353,37.99124
264,35,23.882063,37.990722
264,36,23.881993,37.991301
264,37,23.881502,37.993084
264,38,23.880783,37.995685
264,39,23.880123,37.998645
264,40,23.880623,38.001544
264,41,23.881462,38.002425
264,42,23.883491,38.002277
264,43,23.88491,38.001796
264,44,23.88459,38.002967
264,45,23.88438,38.003528
264,46,23.882761,38.003669
264,47,23.880121,38.003761
264,48,23.877592,38.003761
264,49,23.874912,38.00426
264,50,23.872143,38.005141
264,51,23.872153,38.006682
264,52,23.870812,38.008834
264,53,23.870831,38.010795
264,54,23.86986,38.010886
264,55,23.86855,38.011085
264,56,23.868161,38.012714
264,57,23.867559,38.014464
264,58,23.866849,38.015884
264,59,23.86636,38.016532
264,60,23.865059,38.017772
264,61,23.86348,38.019012
264,62,23.86112,38.02016
264,63,23.86035,38.020309
264,64,23.85894,38.02034
264,65,23.855721,38.020999
264,66,23.85301,38.0213
264,67,23.851989,38.021602
264,68,23.8507,38.021812
264,69,23.85046,38.02185
264,70,23.84993,38.021862
264,71,23.848909,38.022003
264,72,23.8482,38.022022
264,73,23.847481,38.022151
264,74,23.846062,38.022361
264,75,23.844492,38.022602
264,76,23.843022,38.022682
264,77,23.84279,38.022693
264,78,23.842881,38.022552
264,79,23.843651,38.022391
264,80,23.84424,38.022311
264,81,23.844731,38.022232
264,82,23.8452,38.022193
264,83,23.845329,38.022182
264,84,23.8452,38.022201
264,85,23.8452,38.022201
264,86,23.84473,38.022292
264,87,23.84372,38.022422
264,88,23.84325,38.022491
264,89,23.842751,38.022601
264,90,23.84283,38.022681
264,91,23.84326,38.022662
264,92,23.844151,38.022625
264,93,23.84555,38.022403
264,94,23.84729,38.022124
264,95,23.84858,38.021964
264,96,23.849418,38.021884
264,97,23.850479,38.021766
264,98,23.851789,38.021567
264,99,23.852859,38.021289
264,100,23.855019,38.020968
264,101,23.857729,38.020561
264,102,23.860389,38.01992
264,103,23.862299,38.019111
264,104,23.864578,38.017482
264,105,23.865679,38.016292
264,106,23.866588,38.016162
264,107,23.868239,38.018093
264,108,23.87172,38.017733
264,109,23.871759,38.015544
264,110,23.871059,38.011115
264,111,23.871889,38.007587
264,112,23.871738,38.005386
264,113,23.871738,38.005374
264,114,23.872028,38.005043
264,115,23.872528,38.004943
264,116,23.873129,38.004813
264,117,23.87357,38.004684
264,118,23.873899,38.004592
264,119,23.874929,38.004253
264,120,23.87566,38.004073
264,121,23.87689,38.003795
264,122,23.87723,38.003757
264,123,23.877739,38.003756
264,124,23.878559,38.003776
264,125,23.879379,38.003764
264,126,23.880169,38.003753
264,127,23.880758,38.003272
264,128,23.880749,38.002552
264,129,23.880518,38.00053
264,130,23.880709,37.996379
264,131,23.881838,37.99221
264,132,23.881757,37.990428
264,133,23.881437,37.989978
264,134,23.881258,37.990039
264,135,23.881239,37.989978
264,136,23.880428,37.989177
264,137,23.879497,37.989406
264,138,23.877598,37.990585
264,139,23.875167,37.992205
264,140,23.874148,37.991656
264,141,23.872497,37.989775
264,142,23.870058,37.990496
264,143,23.870878,37.991668
264,144,23.872158,37.993858
264,145,23.870308,37.995746
264,146,23.870308,37.995777
264,147,23.870308,37.995967
264,148,23.868158,37.997096
264,149,23.865028,37.998775
264,150,23.861429,38.000243
264,151,23.858139,38.002334
264,152,23.855639,38.003585
264,153,23.854328,38.005096
264,154,23.853397,38.007556
264,155,23.853487,38.008746
264,156,23.853496,38.008746
264,157,23.853656,38.008857
264,158,23.853676,38.008876
264,159,23.853265,38.009075
264,160,23.850525,38.009513
264,161,23.847083,38.010082
264,162,23.843944,38.010543
264,163,23.840364,38.010993
264,164,23.836593,38.012591
264,165,23.833574,38.01332
264,166,23.833543,38.013321
264,167,23.831003,38.013851
264,168,23.825933,38.013931
264,169,23.822964,38.013758
264,170,23.821484,38.01366
264,171,23.820484,38.013591
264,172,23.820385,38.013553
264,173,23.818295,38.013053
264,174,23.814254,38.011993
264,175,23.811884,38.011463
264,176,23.811693,38.011432
264,177,23.809523,38.010952
264,178,23.805902,38.009261
264,179,23.802513,38.00788
264,180,23.802224,38.007763
264,181,23.799972,38.007122
264,182,23.796383,38.006
264,183,23.795643,38.005691
264,184,23.793903,38.004421
264,185,23.791224,38.002421
264,186,23.790933,38.002342
264,187,23.790524,38.002272
264,188,23.788824,38.001712
264,189,23.788504,38.001602
264,190,23.786913,38.000961
264,191,23.785954,38.000399
264,192,23.785303,37.999999
264,193,23.783074,37.998218
264,194,23.782513,37.997779
264,195,23.781303,37.996897
264,196,23.778174,37.994979
264,197,23.774134,37.992378
264,198,23.771704,37.991256
264,199,23.769474,37.989604
264,200,23.767194,37.988254
264,201,23.767194,37.988223
264,202,23.766384,37.987655
264,203,23.763834,37.986217
264,204,23.761024,37.985206
264,205,23.760266,37.985137
264,206,23.759365,37.984286
264,207,23.756595,37.982436
264,208,23.756235,37.982135
264,209,23.755366,37.981334
264,210,23.754065,37.980106
264,211,23.753895,37.979964
264,212,23.753885,37.979964
264,213,23.754135,37.980235
264,214,23.754085,37.980236
264,215,23.754245,37.980273
264,216,23.754205,37.980414
264,217,23.754286,37.980476
264,218,23.753235,37.979445
264,219,23.752534,37.978797
264,220,23.751134,37.977588
264,221,23.749635,37.976509
264,222,23.749635,37.976497
264,223,23.749444,37.976378
264,224,23.749874,37.975558
264,225,23.750605,37.975318
264,226,23.751225,37.975459
264,227,23.751254,37.97544
264,228,23.751644,37.97618
264,229,23.751465,37.977191
264,230,23.751785,37.977931
264,231,23.752745,37.978763
264,232,23.754925,37.980793
264,233,23.757875,37.983142
264,234,23.759056,37.983951
264,235,23.760475,37.984912
264,236,23.762794,37.985793
264,237,23.762974,37.985862
264,238,23.764843,37.985843
264,239,23.765173,37.986331
264,240,23.766382,37.987571
264,241,23.768001,37.989032
264,242,23.771551,37.991264
264,243,23.776491,37.993663
264,244,23.779191,37.995463
264,245,23.782211,37.997394
264,246,23.784841,37.999496
264,247,23.788401,38.001376
264,248,23.791191,38.002338
264,249,23.791371,38.002406
264,250,23.792561,38.003287
264,251,23.794531,38.004749
264,252,23.797932,38.006408
264,253,23.802113,38.007556
264,254,23.806121,38.009185
264,255,23.810022,38.010906
264,256,23.814252,38.011867
264,257,23.818172,38.012885
264,258,23.818962,38.013095
264,259,23.819193,38.013175
264,260,23.821423,38.013564
264,261,23.822952,38.013694
264,262,23.827121,38.013854
264,263,23.829042,38.013843
264,264,23.830143,38.013824
264,265,23.830463,38.013793
264,266,23.831703,38.013553
264,267,23.832912,38.013312
264,268,23.834072,38.013061
264,269,23.834803,38.012912
264,270,23.836872,38.012313
264,271,23.838151,38.011691
264,272,23.839021,38.011283
264,273,23.839311,38.011184
264,274,23.840202,38.010932
264,275,23.841352,38.010791
264,276,23.843033,38.010612
264,277,23.846862,38.010093
264,278,23.852533,38.009101
264,279,23.854793,38.007583
264,280,23.855654,38.006145
264,281,23.856363,38.005263
264,282,23.856104,38.003402
264,283,23.858405,38.002162
264,284,23.862145,37.999904
264,285,23.865915,37.998264
264,286,23.870005,37.996032
264,287,23.870085,37.996002
264,288,23.871784,37.995483
264,289,23.874313,37.992721
264,290,23.877993,37.990272
264,291,23.880172,37.988971
264,292,23.880633,37.989322
264,293,23.881413,37.990172
264,294,23.881422,37.990112
264,295,23.881363,37.99002
264,296,23.881403,37.99002
264,297,23.881283,37.990088
264,298,23.881532,37.990261
264,299,23.882081,37.990691
264,300,23.882012,37.991561
264,301,23.881462,37.993591
264,302,23.880682,37.996421
264,303,23.880191,37.999542
264,304,23.880741,38.002422
264,305,23.882212,38.002433
264,306,23.884392,38.001922
264,307,23.884792,38.002211
264,308,23.884512,38.003494
264,309,23.884133,38.003512
264,310,23.883482,38.003593
264,311,23.882822,38.003772
264,312,23.882412,38.003821
264,313,23.881663,38.003859
264,314,23.880703,38.003871
264,315,23.878972,38.003841
264,316,23.876743,38.003901
264,317,23.875204,38.004253
264,318,23.873564,38.004814
264,319,23.872033,38.005775
264,320,23.872064,38.007686
264,321,23.871014,38.009864
264,322,23.871393,38.012362
264,323,23.871843,38.015193
264,324,23.872043,38.016555
264,325,23.872194,38.017696
264,326,23.870594,38.017856
264,327,23.868183,38.018096
264,328,23.867902,38.017688
264,329,23.867703,38.017077
264,330,23.866203,38.016799
264,331,23.864612,38.01821
264,332,23.862623,38.019451
264,333,23.860523,38.020339
264,334,23.859073,38.02061
264,335,23.856544,38.021042
264,336,23.854315,38.021331
264,337,23.852585,38.02156
264,338,23.852375,38.021449
264,339,23.851814,38.02154
264,340,23.851275,38.021609
264,341,23.851055,38.021621
264,342,23.851055,38.021621
264,343,23.851456,38.021583
264,344,23.851726,38.021492
264,345,23.851746,38.021492
264,346,23.852335,38.021423
264,347,23.852215,38.021582
264,348,23.850994,38.021774
264,349,23.850804,38.021903
264,350,23.850844,38.021884
264,351,23.850844,38.021884
264,352,23.850624,38.021915
264,353,23.850593,38.021915
264,354,23.850994,38.021796
264,355,23.851614,38.021705
264,356,23.852234,38.021587
264,357,23.852734,38.021415
264,358,23.852694,38.021395
264,359,23.853884,38.021205
264,360,23.857803,38.020595
264,361,23.860483,38.019824
264,362,23.861963,38.019233
264,363,23.864073,38.017821
264,364,23.865553,38.016353
264,365,23.867053,38.016353
264,366,23.869052,38.017944
264,367,23.872133,38.017482
264,368,23.871522,38.01398
264,369,23.870863,38.00983
264,370,23.872053,38.006931
264,371,23.871723,38.005389
264,372,23.871723,38.005389
264,373,23.872673,38.004939
264,374,23.872783,38.00492
264,375,23.873403,38.00476
264,376,23.874103,38.00455
264,377,23.875164,38.004199
264,378,23.876474,38.003897
264,379,23.876746,38.003836
264,380,23.878106,38.003806
264,381,23.879135,38.003806
264,382,23.879835,38.003806
264,383,23.880674,38.003196
264,384,23.880354,38.000255
264,385,23.880843,37.995624
264,386,23.882164,37.990882
264,387,23.881985,37.990592
264,388,23.881343,37.990112
264,389,23.881424,37.989982
264,390,23.881405,37.989982
264,391,23.881244,37.989921
264,392,23.880054,37.989151
264,393,23.877394,37.990802
264,394,23.873693,37.993613
264,395,23.869314,37.996475
264,396,23.864384,37.999195
264,397,23.860234,38.001113
264,398,23.857852,38.003772
264,399,23.858544,38.007461
264,400,23.860473,38.007361
264,401,23.860634,38.007602
264,402,23.860994,38.00957
264,403,23.860594,38.011611
264,404,23.859163,38.011943
264,405,23.859144,38.011954
