265,1,23.858873,38.011878
265,2,23.857644,38.011679
265,3,23.857233,38.009792
265,4,23.858213,38.008743
265,5,23.857543,38.008121
265,6,23.857834,38.007659
265,7,23.859764,38.007277
265,8,23.862724,38.006809
265,9,23.865715,38.006187
265,10,23.867685,38.004836
265,11,23.867155,38.002547
265,12,23.866464,38.000857
265,13,23.865413,37.998809
265,14,23.866795,37.99776
265,15,23.869894,37.996028
265,16,23.870085,37.995967
265,17,23.871845,37.995418
265,18,23.873825,37.993106
265,19,23.877476,37.990585
265,20,23.880366,37.989036
265,21,23.881275,37.989997
265,22,23.881235,37.990035
265,23,23.881204,37.990035
265,24,23.881315,37.990066
265,25,23.881374,37.990146
265,26,23.881414,37.990146
265,27,23.881303,37.990035
265,28,23.880523,37.989276
265,29,23.880015,37.989135
265,30,23.878695,37.989864
265,31,23.876584,37.991225
265,32,23.874935,37.992324
265,33,23.874016,37.991443
265,34,23.872576,37.989734
265,35,23.870885,37.990104
265,36,23.869825,37.990745
265,37,23.870396,37.991184
265,38,23.871747,37.992603
265,39,23.871015,37.994601
265,40,23.870275,37.995749
265,41,23.869825,37.996109
265,42,23.867525,37.997379
265,43,23.864675,37.998908
265,44,23.861425,38.000209
265,45,23.859415,38.001571
265,46,23.857916,38.0027
265,47,23.857897,38.004741
265,48,23.858057,38.005722
265,49,23.858066,38.005782
265,50,23.858147,38.006023
265,51,23.858186,38.006183
265,52,23.858316,38.006591
265,53,23.858316,38.006611
265,54,23.858356,38.006751
265,55,23.858427,38.007052
265,56,23.858387,38.007083
265,57,23.858497,38.007423
265,58,23.858516,38.007453
265,59,23.858246,38.007633
265,60,23.857496,38.007812
265,61,23.855297,38.008571
265,62,23.853067,38.009112
265,63,23.849817,38.009654
265,64,23.849157,38.009764
265,65,23.847727,38.009993
265,66,23.847246,38.010062
265,67,23.845556,38.010341
265,68,23.843336,38.010612
265,69,23.840265,38.010993
265,70,23.836845,38.012473
265,71,23.833925,38.013213
265,72,23.831826,38.013652
265,73,23.830096,38.013954
265,74,23.829956,38.013954
265,75,23.829686,38.013965
265,76,23.829655,38.013965
265,77,23.829424,38.013954
265,78,23.829013,38.013953
265,79,23.828394,38.013953
265,80,23.827743,38.014003
265,81,23.827343,38.014022
265,82,23.827233,38.014022
265,83,23.826763,38.01401
265,84,23.826263,38.014
265,85,23.825893,38.01398
265,86,23.825483,38.01395
265,87,23.825054,38.01393
265,88,23.824714,38.013919
265,89,23.824385,38.013908
265,90,23.823605,38.013858
265,91,23.823065,38.013839
265,92,23.822904,38.013828
265,93,23.821425,38.013736
265,94,23.820043,38.013595
265,95,23.819143,38.013343
265,96,23.816973,38.012763
265,97,23.815863,38.012461
265,98,23.813954,38.012031
265,99,23.812733,38.01176
265,100,23.812452,38.011699
265,101,23.810442,38.011237
265,102,23.807822,38.010226
265,103,23.80747,38.010035
265,104,23.80703,38.009815
265,105,23.80694,38.009765
265,106,23.806931,38.009753
265,107,23.806489,38.009524
265,108,23.80616,38.009364
265,109,23.805889,38.009254
265,110,23.805858,38.009242
265,111,23.805279,38.008972
265,112,23.804058,38.00846
265,113,23.803259,38.00819
265,114,23.803039,38.008098
265,115,23.80263,38.007918
265,116,23.802278,38.00777
265,117,23.802219,38.007739
265,118,23.80177,38.007579
265,119,23.801029,38.00732
265,120,23.800989,38.007308
265,121,23.80074,38.007247
265,122,23.800641,38.007235
265,123,23.8006,38.007206
265,124,23.8003,38.007106
265,125,23.800251,38.006996
265,126,23.800001,38.006984
265,127,23.799581,38.006934
265,128,23.799311,38.006885
265,129,23.798781,38.006713
265,130,23.798691,38.006702
265,131,23.798601,38.006663
265,132,23.798081,38.006504
265,133,23.79797,38.006503
265,134,23.797399,38.006312
265,135,23.79718,38.006263
265,136,23.79715,38.006263
265,137,23.796169,38.005893
265,138,23.795649,38.005672
265,139,23.795537,38.005611
265,140,23.795537,38.005599
265,141,23.794949,38.005137
265,142,23.79436,38.004768
265,143,23.794048,38.004589
265,144,23.793969,38.004527
265,145,23.793488,38.004218
265,146,23.793297,38.004077
265,147,23.792986,38.003837
265,148,23.792706,38.003638
265,149,23.792105,38.003368
265,150,23.791174,38.004268
265,151,23.790684,38.004737
265,152,23.790483,38.004836
265,153,23.790202,38.005046
265,154,23.789602,38.005587
265,155,23.789433,38.005718
265,156,23.789013,38.006076
265,157,23.788412,38.006606
265,158,23.787873,38.007148
265,159,23.787722,38.007278
265,160,23.787611,38.007358
265,161,23.787541,38.007396
265,162,23.78648,38.008307
265,163,23.786039,38.008639
265,164,23.785281,38.008971
265,165,23.78494,38.009212
265,166,23.78487,38.009402
265,167,23.785089,38.009471
265,168,23.785099,38.00941
265,169,23.784939,38.009291
265,170,23.784899,38.009353
265,171,23.78443,38.009272
265,172,23.783279,38.009704
265,173,23.783038,38.009853
265,174,23.784709,38.011054
265,175,23.787599,38.013114
265,176,23.789949,38.014815
265,177,23.791759,38.015636
265,178,23.79455,38.016864
265,179,23.79546,38.017643
265,180,23.79603,38.017742
265,181,23.799089,38.01731
265,182,23.802539,38.017871
265,183,23.80498,38.018333
265,184,23.80706,38.018782
265,185,23.8113,38.019694
265,186,23.81564,38.020664
265,187,23.82049,38.021792
265,188,23.82548,38.022521
265,189,23.829939,38.023433
265,190,23.832098,38.024123
265,191,23.833578,38.025203
265,192,23.834438,38.026313
265,193,23.836268,38.028305
265,194,23.836527,38.028464
265,195,23.838627,38.027564
265,196,23.841257,38.026394
265,197,23.842767,38.026542
265,198,23.845147,38.0255
265,199,23.848058,38.025092
265,200,23.847708,38.024223
265,201,23.848507,38.023761
265,202,23.848476,38.02354
265,203,23.847176,38.021449
265,204,23.847326,38.020961
265,205,23.849257,38.020603
265,206,23.851146,38.019351
265,207,23.853127,38.01498
265,208,23.854646,38.011669
265,209,23.857037,38.009788
265,210,23.857666,38.009147
265,211,23.857936,38.008686
265,212,23.857496,38.008197
265,213,23.857497,38.008178
265,214,23.857867,38.007667
265,215,23.860765,38.007197
265,216,23.865816,38.006187
265,217,23.867077,38.005957
265,218,23.867777,38.004306
265,219,23.867096,38.002517
265,220,23.866235,38.000346
265,221,23.865366,37.998797
265,222,23.866307,37.998027
265,223,23.869906,37.996036
265,224,23.870096,37.995975
265,225,23.872767,37.994754
265,226,23.877306,37.990684
265,227,23.880566,37.989295
265,228,23.881325,37.990047
265,229,23.881365,37.990085
265,230,23.881334,37.990115
265,231,23.881264,37.990054
265,232,23.881244,37.990066
265,233,23.881204,37.990035
265,234,23.881224,37.989905
265,235,23.881134,37.989837
265,236,23.880375,37.989135
265,237,23.880375,37.989135
265,238,23.880245,37.988994
265,239,23.879366,37.989425
265,240,23.877315,37.990726
265,241,23.874875,37.992347
265,242,23.873466,37.990756
265,243,23.871937,37.989844
265,244,23.869976,37.990806
265,245,23.871466,37.992305
265,246,23.871185,37.994526
265,247,23.870285,37.995776
265,248,23.869755,37.996158
265,249,23.867004,37.997668
265,250,23.863763,37.999308
265,251,23.860164,38.00101
265,252,23.857895,38.003032
265,253,23.858034,38.005703
265,254,23.858293,38.006683
265,255,23.858302,38.006694
265,256,23.858413,38.007064
265,257,23.858413,38.007182
265,258,23.858373,38.007171
265,259,23.858043,38.007591
265,260,23.857085,38.007892
265,261,23.854694,38.00867
265,262,23.850513,38.00949
265,263,23.846573,38.01015
265,264,23.844343,38.01049
265,265,23.841694,38.010791
265,266,23.838385,38.011741
265,267,23.837185,38.01234
265,268,23.836445,38.012679
265,269,23.836185,38.012771
265,270,23.834836,38.013092
265,271,23.834616,38.013129
265,272,23.834556,38.013141
265,273,23.833797,38.013301
265,274,23.832947,38.013492
265,275,23.832386,38.013572
265,276,23.831645,38.013743
265,277,23.830286,38.013984
265,278,23.830067,38.013995
265,279,23.829347,38.014026
265,280,23.827877,38.014087
265,281,23.827697,38.014087
265,282,23.827128,38.014087
265,283,23.826017,38.014006
265,284,23.825718,38.014007
265,285,23.825169,38.013969
265,286,23.824669,38.013949
265,287,23.823488,38.013888
265,288,23.823359,38.0139
265,289,23.823038,38.013888
265,290,23.821099,38.013797
265,291,23.820457,38.013766
265,292,23.820457,38.013766
265,293,23.820096,38.013717
265,294,23.819477,38.013545
265,295,23.819277,38.013484
265,296,23.819227,38.013465
265,297,23.819076,38.013415
265,298,23.818617,38.013267
265,299,23.818506,38.013236
265,300,23.816575,38.012706
265,301,23.814846,38.012244
265,302,23.814596,38.012206
265,303,23.813196,38.011898
265,304,23.812216,38.011668
265,305,23.812206,38.011657
265,306,23.810615,38.011325
265,307,23.810285,38.011233
265,308,23.809715,38.011055
265,309,23.809206,38.010874
265,310,23.809125,38.010837
265,311,23.808947,38.010738
265,312,23.808296,38.010436
265,313,23.807856,38.010215
265,314,23.807836,38.010204
265,315,23.807137,38.009872
265,316,23.805836,38.00933
265,317,23.804185,38.008579
265,318,23.803017,38.00814
265,319,23.802986,38.008109
265,320,23.802635,38.007968
265,321,23.802216,38.007808
265,322,23.802206,38.007797
265,323,23.802126,38.007766
265,324,23.801775,38.007625
265,325,23.799554,38.007076
265,326,23.798334,38.006725
265,327,23.796703,38.006156
265,328,23.796314,38.006015
265,329,23.795604,38.005725
265,330,23.794383,38.004836
265,331,23.793674,38.004295
265,332,23.793175,38.003944
265,333,23.792755,38.003643
265,334,23.792595,38.003524
265,335,23.792585,38.003513
265,336,23.792116,38.003131
265,337,23.791687,38.002693
265,338,23.791607,38.002655
265,339,23.791557,38.002624
265,340,23.791286,38.002483
265,341,23.790296,38.002181
265,342,23.788717,38.001632
265,343,23.788646,38.001601
265,344,23.788326,38.001491
265,345,23.787266,38.001041
265,346,23.786847,38.0008
265,347,23.785786,38.000202
265,348,23.785085,37.999771
265,349,23.784435,37.999271
265,350,23.783125,37.99818
265,351,23.782234,37.997478
265,352,23.782234,37.997478
265,353,23.780553,37.996318
265,354,23.776443,37.993587
265,355,23.771392,37.991065
265,356,23.770153,37.990135
265,357,23.769283,37.989486
265,358,23.767183,37.988246
265,359,23.766144,37.987758
265,360,23.765494,37.9869
265,361,23.765143,37.986621
265,362,23.763591,37.986023
265,363,23.760952,37.985111
265,364,23.759952,37.984881
265,365,23.758981,37.984023
265,366,23.756502,37.982494
265,367,23.756302,37.982345
265,368,23.755402,37.981456
265,369,23.753592,37.979625
265,370,23.752611,37.978755
265,371,23.751671,37.977954
265,372,23.749552,37.976505
265,373,23.747732,37.975265
265,374,23.747702,37.975245
265,375,23.746132,37.974178
265,376,23.74409,37.972789
265,377,23.741521,37.970989
265,378,23.737682,37.969207
265,379,23.733683,37.970576
265,380,23.733182,37.970817
265,381,23.733153,37.970828
265,382,23.732493,37.970679
265,383,23.731613,37.96992
265,384,23.731033,37.968009
265,385,23.730454,37.96754
265,386,23.728054,37.965629
265,387,23.725814,37.963909
265,388,23.724825,37.963057
265,389,23.724156,37.962409
265,390,23.721306,37.960288
265,391,23.718885,37.958507
265,392,23.718176,37.958106
265,393,23.717726,37.957736
265,394,23.716955,37.957126
265,395,23.716495,37.956775
265,396,23.716375,37.956996
265,397,23.716296,37.957187
265,398,23.716355,37.957279
265,399,23.716315,37.95729
265,400,23.716144,37.957179
265,401,23.716024,37.957088
265,402,23.716315,37.95697
265,403,23.716275,37.956759
265,404,23.715824,37.956378
265,405,23.715294,37.955959
265,406,23.714575,37.955638
265,407,23.713945,37.956077
265,408,23.713215,37.955478
265,409,23.712684,37.955046
265,410,23.712555,37.954806
265,411,23.712376,37.954708
265,412,23.712357,37.954708
265,413,23.712976,37.953986
265,414,23.713787,37.953257
265,415,23.713716,37.953109
265,416,23.712865,37.952708
265,417,23.712536,37.95341
265,418,23.715046,37.955378
265,419,23.718207,37.95782
265,420,23.721318,37.96028
265,421,23.724137,37.961669
265,422,23.724916,37.962157
265,423,23.724987,37.962188
265,424,23.725006,37.962188
265,425,23.726717,37.963588
265,426,23.729307,37.965228
265,427,23.732397,37.966907
265,428,23.732446,37.966918
265,429,23.734127,37.967189
265,430,23.736647,37.967959
265,431,23.737016,37.96807
265,432,23.738256,37.968971
265,433,23.741176,37.970649
265,434,23.744707,37.973029
265,435,23.747417,37.974868
265,436,23.750748,37.977126
265,437,23.751997,37.978087
265,438,23.754216,37.980056
265,439,23.756267,37.982135
265,440,23.758808,37.983706
265,441,23.761179,37.985137
265,442,23.762918,37.985808
265,443,23.763379,37.985988
265,444,23.764159,37.985977
265,445,23.764627,37.985885
265,446,23.765118,37.986175
265,447,23.765448,37.986583
265,448,23.765617,37.986712
265,449,23.766036,37.987083
265,450,23.766527,37.987544
265,451,23.768247,37.989013
265,452,23.770868,37.990752
265,453,23.771889,37.99132
265,454,23.775509,37.992919
265,455,23.779478,37.99549
265,456,23.781717,37.996921
265,457,23.781717,37.996921
265,458,23.783147,37.997982
265,459,23.784887,37.99942
265,460,23.787576,38.00103
265,461,23.790886,38.00215
265,462,23.793177,38.003669
265,463,23.795296,38.00526
265,464,23.798435,38.006568
265,465,23.801016,38.007137
265,466,23.801845,38.007427
265,467,23.805315,38.008788
265,468,23.809555,38.010757
265,469,23.813585,38.011695
265,470,23.816995,38.012534
265,471,23.820625,38.013503
265,472,23.825125,38.013725
265,473,23.830635,38.013736
265,474,23.832685,38.013327
265,475,23.832694,38.013327
265,476,23.833855,38.013088
265,477,23.837595,38.011966
265,478,23.841235,38.010795
265,479,23.845234,38.010356
265,480,23.850344,38.009444
265,481,23.854194,38.008773
265,482,23.855255,38.007373
265,483,23.855865,38.005905
265,484,23.856415,38.004886
265,485,23.856144,38.003375
265,486,23.857034,38.002765
265,487,23.857186,38.002753
265,488,23.857204,38.002735
265,489,23.857774,38.002456
265,490,23.860355,38.000865
265,491,23.863966,37.999213
265,492,23.867525,37.997382
265,493,23.872024,37.995334
265,494,23.874495,37.992572
265,495,23.876193,37.99145
265,496,23.879724,37.9892
265,497,23.881165,37.98989
265,498,23.881396,37.989982
265,499,23.881414,37.989982
265,500,23.881255,37.990032
265,501,23.881264,37.990043
265,502,23.881224,37.989924
265,503,23.881174,37.989864
265,504,23.880394,37.989143
265,505,23.879414,37.989493
265,506,23.877134,37.990943
265,507,23.875025,37.992355
265,508,23.874124,37.991565
265,509,23.872255,37.989845
265,510,23.869875,37.990783
265,511,23.871485,37.992362
265,512,23.870844,37.994754
265,513,23.870175,37.996062
265,514,23.867474,37.997481
265,515,23.863822,37.999351
265,516,23.859863,38.001331
265,517,23.857994,38.002612
265,518,23.857935,38.004623
265,519,23.858484,38.007052
265,520,23.858484,38.007064
265,521,23.858564,38.007285
265,522,23.858545,38.007285
265,523,23.858305,38.007636
265,524,23.857586,38.007816
265,525,23.856236,38.008586
265,526,23.857167,38.009776
265,527,23.855316,38.010997
265,528,23.853685,38.014007
265,529,23.852026,38.017607
265,530,23.850425,38.020957
265,531,23.850126,38.021339
265,532,23.850126,38.02135
265,533,23.850357,38.021099
265,534,23.850397,38.021029
265,535,23.850447,38.02135
265,536,23.850747,38.021469
265,537,23.851146,38.021598
265,538,23.851748,38.021537
265,539,23.851847,38.021537
265,540,23.852396,38.021468
265,541,23.851696,38.021659
265,542,23.850697,38.021838
265,543,23.849766,38.021938
265,544,23.849336,38.022048
265,545,23.849056,38.02206
265,546,23.848486,38.022171
265,547,23.847745,38.022132
265,548,23.846556,38.02233
265,549,23.845806,38.022429
265,550,23.844677,38.022601
265,551,23.844017,38.022693
265,552,23.843998,38.022705
265,553,23.843158,38.022766
265,554,23.842739,38.022765
265,555,23.842819,38.022746
265,556,23.843309,38.022715
265,557,23.843959,38.022754
265,558,23.84421,38.022784
265,559,23.84413,38.022864
265,560,23.843959,38.022785
265,561,23.844579,38.022693
265,562,23.845459,38.022521
265,563,23.845379,38.022521
265,564,23.846098,38.022442
265,565,23.847238,38.022243
265,566,23.848249,38.022102
265,567,23.84944,38.02201
265,568,23.850411,38.02193
265,569,23.85102,38.021812
265,570,23.85194,38.021663
265,571,23.8529,38.021392
265,572,23.85531,38.021034
265,573,23.858,38.020664
265,574,23.860609,38.019886
265,575,23.862169,38.019214
265,576,23.863729,38.018165
265,577,23.8647,38.017333
265,578,23.864451,38.017562
265,579,23.86401,38.017951
265,580,23.86351,38.018322
265,581,23.863,38.018691
265,582,23.862741,38.018913
265,583,23.862001,38.01932
265,584,23.860542,38.01992
265,585,23.860971,38.02016
265,586,23.863012,38.019179
265,587,23.865103,38.0177
265,588,23.866192,38.01665
265,589,23.867622,38.016983
265,590,23.869333,38.017962
265,591,23.872174,38.017573
265,592,23.871532,38.014125
265,593,23.870952,38.010486
265,594,23.872063,38.007155
265,595,23.871751,38.005557
265,596,23.871751,38.005526
265,597,23.872631,38.004966
265,598,23.873131,38.004847
265,599,23.873451,38.004768
265,600,23.873991,38.004638
265,601,23.875382,38.004207
265,602,23.87725,38.003837
265,603,23.87848,38.003848
265,604,23.878811,38.003859
265,605,23.88042,38.003848
265,606,23.880741,38.003459
265,607,23.88043,38.00059
265,608,23.88063,37.996353
265,609,23.88196,37.991591
265,610,23.881531,37.99034
265,611,23.88145,37.99007
265,612,23.881441,37.99007
265,613,23.881272,37.99005
265,614,23.881281,37.990039
265,615,23.88136,37.990028
265,616,23.8815,37.990126
265,617,23.8815,37.990126
265,618,23.88176,37.990386
265,619,23.882189,37.990917
265,620,23.88172,37.992625
265,621,23.88097,37.995334
265,622,23.88019,37.998435
265,623,23.88067,38.001433
265,624,23.881531,38.002433
265,625,23.88381,38.002242
265,626,23.884889,38.002013
265,627,23.884578,38.003295
265,628,23.884659,38.003616
265,629,23.886999,38.003967
265,630,23.890619,38.004527
265,631,23.896439,38.003727
265,632,23.900518,38.003086
265,633,23.905588,38.002646
265,634,23.911277,38.002376
265,635,23.915558,37.999378
265,636,23.922107,37.997837
265,637,23.928796,37.997935
265,638,23.935156,37.999687
265,639,23.940626,38.001907
265,640,23.941095,38.002048
265,641,23.943547,38.0028
265,642,23.948517,38.004318
265,643,23.954367,38.005828
265,644,23.959827,38.007739
265,645,23.965748,38.008658
265,646,23.971659,38.010898
265,647,23.976509,38.014106
265,648,23.977999,38.016338
265,649,23.979729,38.017929
265,650,23.979778,38.017958
265,651,23.980278,38.01826
265,652,23.981528,38.020122
265,653,23.981997,38.02143
265,654,23.981386,38.021949
265,655,23.980496,38.02278
265,656,23.980295,38.022929
265,657,23.980156,38.023048
265,658,23.980125,38.023078
265,659,23.980205,38.023028
265,660,23.979746,38.023158
265,661,23.980085,38.023127
265,662,23.980304,38.022968
265,663,23.980444,38.022907
265,664,23.980783,38.022597
265,665,23.980725,38.022666
265,666,23.981075,38.022285
265,667,23.981904,38.021034
265,668,23.980046,38.018382
265,669,23.977606,38.015743
265,670,23.975247,38.013293
265,671,23.972117,38.011184
265,672,23.967966,38.010013
265,673,23.963557,38.007922
265,674,23.959106,38.007514
265,675,23.954727,38.006126
265,676,23.950448,38.005027
265,677,23.945748,38.003589
265,678,23.941606,38.002307
265,679,23.937576,38.000987
265,680,23.933006,37.999046
265,681,23.927906,37.997924
265,682,23.921966,37.997874
265,683,23.915676,37.999354
265,684,23.911747,38.002166
265,685,23.906326,38.002616
265,686,23.900776,38.003066
265,687,23.899885,38.003177
265,688,23.897495,38.003547
265,689,23.892345,38.004478
265,690,23.886606,38.003909
265,691,23.883916,38.003508
265,692,23.882917,38.003669
265,693,23.882097,38.003749
265,694,23.881407,38.00376
265,695,23.880845,38.003531
265,696,23.880695,38.001411
265,697,23.880486,37.9971
265,698,23.881735,37.99253
265,699,23.881965,37.990588
265,700,23.881496,37.990108
265,701,23.881537,37.990089
265,702,23.881518,37.990089
265,703,23.881478,37.990157
265,704,23.881977,37.990607
265,705,23.881888,37.990638
265,706,23.881617,37.990509
265,707,23.881277,37.990317
265,708,23.881277,37.990317
265,709,23.881157,37.990047
265,710,23.880377,37.989246
265,711,23.879527,37.989536
265,712,23.877525,37.990764
265,713,23.875036,37.992415
265,714,23.873695,37.991157
265,715,23.872076,37.989955
265,716,23.869525,37.990825
265,717,23.870985,37.992195
265,718,23.871105,37.994605
265,719,23.870204,37.995887
265,720,23.870224,37.995887
265,721,23.869594,37.996307
265,722,23.866735,37.997905
265,723,23.863546,37.999484
265,724,23.860157,38.001136
265,725,23.857897,38.003177
265,726,23.858067,38.005927
265,727,23.858526,38.007507
265,728,23.860167,38.007358
265,729,23.860397,38.007347
265,730,23.860767,38.008628
265,731,23.861147,38.010768
265,732,23.860337,38.012767
265,733,23.860376,38.014766
265,734,23.860376,38.017845
265,735,23.860358,38.020366
265,736,23.859857,38.022777
265,737,23.858476,38.024238
265,738,23.854825,38.02486
265,739,23.851236,38.026031
265,740,23.850616,38.026252
265,741,23.849596,38.026584
265,742,23.846685,38.027793
265,743,23.844166,38.028884
265,744,23.842966,38.027312
265,745,23.840477,38.028381
265,746,23.838627,38.029189
265,747,23.837886,38.029521
265,748,23.837847,38.029541
265,749,23.837406,38.029738
265,750,23.836546,38.02888
265,751,23.836116,38.028258
265,752,23.834357,38.026427
265,753,23.832876,38.025027
265,754,23.832345,38.025508
265,755,23.831326,38.025928
265,756,23.830455,38.026397
265,757,23.823175,38.032749
265,758,23.822755,38.033038
265,759,23.822626,38.03321
265,760,23.822777,38.032271
265,761,23.822737,38.032832
265,762,23.822466,38.032962
265,763,23.822505,38.032764
265,764,23.822596,38.032645
265,765,23.822655,38.032554
265,766,23.822753,38.032454
265,767,23.822753,38.032444
265,768,23.822624,38.032554
265,769,23.822565,38.032634
265,770,23.822556,38.032695
265,771,23.822846,38.032454
265,772,23.822864,38.032424
265,773,23.822994,38.032325
265,774,23.823025,38.032294
265,775,23.831095,38.025966
265,776,23.832106,38.025245
265,777,23.831066,38.025756
265,778,23.830166,38.026465
265,779,23.830076,38.026584
265,780,23.830077,38.026664
265,781,23.829987,38.026683
265,782,23.828957,38.027515
265,783,23.827686,38.028804
265,784,23.826836,38.029674
265,785,23.825124,38.031184
265,786,23.824905,38.031314
265,787,23.824905,38.031303
265,788,23.824945,38.031264
265,789,23.824985,38.031276
265,790,23.825876,38.030387
265,791,23.827177,38.029376
265,792,23.828137,38.028426
265,793,23.829367,38.027198
265,794,23.830476,38.026218
265,795,23.832188,38.025298
265,796,23.832958,38.024879
265,797,23.833689,38.02531
265,798,23.834528,38.026419
265,799,23.836067,38.027999
265,800,23.837926,38.027919
265,801,23.840008,38.02708
265,802,23.842568,38.026149
265,803,23.844517,38.02579
265,804,23.848217,38.025161
265,805,23.849057,38.024982
265,806,23.849106,38.02465
265,807,23.847595,38.021941
265,808,23.847746,38.020923
265,809,23.850487,38.020831
265,810,23.851967,38.017833
265,811,23.854017,38.015003
265,812,23.856447,38.014713
265,813,23.857807,38.0138
265,814,23.859096,38.012733
265,815,23.859007,38.011954
265,816,23.859266,38.011886
265,817,23.859296,38.011775
