266,1,23.858749,38.011856
266,2,23.85763,38.011535
266,3,23.857269,38.009864
266,4,23.858249,38.008865
266,5,23.857479,38.007846
266,6,23.858919,38.007495
266,7,23.861719,38.007064
266,8,23.864839,38.006424
266,9,23.86739,38.005695
266,10,23.86755,38.003516
266,11,23.8666,38.001155
266,12,23.86594,37.999595
266,13,23.865329,37.998645
266,14,23.865329,37.998645
266,15,23.86561,37.998405
266,16,23.86825,37.997004
266,17,23.87015,37.995963
266,18,23.872339,37.995113
266,19,23.874818,37.992351
266,20,23.878859,37.98968
266,21,23.880678,37.989299
266,22,23.881338,37.989978
266,23,23.881248,37.989909
266,24,23.881218,37.98994
266,25,23.881248,37.989859
266,26,23.881408,37.990058
266,27,23.881819,37.99044
266,28,23.881828,37.990451
266,29,23.881939,37.990512
266,30,23.881939,37.990523
266,31,23.881898,37.990554
266,32,23.881609,37.990355
266,33,23.881319,37.990146
266,34,23.8813,37.990115
266,35,23.881219,37.989974
266,36,23.880391,37.989116
266,37,23.879709,37.989306
266,38,23.877939,37.990375
266,39,23.875529,37.991984
266,40,23.874159,37.991626
266,41,23.872509,37.989775
266,42,23.870219,37.990406
266,43,23.870647,37.991447
266,44,23.872247,37.993407
266,45,23.870317,37.995208
266,46,23.869189,37.996429
266,47,23.865969,37.99826
266,48,23.862389,37.999831
266,49,23.858448,38.002162
266,50,23.857858,38.004382
266,51,23.858478,38.007194
266,52,23.858509,38.007255
266,53,23.85821,38.007605
266,54,23.856869,38.008014
266,55,23.856187,38.008434
266,56,23.857138,38.009395
266,57,23.855957,38.010455
266,58,23.854187,38.012855
266,59,23.852528,38.016536
266,60,23.850828,38.020305
266,61,23.849157,38.020595
266,62,23.847168,38.021057
266,63,23.847557,38.021796
266,64,23.848578,38.023555
266,65,23.848747,38.023887
266,66,23.848978,38.024349
266,67,23.849259,38.024799
266,68,23.849688,38.025439
266,69,23.850157,38.026088
266,70,23.850175,38.0261
266,71,23.851186,38.027061
266,72,23.851946,38.028343
266,73,23.850866,38.028842
266,74,23.850807,38.029273
266,75,23.851007,38.030124
266,76,23.851427,38.029934
266,77,23.851458,38.029934
266,78,23.851497,38.030013
266,79,23.851578,38.030173
266,80,23.851559,38.030074
266,81,23.851589,38.030204
266,82,23.851688,38.030345
266,83,23.852058,38.031047
266,84,23.853098,38.030639
266,85,23.854359,38.029758
266,86,23.851719,38.027927
266,87,23.850319,38.026328
266,88,23.84973,38.025619
266,89,23.848819,38.024108
266,90,23.847889,38.022327
266,91,23.847509,38.021815
266,92,23.84751,38.020885
266,93,23.8499,38.020614
266,94,23.850349,38.020984
266,95,23.850319,38.021022
266,96,23.850519,38.020793
266,97,23.851598,38.018394
266,98,23.853178,38.014884
266,99,23.855479,38.010776
266,100,23.857137,38.009555
266,101,23.858047,38.008666
266,102,23.857618,38.008197
266,103,23.857588,38.008166
266,104,23.857568,38.008155
266,105,23.857868,38.007613
266,106,23.857878,38.007602
266,107,23.858007,38.007602
266,108,23.860418,38.007193
266,109,23.863579,38.006645
266,110,23.866739,38.005996
266,111,23.86779,38.004276
266,112,23.86681,38.001716
266,113,23.866079,37.999935
266,114,23.86529,37.998626
266,115,23.86779,37.997226
266,116,23.870041,37.995998
266,117,23.870192,37.995948
266,118,23.872631,37.99488
266,119,23.875921,37.991592
266,120,23.88046,37.988791
266,121,23.884781,37.9868
266,122,23.889632,37.984061
266,123,23.894121,37.98099
266,124,23.898621,37.978099
266,125,23.903021,37.975078
266,126,23.905381,37.971427
266,127,23.905189,37.970756
266,128,23.905208,37.970768
266,129,23.905307,37.970698
266,130,23.905327,37.970508
266,131,23.904867,37.969947
266,132,23.904377,37.969386
266,133,23.904337,37.969348
266,134,23.904537,37.968898
266,135,23.905557,37.968707
266,136,23.905607,37.968696
266,137,23.905607,37.970004
266,138,23.904948,37.972423
266,139,23.903186,37.974994
266,140,23.900377,37.977016
266,141,23.898166,37.978446
266,142,23.896406,37.979586
266,143,23.894356,37.980907
266,144,23.893135,37.981708
266,145,23.891325,37.982936
266,146,23.887785,37.985167
266,147,23.883594,37.987506
266,148,23.880304,37.988906
266,149,23.880813,37.989516
266,150,23.881334,37.990177
266,151,23.881374,37.990085
266,152,23.881195,37.989974
266,153,23.881176,37.990066
266,154,23.881176,37.990066
266,155,23.881216,37.989997
266,156,23.881166,37.989936
266,157,23.881148,37.989886
266,158,23.880627,37.989386
266,159,23.880216,37.988998
266,160,23.879406,37.989387
266,161,23.877616,37.990535
266,162,23.875308,37.992084
266,163,23.874906,37.992355
266,164,23.874567,37.992214
266,165,23.873167,37.990405
266,166,23.871847,37.989936
266,167,23.869947,37.990806
266,168,23.871208,37.992034
266,169,23.871797,37.994235
266,170,23.870298,37.995746
266,171,23.869829,37.996177
266,172,23.867329,37.997558
266,173,23.864218,37.999198
266,174,23.860708,38.000728
266,175,23.858127,38.00238
266,176,23.857908,38.003421
266,177,23.858019,38.0055
266,178,23.858519,38.007251
266,179,23.8585,38.00722
266,180,23.85791,38.007659
266,181,23.856001,38.008319
266,182,23.856642,38.00901
266,183,23.856521,38.010021
266,184,23.854712,38.011539
266,185,23.853431,38.01435
266,186,23.852022,38.017452
266,187,23.850613,38.020572
266,188,23.849003,38.020534
266,189,23.847652,38.020855
266,190,23.847011,38.021125
266,191,23.847163,38.021296
266,192,23.847763,38.022075
266,193,23.848053,38.022506
266,194,23.848382,38.023155
266,195,23.848494,38.023345
266,196,23.848833,38.024047
266,197,23.849163,38.024616
266,198,23.849613,38.025325
266,199,23.850144,38.026076
266,200,23.850153,38.026088
266,201,23.851113,38.026958
266,202,23.851973,38.02824
266,203,23.851053,38.028728
266,204,23.850994,38.030166
266,205,23.851244,38.031497
266,206,23.852024,38.031047
266,207,23.851694,38.030406
266,208,23.851634,38.030326
266,209,23.851514,38.030047
266,210,23.851524,38.030086
266,211,23.851675,38.030375
266,212,23.851675,38.030387
266,213,23.852085,38.031116
266,214,23.853515,38.030494
266,215,23.853555,38.029372
266,216,23.850795,38.026713
266,217,23.850016,38.026103
266,218,23.848316,38.023185
266,219,23.846947,38.021125
266,220,23.848017,38.020774
266,221,23.849897,38.020736
266,222,23.851417,38.018817
266,223,23.853027,38.015239
266,224,23.854817,38.011447
266,225,23.857136,38.009757
266,226,23.857906,38.009067
266,227,23.857407,38.008155
266,228,23.857348,38.008056
266,229,23.857348,38.008037
266,230,23.858238,38.007636
266,231,23.860178,38.007316
266,232,23.862608,38.006915
266,233,23.866228,38.006164
266,234,23.867339,38.005515
266,235,23.867199,38.002845
266,236,23.866228,38.000404
266,237,23.865297,37.998751
266,238,23.865578,37.998462
266,239,23.869028,37.996482
266,240,23.873697,37.993282
266,241,23.877768,37.990401
266,242,23.880456,37.989211
266,243,23.881357,37.99002
266,244,23.881267,37.989989
266,245,23.880678,37.98933
266,246,23.880549,37.989238
266,247,23.880538,37.989238
266,248,23.880049,37.989066
266,249,23.878667,37.989868
266,250,23.876777,37.991118
266,251,23.874948,37.99234
266,252,23.873958,37.991389
266,253,23.872398,37.989792
266,254,23.870188,37.990413
266,255,23.870468,37.991214
266,256,23.871939,37.992744
266,257,23.870658,37.994853
266,258,23.870329,37.995784
266,259,23.869419,37.996325
266,260,23.86689,37.997775
266,261,23.86349,37.999446
266,262,23.860019,38.001166
266,263,23.8579,38.003078
266,264,23.858021,38.005657
266,265,23.858252,38.006526
266,266,23.858282,38.006606
266,267,23.858393,38.006958
266,268,23.858402,38.006968
266,269,23.858442,38.007148
266,270,23.858482,38.007259
266,271,23.858492,38.007259
266,272,23.859041,38.007457
266,273,23.860151,38.007309
266,274,23.860541,38.007339
266,275,23.860861,38.00893
266,276,23.861121,38.01086
266,277,23.86051,38.01258
266,278,23.86039,38.014098
266,279,23.860251,38.016647
266,280,23.860401,38.019508
266,281,23.860371,38.020027
266,282,23.86017,38.021327
266,283,23.859841,38.022678
266,284,23.8596,38.023719
266,285,23.85837,38.02415
266,286,23.85482,38.024761
266,287,23.853161,38.025371
266,288,23.853161,38.02539
266,289,23.852772,38.02552
266,290,23.850582,38.026222
266,291,23.850492,38.026252
266,292,23.850443,38.026271
266,293,23.849182,38.026672
266,294,23.846822,38.027683
266,295,23.844333,38.029045
266,296,23.843174,38.027236
266,297,23.842454,38.027496
266,298,23.840335,38.028408
266,299,23.837965,38.029456
266,300,23.837444,38.029697
266,301,23.837404,38.029708
266,302,23.837404,38.029708
266,303,23.836615,38.028957
266,304,23.834864,38.026885
266,305,23.833994,38.026046
266,306,23.833343,38.025027
266,307,23.832643,38.025298
266,308,23.831903,38.02555
266,309,23.830723,38.02618
266,310,23.830452,38.02637
266,311,23.822552,38.03276
266,312,23.822342,38.032989
266,313,23.822441,38.032889
266,314,23.82282,38.03255
266,315,23.823091,38.032699
266,316,23.82294,38.032958
266,317,23.82286,38.03302
266,318,23.82296,38.03295
266,319,23.82325,38.032698
266,320,23.823049,38.032619
266,321,23.82304,38.032657
266,322,23.822741,38.032966
266,323,23.822661,38.033016
266,324,23.82241,38.033015
266,325,23.822411,38.033145
266,326,23.822642,38.032924
266,327,23.822302,38.033015
266,328,23.822203,38.033126
266,329,23.822393,38.033034
266,330,23.823035,38.032554
266,331,23.823034,38.032302
266,332,23.831375,38.025722
266,333,23.832396,38.025321
266,334,23.832676,38.025112
266,335,23.832957,38.024791
266,336,23.833727,38.025402
266,337,23.834266,38.026179
266,338,23.835237,38.027091
266,339,23.836058,38.028003
266,340,23.836888,38.028312
266,341,23.838717,38.027561
266,342,23.840947,38.026561
266,343,23.842275,38.025969
266,344,23.843087,38.026469
266,345,23.845506,38.025477
266,346,23.848606,38.025047
266,347,23.849216,38.024837
266,348,23.848485,38.023475
266,349,23.846997,38.021163
266,350,23.847256,38.020991
266,351,23.849275,38.020603
266,352,23.851027,38.019744
266,353,23.852457,38.016593
266,354,23.854217,38.012695
266,355,23.856206,38.010333
266,356,23.856818,38.009982
266,357,23.857789,38.009143
266,358,23.858198,38.008823
266,359,23.857829,38.008464
266,360,23.857828,38.008433
266,361,23.857638,38.008205
266,362,23.857548,38.008075
266,363,23.857538,38.008044
266,364,23.857649,38.007713
266,365,23.858728,38.007461
266,366,23.861159,38.007079
266,367,23.864708,38.0064
266,368,23.867338,38.005672
266,369,23.867538,38.003543
266,370,23.866579,38.001132
266,371,23.865879,37.999511
266,372,23.865318,37.998672
266,373,23.865947,37.998271
266,374,23.869037,37.996502
266,375,23.870098,37.996032
266,376,23.872338,37.995181
266,377,23.874807,37.992401
266,378,23.878298,37.990111
266,379,23.879938,37.989131
266,380,23.881067,37.989772
266,381,23.881227,37.989932
266,382,23.881348,37.990062
266,383,23.881357,37.990142
266,384,23.881348,37.990001
266,385,23.881579,37.990272
266,386,23.882008,37.990592
266,387,23.881878,37.990561
266,388,23.881779,37.99039
266,389,23.881279,37.98997
266,390,23.881189,37.98981
266,391,23.88118,37.98983
266,392,23.881081,37.989791
266,393,23.880261,37.98902
266,394,23.879321,37.989483
266,395,23.87723,37.990813
266,396,23.874929,37.992355
266,397,23.874439,37.992023
266,398,23.872718,37.989864
266,399,23.870159,37.990455
266,400,23.87076,37.991706
266,401,23.872009,37.994037
266,402,23.870258,37.995838
266,403,23.869169,37.996478
266,404,23.866279,37.998119
266,405,23.86261,37.99977
266,406,23.859551,38.00151
266,407,23.857861,38.003501
266,408,23.858221,38.006419
266,409,23.858421,38.00706
266,410,23.858461,38.007281
266,411,23.858471,38.007343
266,412,23.858471,38.007354
266,413,23.858611,38.007594
266,414,23.86015,38.007403
266,415,23.860208,38.007384
266,416,23.860718,38.008323
266,417,23.861048,38.010211
266,418,23.861127,38.012153
266,419,23.860267,38.013274
266,420,23.860338,38.015082
266,421,23.860358,38.017944
266,422,23.860438,38.019523
266,423,23.860277,38.020862
266,424,23.859808,38.022853
266,425,23.859657,38.023513
266,426,23.859546,38.024024
266,427,23.856626,38.024555
266,428,23.852988,38.025466
266,429,23.850748,38.026176
266,430,23.849848,38.026477
266,431,23.847137,38.027488
266,432,23.844208,38.029029
266,433,23.843067,38.027229
266,434,23.841328,38.02798
266,435,23.838558,38.029201
266,436,23.838298,38.0293
266,437,23.83813,38.02938
266,438,23.837768,38.029529
266,439,23.837768,38.029529
266,440,23.837248,38.029739
266,441,23.836508,38.0288
266,442,23.835789,38.027861
266,443,23.834148,38.026271
266,444,23.833019,38.024909
266,445,23.832948,38.024879
266,446,23.832419,38.025397
266,447,23.831579,38.025668
266,448,23.83045,38.02629
266,449,23.82296,38.03287
266,450,23.822541,38.033229
266,451,23.823271,38.032768
266,452,23.82365,38.032397
266,453,23.82892,38.027557
266,454,23.830241,38.026698
266,455,23.830851,38.026317
266,456,23.831729,38.025855
266,457,23.832479,38.025367
266,458,23.832859,38.024837
266,459,23.833648,38.025367
266,460,23.833827,38.025687
266,461,23.835219,38.027118
266,462,23.836917,38.028308
266,463,23.839758,38.02716
266,464,23.842548,38.026221
266,465,23.844518,38.02571
266,466,23.848508,38.025062
266,467,23.849038,38.024932
266,468,23.848969,38.024443
266,469,23.847289,38.021553
266,470,23.848318,38.020671
266,471,23.850618,38.020671
266,472,23.852209,38.0171
266,473,23.854669,38.011699
266,474,23.85717,38.009559
266,475,23.8581,38.008708
266,476,23.858021,38.008598
266,477,23.857762,38.008319
266,478,23.857742,38.008308
266,479,23.857532,38.008037
266,480,23.857514,38.008037
266,481,23.857383,38.007808
266,482,23.857124,38.007007
266,483,23.855225,38.007068
266,484,23.855785,38.00563
266,485,23.856236,38.004031
266,486,23.857866,38.00241
266,487,23.862035,37.999942
266,488,23.865607,37.998424
266,489,23.869186,37.996383
266,490,23.872716,37.994842
266,491,23.874617,37.992511
266,492,23.878526,37.98994
266,493,23.880627,37.989318
266,494,23.881367,37.990119
266,495,23.881385,37.990027
266,496,23.881396,37.990047
266,497,23.881324,37.989929
266,498,23.881244,37.990078
266,499,23.881134,37.989898
266,500,23.880344,37.989097
266,501,23.880304,37.989066
266,502,23.879395,37.989517
266,503,23.877325,37.990825
266,504,23.874945,37.992423
266,505,23.873755,37.991122
266,506,23.873544,37.990943
266,507,23.873915,37.991275
266,508,23.874734,37.992293
266,509,23.875564,37.991935
266,510,23.878735,37.989863
266,511,23.880563,37.989333
266,512,23.881294,37.989982
266,513,23.881294,37.989982
266,514,23.881303,37.990062
266,515,23.881362,37.990283
266,516,23.882173,37.990794
266,517,23.881823,37.992225
266,518,23.881112,37.994815
266,519,23.880253,37.997936
266,520,23.880592,38.001056
266,521,23.881123,38.002536
266,522,23.883052,38.002425
266,523,23.884943,38.001777
266,524,23.884684,38.002807
266,525,23.884163,38.003428
266,526,23.883302,38.003528
266,527,23.882464,38.003749
266,528,23.882294,38.00376
266,529,23.881124,38.00378
266,530,23.880504,38.003811
266,531,23.878004,38.003859
266,532,23.874615,38.00447
266,533,23.872125,38.005271
266,534,23.872145,38.006572
266,535,23.870904,38.008483
266,536,23.871015,38.010822
266,537,23.870056,38.010921
266,538,23.868865,38.011031
266,539,23.868376,38.011993
266,540,23.867956,38.013633
266,541,23.867166,38.015334
266,542,23.866666,38.016284
266,543,23.865637,38.017303
266,544,23.864477,38.018283
266,545,23.862697,38.019344
266,546,23.862568,38.019325
266,547,23.862217,38.019504
266,548,23.861776,38.019714
266,549,23.861717,38.019794
266,550,23.862597,38.019435
266,551,23.865007,38.017864
266,552,23.866467,38.016494
266,553,23.867496,38.016875
266,554,23.868807,38.018096
266,555,23.872177,38.017707
266,556,23.871507,38.014087
266,557,23.870857,38.010005
266,558,23.871918,38.006534
266,559,23.871717,38.005492
266,560,23.871927,38.005172
266,561,23.873308,38.004851
266,562,23.873829,38.00468
266,563,23.87521,38.004211
266,564,23.878,38.00383
266,565,23.878901,38.00383
266,566,23.879511,38.003818
266,567,23.880402,38.003806
266,568,23.880682,38.003055
266,569,23.880663,38.002574
266,570,23.880653,38.002086
266,571,23.880064,37.998877
266,572,23.881254,37.993949
266,573,23.881923,37.990699
266,574,23.881384,37.990249
266,575,23.881384,37.990287
266,576,23.881624,37.990447
266,577,23.881695,37.990497
266,578,23.881694,37.990508
266,579,23.881975,37.990749
266,580,23.881895,37.99073
266,581,23.881895,37.990638
266,582,23.881445,37.990097
266,583,23.881214,37.989886
266,584,23.881196,37.989886
266,585,23.880794,37.989448
266,586,23.880326,37.989017
266,587,23.880146,37.989055
266,588,23.878817,37.989833
266,589,23.876708,37.991195
266,590,23.874706,37.992324
266,591,23.873316,37.990493
266,592,23.871117,37.990032
266,593,23.869966,37.99081
266,594,23.871077,37.991932
266,595,23.871967,37.994083
266,596,23.870308,37.995773
266,597,23.870308,37.995773
266,598,23.869127,37.996482
266,599,23.866287,37.998092
266,600,23.862887,37.999663
266,601,23.859395,38.001624
266,602,23.857876,38.003825
266,603,23.858397,38.006774
266,604,23.858517,38.007213
266,605,23.858556,38.007384
266,606,23.857487,38.007804
266,607,23.855276,38.008545
266,608,23.852026,38.009235
266,609,23.848017,38.009925
266,610,23.845177,38.010387
266,611,23.842346,38.010696
266,612,23.838736,38.011585
266,613,23.837236,38.012313
266,614,23.836956,38.012454
266,615,23.835227,38.012965
266,616,23.834757,38.013065
266,617,23.834636,38.013095
266,618,23.832817,38.013476
266,619,23.832246,38.013595
266,620,23.831056,38.013835
266,621,23.829607,38.013953
266,622,23.828947,38.013973
266,623,23.828558,38.013984
266,624,23.828158,38.013984
266,625,23.827707,38.014003
266,626,23.826927,38.014003
266,627,23.826467,38.013984
266,628,23.825616,38.013945
266,629,23.825117,38.013927
266,630,23.824877,38.013915
266,631,23.824236,38.013885
266,632,23.823045,38.013835
266,633,23.823015,38.013835
266,634,23.821575,38.013755
266,635,23.819425,38.013423
266,636,23.818905,38.013263
266,637,23.817985,38.013023
266,638,23.817736,38.012962
266,639,23.816816,38.012722
266,640,23.815357,38.012321
266,641,23.815138,38.012259
266,642,23.814697,38.01216
266,643,23.813677,38.011932
266,644,23.813076,38.011802
266,645,23.812956,38.011783
266,646,23.812457,38.011641
266,647,23.812446,38.01163
266,648,23.812206,38.011581
266,649,23.811895,38.011512
266,650,23.811895,38.011512
266,651,23.811725,38.011123
266,652,23.812576,38.010611
266,653,23.813336,38.009983
266,654,23.814045,38.009982
266,655,23.814695,38.01018
266,656,23.814935,38.010379
266,657,23.814917,38.010459
266,658,23.815148,38.010569
266,659,23.815947,38.01084
266,660,23.816517,38.01102
266,661,23.816707,38.0111
266,662,23.816707,38.011008
266,663,23.816877,38.010978
266,664,23.816347,38.012149
266,665,23.817947,38.012969
266,666,23.820318,38.013591
266,667,23.823258,38.013763
266,668,23.827438,38.013911
266,669,23.832028,38.013522
266,670,23.836567,38.012462
266,671,23.840597,38.010821
266,672,23.843678,38.01052
266,673,23.843548,38.012561
266,674,23.843868,38.01464
266,675,23.8448,38.01707
266,676,23.84623,38.020091
266,677,23.847929,38.020801
266,678,23.850088,38.020721
266,679,23.850107,38.021251
266,680,23.850177,38.021289
266,681,23.850159,38.021358
266,682,23.850627,38.020686
266,683,23.851957,38.017795
266,684,23.853456,38.014506
266,685,23.855386,38.011867
266,686,23.857857,38.012107
266,687,23.859377,38.011897
266,688,23.859358,38.011897
266,689,23.859367,38.011748
