267,1,23.857908,38.01202
267,2,23.857428,38.01065
267,3,23.857237,38.009501
267,4,23.858076,38.008982
267,5,23.857996,38.008632
267,6,23.857996,38.008601
267,7,23.857656,38.008262
267,8,23.857656,38.008231
267,9,23.857607,38.00806
267,10,23.857276,38.007109
267,11,23.855726,38.007251
267,12,23.855177,38.006183
267,13,23.856117,38.005263
267,14,23.856257,38.003753
267,15,23.856966,38.002814
267,16,23.857206,38.002716
267,17,23.857215,38.002745
267,18,23.858836,38.001956
267,19,23.861755,38.000087
267,20,23.864796,37.998885
267,21,23.867895,37.997214
267,22,23.871185,37.995704
267,23,23.873766,37.993243
267,24,23.877196,37.990813
267,25,23.880106,37.989032
267,26,23.881006,37.989722
267,27,23.881306,37.990123
267,28,23.881315,37.990172
267,29,23.881426,37.990123
267,30,23.881247,37.989963
267,31,23.881306,37.989993
267,32,23.881247,37.989844
267,33,23.881197,37.989845
267,34,23.880467,37.989215
267,35,23.879877,37.989177
267,36,23.878217,37.990157
267,37,23.875788,37.991755
267,38,23.874668,37.992397
267,39,23.873578,37.990947
267,40,23.87196,37.989887
267,41,23.869669,37.990775
267,42,23.870829,37.991836
267,43,23.872068,37.993675
267,44,23.87016,37.995525
267,45,23.869719,37.996135
267,46,23.867399,37.997436
267,47,23.864429,37.999034
267,48,23.861,38.000423
267,49,23.85798,38.002414
267,50,23.857821,38.004184
267,51,23.857821,38.004195
267,52,23.857851,38.004505
267,53,23.857851,38.004585
267,54,23.857851,38.004775
267,55,23.857891,38.005107
267,56,23.857891,38.005118
267,57,23.857971,38.005519
267,58,23.857971,38.00553
267,59,23.858021,38.005679
267,60,23.858101,38.00587
267,61,23.858101,38.005881
267,62,23.85823,38.006423
267,63,23.85823,38.006423
267,64,23.85828,38.006572
267,65,23.858339,38.006763
267,66,23.858349,38.006763
267,67,23.858469,38.007114
267,68,23.858419,38.007206
267,69,23.858909,38.007484
267,70,23.860159,38.007293
267,71,23.860579,38.007614
267,72,23.860878,38.009253
267,73,23.861199,38.011123
267,74,23.860258,38.012813
267,75,23.860369,38.014983
267,76,23.860378,38.017932
267,77,23.860418,38.019573
267,78,23.860347,38.020312
267,79,23.859996,38.022224
267,80,23.859657,38.024665
267,81,23.859268,38.027755
267,82,23.859108,38.030746
267,83,23.858297,38.031288
267,84,23.857798,38.031459
267,85,23.857188,38.031699
267,86,23.857168,38.031699
267,87,23.856588,38.032321
267,88,23.856999,38.03329
267,89,23.85694,38.033931
267,90,23.855228,38.035159
267,91,23.853209,38.036788
267,92,23.850869,38.039409
267,93,23.848278,38.041518
267,94,23.848058,38.041659
267,95,23.846239,38.04261
267,96,23.842668,38.044658
267,97,23.841278,38.045436
267,98,23.841118,38.045546
267,99,23.841047,38.045585
267,100,23.840196,38.046176
267,101,23.840057,38.046275
267,102,23.839878,38.046405
267,103,23.839779,38.047256
267,104,23.83993,38.047626
267,105,23.839911,38.048156
267,106,23.839871,38.048617
267,107,23.839851,38.048816
267,108,23.839832,38.049117
267,109,23.839773,38.049556
267,110,23.839733,38.049717
267,111,23.839643,38.050456
267,112,23.839643,38.050494
267,113,23.839564,38.050994
267,114,23.839564,38.051005
267,115,23.839003,38.051494
267,116,23.838913,38.051524
267,117,23.838882,38.051543
267,118,23.837652,38.051444
267,119,23.835241,38.051166
267,120,23.832972,38.051155
267,121,23.832272,38.051246
267,122,23.830132,38.051646
267,123,23.827731,38.052535
267,124,23.826252,38.052867
267,125,23.826242,38.052867
267,126,23.825332,38.052928
267,127,23.824682,38.053317
267,128,23.824763,38.053817
267,129,23.825283,38.054538
267,130,23.825393,38.055537
267,131,23.825794,38.056586
267,132,23.825974,38.057037
267,133,23.826084,38.057135
267,134,23.826084,38.057357
267,135,23.826134,38.057547
267,136,23.826174,38.057666
267,137,23.826173,38.057388
267,138,23.825894,38.057529
267,139,23.825804,38.057578
267,140,23.826104,38.057437
267,141,23.825844,38.056579
267,142,23.825313,38.05479
267,143,23.824463,38.053699
267,144,23.824593,38.05326
267,145,23.826992,38.052729
267,146,23.829462,38.051871
267,147,23.831553,38.051341
267,148,23.831722,38.051329
267,149,23.832712,38.05117
267,150,23.833262,38.051108
267,151,23.834282,38.051109
267,152,23.836202,38.05117
267,153,23.836782,38.051261
267,154,23.837582,38.05141
267,155,23.837862,38.051471
267,156,23.838862,38.051502
267,157,23.839531,38.049583
267,158,23.839651,38.048381
267,159,23.83921,38.046741
267,160,23.839211,38.046729
267,161,23.84069,38.045619
267,162,23.843642,38.044021
267,163,23.846951,38.04214
267,164,23.84778,38.041701
267,165,23.849741,38.04024
267,166,23.852692,38.03712
267,167,23.856682,38.033989
267,168,23.856361,38.031859
267,169,23.859062,38.030738
267,170,23.859142,38.028167
267,171,23.859562,38.025355
267,172,23.859503,38.024486
267,173,23.859722,38.022765
267,174,23.860092,38.020694
267,175,23.860111,38.016375
267,176,23.860111,38.013057
267,177,23.858652,38.011878
267,178,23.857292,38.010207
267,179,23.857872,38.008987
267,180,23.857681,38.008296
267,181,23.857542,38.008178
267,182,23.857523,38.008166
267,183,23.857674,38.007717
267,184,23.858654,38.007464
267,185,23.861535,38.007015
267,186,23.866045,38.006095
267,187,23.867275,38.005584
267,188,23.867426,38.003413
267,189,23.866495,38.001113
267,190,23.865895,37.999675
267,191,23.865275,37.998695
267,192,23.866894,37.997676
267,193,23.869864,37.996005
267,194,23.869963,37.995994
267,195,23.872492,37.994964
267,196,23.875563,37.991806
267,197,23.879463,37.989295
267,198,23.880543,37.989276
267,199,23.881283,37.990134
267,200,23.881353,37.990097
267,201,23.881214,37.990004
267,202,23.881244,37.990005
267,203,23.881225,37.989967
267,204,23.880226,37.989005
267,205,23.879156,37.989536
267,206,23.876507,37.991256
267,207,23.874626,37.992274
267,208,23.873026,37.990184
267,209,23.870716,37.990146
267,210,23.870667,37.991416
267,211,23.872186,37.993754
267,212,23.870297,37.995723
267,213,23.870297,37.995753
267,214,23.869436,37.996265
267,215,23.866346,37.998015
267,216,23.862525,37.999736
267,217,23.860796,38.000587
267,218,23.858326,38.002208
267,219,23.857857,38.003997
267,220,23.858227,38.006255
267,221,23.858286,38.006435
267,222,23.858425,38.006885
267,223,23.858425,38.006885
267,224,23.858495,38.007136
267,225,23.858495,38.007136
267,226,23.858566,38.007476
267,227,23.858057,38.007636
267,228,23.855916,38.008285
267,229,23.852056,38.009185
267,230,23.848186,38.009887
267,231,23.846805,38.010078
267,232,23.844586,38.010429
267,233,23.841835,38.01073
267,234,23.838054,38.011859
267,235,23.833905,38.013199
267,236,23.833384,38.013309
267,237,23.833364,38.013309
267,238,23.831246,38.013759
267,239,23.830165,38.013919
267,240,23.826366,38.013949
267,241,23.825426,38.013912
267,242,23.825217,38.0139
267,243,23.823517,38.01382
267,244,23.823206,38.013801
267,245,23.822786,38.01377
267,246,23.819537,38.013419
267,247,23.814485,38.012081
267,248,23.811316,38.011378
267,249,23.807214,38.009868
267,250,23.804005,38.008399
267,251,23.802854,38.007968
267,252,23.802814,38.007956
267,253,23.800735,38.007225
267,254,23.798595,38.006736
267,255,23.796066,38.005855
267,256,23.793956,38.004466
267,257,23.793506,38.004134
267,258,23.793106,38.003833
267,259,23.792055,38.002975
267,260,23.792015,38.002937
267,261,23.791534,38.002555
267,262,23.791235,38.002414
267,263,23.790795,38.002285
267,264,23.790054,38.002063
267,265,23.789004,38.001681
267,266,23.788164,38.001403
267,267,23.787384,38.001101
267,268,23.787143,38.00096
267,269,23.786563,38.00064
267,270,23.785084,37.999782
267,271,23.784674,37.999462
267,272,23.784655,37.999462
267,273,23.783215,37.998271
267,274,23.780843,37.996532
267,275,23.779733,37.995909
267,276,23.777434,37.994529
267,277,23.776604,37.992198
267,278,23.778774,37.988799
267,279,23.781704,37.985431
267,280,23.781473,37.983211
267,281,23.780912,37.982821
267,282,23.781242,37.9822
267,283,23.781832,37.981052
267,284,23.780281,37.98009
267,285,23.7793,37.979629
267,286,23.779041,37.978667
267,287,23.779871,37.977149
267,288,23.780102,37.97708
267,289,23.779852,37.976962
267,290,23.779812,37.976901
267,291,23.779812,37.97726
267,292,23.779531,37.97747
267,293,23.779531,37.977481
267,294,23.779292,37.977641
267,295,23.778691,37.97829
267,296,23.779511,37.979308
267,297,23.77848,37.979308
267,298,23.77651,37.979549
267,299,23.776609,37.978637
267,300,23.77758,37.977656
267,301,23.77783,37.976589
267,302,23.77808,37.976439
267,303,23.77808,37.976439
267,304,23.778271,37.976249
267,305,23.778671,37.975761
267,306,23.778801,37.975661
267,307,23.778301,37.976333
267,308,23.778012,37.976524
267,309,23.778012,37.976543
267,310,23.777851,37.976654
267,311,23.77757,37.977203
267,312,23.777571,37.977233
267,313,23.77749,37.977264
267,314,23.777501,37.977252
267,315,23.77753,37.977241
267,316,23.777571,37.977333
267,317,23.77726,37.978034
267,318,23.77742,37.977996
267,319,23.77651,37.978797
267,320,23.77772,37.979278
267,321,23.77974,37.979739
267,322,23.781549,37.98072
267,323,23.781649,37.982082
267,324,23.780838,37.982593
267,325,23.781029,37.982803
267,326,23.78122,37.982932
267,327,23.781559,37.983161
267,328,23.781759,37.983291
267,329,23.781889,37.983382
267,330,23.78217,37.983554
267,331,23.782259,37.983615
267,332,23.78253,37.983794
267,333,23.78268,37.983886
267,334,23.782831,37.983985
267,335,23.781012,37.986575
267,336,23.777871,37.990176
267,337,23.777561,37.990558
267,338,23.777031,37.991619
267,339,23.776642,37.992427
267,340,23.776451,37.992668
267,341,23.776341,37.993247
267,342,23.77862,37.995066
267,343,23.77865,37.995086
267,344,23.77996,37.995838
267,345,23.781361,37.996707
267,346,23.782251,37.997317
267,347,23.783751,37.998508
267,348,23.783911,37.998649
267,349,23.784181,37.99887
267,350,23.784582,37.999202
267,351,23.785992,38.000163
267,352,23.786691,38.000571
267,353,23.787031,38.00077
267,354,23.787721,38.001152
267,355,23.788131,38.001269
267,356,23.78819,38.001258
267,357,23.79026,38.00196
267,358,23.79034,38.001991
267,359,23.790652,38.002101
267,360,23.79169,38.002563
267,361,23.792252,38.003013
267,362,23.792812,38.003444
267,363,23.793361,38.003852
267,364,23.796843,38.006004
267,365,23.801893,38.007453
267,366,23.806163,38.009185
267,367,23.807993,38.010074
267,368,23.809673,38.010814
267,369,23.812563,38.011504
267,370,23.813732,38.011775
267,371,23.814022,38.011844
267,372,23.814463,38.011924
267,373,23.815212,38.012095
267,374,23.816331,38.012367
267,375,23.817522,38.012717
267,376,23.818601,38.013026
267,377,23.818632,38.013038
267,378,23.819592,38.013309
267,379,23.821541,38.013568
267,380,23.82205,38.01358
267,381,23.825609,38.013778
267,382,23.828859,38.013847
267,383,23.83008,38.013828
267,384,23.831461,38.013599
267,385,23.832541,38.013389
267,386,23.835701,38.012717
267,387,23.83937,38.011139
267,388,23.841841,38.010749
267,389,23.844891,38.010417
267,390,23.8491,38.009708
267,391,23.85397,38.008857
267,392,23.855009,38.007446
267,393,23.855689,38.006126
267,394,23.85647,38.005127
267,395,23.85622,38.003264
267,396,23.858301,38.002204
267,397,23.861412,38.000213
267,398,23.864992,37.998744
267,399,23.868762,37.996643
267,400,23.871902,37.995414
267,401,23.874413,37.992652
267,402,23.877502,37.990581
267,403,23.880383,37.98907
267,404,23.881402,37.990161
267,405,23.881402,37.990112
267,406,23.881433,37.9901
267,407,23.881822,37.990451
267,408,23.881832,37.990451
267,409,23.881773,37.990413
267,410,23.881793,37.990432
267,411,23.882033,37.990531
267,412,23.881922,37.990532
267,413,23.881903,37.990542
267,414,23.881523,37.990172
267,415,23.881473,37.990142
267,416,23.881202,37.989871
267,417,23.881283,37.989921
267,418,23.881363,37.99007
267,419,23.882162,37.990699
267,420,23.881872,37.992008
267,421,23.881212,37.994387
267,422,23.880432,37.997176
267,423,23.880352,38.000106
267,424,23.880633,38.001197
267,425,23.880903,38.002418
267,426,23.882763,38.002356
267,427,23.884774,38.001628
267,428,23.884703,38.002479
267,429,23.884502,38.003257
267,430,23.885332,38.003577
267,431,23.887972,38.003997
267,432,23.890902,38.004485
267,433,23.892292,38.004627
267,434,23.892072,38.004767
267,435,23.892242,38.004737
267,436,23.892183,38.004668
267,437,23.892164,38.00455
267,438,23.889543,38.004402
267,439,23.887804,38.00413
267,440,23.887114,38.004032
267,441,23.886762,38.00397
267,442,23.886352,38.003902
267,443,23.885933,38.003833
267,444,23.885193,38.003703
267,445,23.884854,38.003665
267,446,23.884653,38.003055
267,447,23.884613,38.001907
267,448,23.883912,38.001666
267,449,23.883034,38.001697
267,450,23.882235,38.001728
267,451,23.882345,38.000407
267,452,23.882854,37.997336
267,453,23.881445,37.996498
267,454,23.880726,37.995707
267,455,23.881696,37.992129
267,456,23.881397,37.990729
267,457,23.881126,37.99052
267,458,23.881117,37.990531
267,459,23.881166,37.99063
267,460,23.881627,37.991691
267,461,23.881145,37.992141
267,462,23.881155,37.992152
267,463,23.881645,37.991603
267,464,23.881864,37.991142
267,465,23.881754,37.99081
267,466,23.881273,37.990348
267,467,23.881393,37.99015
267,468,23.881263,37.99018
267,469,23.881263,37.99018
267,470,23.881334,37.99002
267,471,23.881294,37.99002
267,472,23.881214,37.989859
267,473,23.880955,37.989638
267,474,23.880174,37.989028
267,475,23.878904,37.989749
267,476,23.876684,37.991188
267,477,23.874624,37.992248
267,478,23.873033,37.990207
267,479,23.871004,37.990058
267,480,23.869175,37.99044
267,481,23.866884,37.98899
267,482,23.865774,37.987601
267,483,23.864734,37.9859
267,484,23.866775,37.985091
267,485,23.867746,37.982162
267,486,23.866636,37.978812
267,487,23.863877,37.976161
267,488,23.862686,37.97467
267,489,23.862085,37.97285
267,490,23.862535,37.970881
267,491,23.862397,37.969912
267,492,23.862896,37.967613
267,493,23.863837,37.965064
267,494,23.864096,37.962115
267,495,23.862926,37.958736
267,496,23.860926,37.957114
267,497,23.858866,37.955752
267,498,23.859646,37.954551
267,499,23.861166,37.952502
267,500,23.861577,37.951941
267,501,23.862776,37.95016
267,502,23.863966,37.948199
267,503,23.865156,37.94643
267,504,23.866945,37.94268
267,505,23.868206,37.938441
267,506,23.869706,37.934673
267,507,23.871046,37.933051
267,508,23.873886,37.932922
267,509,23.876446,37.932681
267,510,23.877796,37.932082
267,511,23.877697,37.931361
267,512,23.877877,37.931693
267,513,23.877975,37.931872
267,514,23.877836,37.931942
267,515,23.877837,37.931792
267,516,23.877866,37.931792
267,517,23.877586,37.931422
267,518,23.877316,37.931461
267,519,23.877865,37.931949
267,520,23.876795,37.93262
267,521,23.873754,37.932971
267,522,23.870464,37.933151
267,523,23.869375,37.935699
267,524,23.867734,37.93991
267,525,23.866705,37.943542
267,526,23.865644,37.945861
267,527,23.864695,37.947223
267,528,23.863705,37.948852
267,529,23.863064,37.949851
267,530,23.862614,37.95058
267,531,23.862373,37.950938
267,532,23.861264,37.95248
267,533,23.860544,37.953449
267,534,23.860353,37.953708
267,535,23.860254,37.953849
267,536,23.859563,37.954787
267,537,23.859524,37.956249
267,538,23.862753,37.958548
267,539,23.864193,37.96181
267,540,23.863872,37.965061
267,541,23.862612,37.968132
267,542,23.862603,37.971221
267,543,23.861832,37.973651
267,544,23.863771,37.976043
267,545,23.865631,37.978293
267,546,23.868002,37.981593
267,547,23.865911,37.985503
267,548,23.86518,37.986694
267,549,23.867102,37.989154
267,550,23.869942,37.990523
267,551,23.872832,37.990092
267,552,23.874682,37.992332
267,553,23.878012,37.99023
267,554,23.880291,37.98909
267,555,23.881331,37.990211
267,556,23.881361,37.990172
267,557,23.88137,37.990153
267,558,23.88161,37.990444
267,559,23.881841,37.990604
267,560,23.881861,37.990604
267,561,23.882071,37.990794
267,562,23.881971,37.990825
267,563,23.8819,37.990706
267,564,23.88195,37.990848
267,565,23.881599,37.991626
267,566,23.881369,37.991718
267,567,23.881399,37.991698
267,568,23.881209,37.991668
267,569,23.881149,37.991656
267,570,23.881359,37.991645
267,571,23.881619,37.991606
267,572,23.882038,37.990768
267,573,23.881138,37.98983
267,574,23.880098,37.989089
267,575,23.878468,37.990028
267,576,23.875208,37.992198
267,577,23.872349,37.995208
267,578,23.869469,37.996299
267,579,23.866219,37.99813
267,580,23.863039,37.99958
267,581,23.85957,38.001491
267,582,23.857969,38.002772
267,583,23.858028,38.005351
267,584,23.858278,38.006362
267,585,23.858398,38.006782
267,586,23.858389,38.006813
267,587,23.85846,38.007163
267,588,23.858539,38.007404
267,589,23.858549,38.007404
267,590,23.859449,38.007343
267,591,23.86038,38.007224
267,592,23.86059,38.007305
267,593,23.86086,38.008845
267,594,23.861171,38.011104
267,595,23.859901,38.011634
267,596,23.859281,38.011813
267,597,23.859341,38.011764
