268,1,23.857933,38.012011
268,2,23.857393,38.01044
268,3,23.856253,38.010379
268,4,23.855392,38.009719
268,5,23.855173,38.008609
268,6,23.855192,38.007419
268,7,23.855732,38.00613
268,8,23.856472,38.005149
268,9,23.856112,38.003349
268,10,23.857971,38.002368
268,11,23.860771,38.000579
268,12,23.864161,37.99916
268,13,23.86763,37.997329
268,14,23.86964,37.996139
268,15,23.871789,37.995467
268,16,23.8737,37.993289
268,17,23.876009,37.991557
268,18,23.87929,37.989428
268,19,23.880899,37.989539
268,20,23.88134,37.99002
268,21,23.881371,37.99002
268,22,23.88147,37.99018
268,23,23.881349,37.990008
268,24,23.881509,37.990181
268,25,23.881821,37.990421
268,26,23.88183,37.99044
268,27,23.88191,37.990501
268,28,23.88198,37.99052
268,29,23.881901,37.990539
268,30,23.881441,37.990218
268,31,23.881131,37.989939
268,32,23.881111,37.989921
268,33,23.880581,37.989432
268,34,23.880151,37.989162
268,35,23.880132,37.989071
268,36,23.881172,37.98849
268,37,23.882982,37.987899
268,38,23.882612,37.98912
268,39,23.882113,37.990901
268,40,23.881663,37.99253
268,41,23.881092,37.994651
268,42,23.880451,37.996909
268,43,23.880122,37.998279
268,44,23.880301,38.000148
268,45,23.880689,38.002349
268,46,23.88081,38.002467
268,47,23.88178,38.002418
268,48,23.883621,38.002227
268,49,23.884932,38.001716
268,50,23.884741,38.002338
268,51,23.884541,38.003238
268,52,23.885041,38.003539
268,53,23.88549,38.003559
268,54,23.8854,38.003559
268,55,23.885641,38.003677
268,56,23.88696,38.003875
268,57,23.887151,38.003413
268,58,23.887362,38.002723
268,59,23.887441,38.002372
268,60,23.887362,38.002071
268,61,23.887391,38.00209
268,62,23.887373,38.002471
268,63,23.887363,38.00254
268,64,23.887354,38.00259
268,65,23.887094,38.003471
268,66,23.886974,38.003909
268,67,23.886175,38.003841
268,68,23.885586,38.003749
268,69,23.884985,38.003638
268,70,23.884026,38.003509
268,71,23.883066,38.003627
268,72,23.882116,38.003776
268,73,23.881435,38.003787
268,74,23.881056,38.003788
268,75,23.880845,38.003596
268,76,23.880805,38.002246
268,77,23.880515,38.000525
268,78,23.880497,37.997164
268,79,23.881536,37.993243
268,80,23.882027,37.990615
268,81,23.881366,37.990035
268,82,23.881367,37.990134
268,83,23.881638,37.990374
268,84,23.881618,37.990314
268,85,23.881539,37.990302
268,86,23.881268,37.990192
268,87,23.881218,37.990131
268,88,23.881209,37.990119
268,89,23.881218,37.989929
268,90,23.881187,37.990009
268,91,23.881187,37.990077
268,92,23.880987,37.989776
268,93,23.880987,37.989776
268,94,23.880676,37.989455
268,95,23.880126,37.989074
268,96,23.878696,37.989894
268,97,23.876476,37.991355
268,98,23.874707,37.992447
268,99,23.873537,37.990917
268,100,23.871887,37.989924
268,101,23.869957,37.990814
268,102,23.871077,37.991923
268,103,23.871907,37.994213
268,104,23.870326,37.995833
268,105,23.870308,37.995833
268,106,23.869589,37.996284
268,107,23.866928,37.997783
268,108,23.863629,37.999434
268,109,23.860178,38.001113
268,110,23.857908,38.003203
268,111,23.858109,38.006023
268,112,23.858488,38.007293
268,113,23.858488,38.007293
268,114,23.857958,38.007731
268,115,23.855787,38.008442
268,116,23.851886,38.009342
268,117,23.847067,38.010162
268,118,23.843357,38.010681
268,119,23.839326,38.011382
268,120,23.835367,38.013003
268,121,23.831237,38.013892
268,122,23.831068,38.014133
268,123,23.831148,38.014182
268,124,23.831678,38.014411
268,125,23.831688,38.014442
268,126,23.832058,38.014503
268,127,23.832708,38.014411
268,128,23.832718,38.014411
268,129,23.833008,38.014373
268,130,23.833187,38.014342
268,131,23.833206,38.014373
268,132,23.833496,38.014491
268,133,23.833486,38.014701
268,134,23.833577,38.014663
268,135,23.833437,38.014373
268,136,23.833437,38.014335
268,137,23.833276,38.013904
268,138,23.833117,38.013885
268,139,23.833057,38.013793
268,140,23.832987,38.013812
268,141,23.833126,38.013961
268,142,23.833157,38.013923
268,143,23.833086,38.013935
268,144,23.833117,38.013935
268,145,23.832987,38.013916
268,146,23.833117,38.013896
268,147,23.833156,38.013607
268,148,23.833157,38.013507
268,149,23.833117,38.013526
268,150,23.833557,38.013225
268,151,23.836446,38.012534
268,152,23.839857,38.011055
268,153,23.841527,38.010814
268,154,23.843517,38.010593
268,155,23.845947,38.010272
268,156,23.849577,38.009613
268,157,23.853687,38.008941
268,158,23.854788,38.007633
268,159,23.855327,38.006172
268,160,23.856397,38.005271
268,161,23.856126,38.00344
268,162,23.858306,38.002231
268,163,23.861777,38.000071
268,164,23.865086,37.99871
268,165,23.868166,37.997058
268,166,23.869756,37.996119
268,167,23.871967,37.99538
268,168,23.874107,37.992869
268,169,23.875448,37.991958
268,170,23.878738,37.989787
268,171,23.880369,37.989085
268,172,23.88126,37.990287
268,173,23.88126,37.990695
268,174,23.88126,37.990684
268,175,23.88118,37.990351
268,176,23.881251,37.990272
268,177,23.88124,37.99031
268,178,23.88128,37.990249
268,179,23.881281,37.9901
268,180,23.881241,37.990112
268,181,23.881222,37.98989
268,182,23.881202,37.989902
268,183,23.880672,37.98944
268,184,23.880262,37.98907
268,185,23.879572,37.989391
268,186,23.877663,37.99058
268,187,23.875183,37.99224
268,188,23.874014,37.991462
268,189,23.872355,37.989841
268,190,23.869955,37.99066
268,191,23.870485,37.991259
268,192,23.872076,37.992949
268,193,23.870356,37.995182
268,194,23.870315,37.995811
268,195,23.870315,37.995811
268,196,23.869186,37.996513
268,197,23.866445,37.998061
268,198,23.862995,37.99966
268,199,23.859505,38.001602
268,200,23.858105,38.002422
268,201,23.857904,38.00423
268,202,23.857975,38.005168
268,203,23.858086,38.00571
268,204,23.858086,38.00571
268,205,23.858156,38.00603
268,206,23.858175,38.006091
268,207,23.858194,38.006122
268,208,23.858345,38.006572
268,209,23.858345,38.006602
268,210,23.858465,38.007011
268,211,23.858475,38.007049
268,212,23.858564,38.007358
268,213,23.858595,38.007468
268,214,23.858635,38.007499
268,215,23.860174,38.0073
268,216,23.860464,38.007282
268,217,23.860624,38.007392
268,218,23.860874,38.008952
268,219,23.861164,38.010761
268,220,23.860563,38.0125
268,221,23.860384,38.013709
268,222,23.860334,38.01575
268,223,23.860495,38.018771
268,224,23.860436,38.019981
268,225,23.860145,38.0218
268,226,23.859664,38.0237
268,227,23.859655,38.023841
268,228,23.857225,38.024341
268,229,23.853876,38.0251
268,230,23.850687,38.026149
268,231,23.850576,38.02618
268,232,23.849737,38.0265
268,233,23.846897,38.027648
268,234,23.844187,38.028888
268,235,23.843067,38.027236
268,236,23.840936,38.028155
268,237,23.840456,38.028384
268,238,23.839617,38.028766
268,239,23.839527,38.028785
268,240,23.839138,38.028945
268,241,23.838978,38.028983
268,242,23.838568,38.029174
268,243,23.838368,38.029273
268,244,23.838238,38.029334
268,245,23.837827,38.029514
268,246,23.837818,38.029514
268,247,23.837269,38.029704
268,248,23.836858,38.029174
268,249,23.836839,38.029155
268,250,23.836439,38.028587
268,251,23.836269,38.028334
268,252,23.83547,38.027373
268,253,23.83516,38.027072
268,254,23.834089,38.02603
268,255,23.83292,38.02494
268,256,23.8326,38.025359
268,257,23.832551,38.02552
268,258,23.83137,38.026141
268,259,23.829778,38.02711
268,260,23.828869,38.02774
268,261,23.82313,38.032798
268,262,23.82309,38.032718
268,263,23.82288,38.032786
268,264,23.822861,38.032668
268,265,23.82283,38.032478
268,266,23.822812,38.032459
268,267,23.822592,38.032688
268,268,23.822761,38.032497
268,269,23.823101,38.032428
268,270,23.823132,38.032409
268,271,23.823132,38.032459
268,272,23.823372,38.032508
268,273,23.829912,38.027
268,274,23.830772,38.026439
268,275,23.831873,38.02584
268,276,23.832863,38.024871
268,277,23.833332,38.024989
268,278,23.834223,38.026259
268,279,23.835843,38.02788
268,280,23.836902,38.028361
268,281,23.838732,38.027621
268,282,23.841611,38.026313
268,283,23.843262,38.026412
268,284,23.846962,38.025333
268,285,23.84912,38.024944
268,286,23.84912,38.024944
268,287,23.84889,38.024345
268,288,23.84725,38.021575
268,289,23.84874,38.020583
268,290,23.85097,38.019832
268,291,23.852959,38.015441
268,292,23.855638,38.010699
268,293,23.857738,38.009188
268,294,23.858099,38.00891
268,295,23.858099,38.00888
268,296,23.857988,38.008628
268,297,23.857377,38.007949
268,298,23.858598,38.007541
268,299,23.862039,38.007022
268,300,23.86688,38.00603
268,301,23.867562,38.003711
268,302,23.867052,38.00241
268,303,23.866302,38.00051
268,304,23.865643,37.999179
268,305,23.865323,37.99863
268,306,23.868172,37.997112
268,307,23.873031,37.994521
268,308,23.876812,37.991122
268,309,23.880241,37.989093
268,310,23.881311,37.990172
268,311,23.881293,37.990314
268,312,23.881052,37.990486
268,313,23.881181,37.990325
268,314,23.881172,37.990314
268,315,23.881181,37.990295
268,316,23.881172,37.990306
268,317,23.881403,37.990256
268,318,23.881393,37.990188
268,319,23.881402,37.990177
268,320,23.881443,37.990276
268,321,23.881764,37.990516
268,322,23.881782,37.990516
268,323,23.882022,37.990615
268,324,23.881894,37.990615
268,325,23.881863,37.990615
268,326,23.881652,37.990444
268,327,23.881302,37.990035
268,328,23.881242,37.989924
268,329,23.881262,37.989924
268,330,23.881452,37.990184
268,331,23.882063,37.990615
268,332,23.882063,37.991306
268,333,23.881582,37.993038
268,334,23.880922,37.995429
268,335,23.880863,37.9957
268,336,23.880663,37.996421
268,337,23.880303,37.997702
268,338,23.880253,37.999633
268,339,23.880733,38.001811
268,340,23.881104,38.002421
268,341,23.882694,38.002361
268,342,23.884624,38.00177
268,343,23.884895,38.001967
268,344,23.884645,38.002906
268,345,23.884615,38.002997
268,346,23.884615,38.003028
268,347,23.884525,38.003379
268,348,23.885645,38.003619
268,349,23.888636,38.0041
268,350,23.892596,38.00431
268,351,23.897616,38.003409
268,352,23.902436,38.002788
268,353,23.907345,38.002567
268,354,23.911424,38.002265
268,355,23.911964,38.002486
268,356,23.911905,38.002578
268,357,23.912315,38.002547
268,358,23.912806,38.002677
268,359,23.913185,38.002777
268,360,23.913256,38.003257
268,361,23.913296,38.004077
268,362,23.913446,38.005008
268,363,23.913696,38.005539
268,364,23.913215,38.005759
268,365,23.912565,38.006408
268,366,23.912245,38.006748
268,367,23.912186,38.006797
268,368,23.912115,38.006946
268,369,23.912565,38.006564
268,370,23.913074,38.005954
268,371,23.913504,38.005634
268,372,23.913343,38.004696
268,373,23.913244,38.003677
268,374,23.912664,38.002819
268,375,23.911214,38.002597
268,376,23.908295,38.002788
268,377,23.903835,38.002879
268,378,23.899955,38.003348
268,379,23.897946,38.003669
268,380,23.893866,38.00442
268,381,23.889884,38.00463
268,382,23.887995,38.004329
268,383,23.884874,38.003829
268,384,23.884155,38.00365
268,385,23.884145,38.003611
268,386,23.883717,38.003581
268,387,23.883636,38.003569
268,388,23.883325,38.003601
268,389,23.882715,38.003742
268,390,23.882025,38.00378
268,391,23.881775,38.003791
268,392,23.880994,38.003791
268,393,23.880804,38.003321
268,394,23.880764,38.002353
268,395,23.880234,37.999404
268,396,23.881295,37.994193
268,397,23.882084,37.990684
268,398,23.881874,37.990512
268,399,23.881495,37.990153
268,400,23.881514,37.990135
268,401,23.881415,37.990172
268,402,23.881214,37.990211
268,403,23.881224,37.990199
268,404,23.881424,37.990138
268,405,23.881415,37.990177
268,406,23.881254,37.990177
268,407,23.881254,37.990138
268,408,23.881485,37.989959
268,409,23.881315,37.989898
268,410,23.880535,37.989128
268,411,23.880125,37.989028
268,412,23.878765,37.989806
268,413,23.876695,37.991157
268,414,23.874985,37.992285
268,415,23.874674,37.992248
268,416,23.873323,37.990478
268,417,23.871893,37.989837
268,418,23.870222,37.990927
268,419,23.871882,37.992679
268,420,23.870611,37.994857
268,421,23.870321,37.995758
268,422,23.869492,37.996257
268,423,23.866902,37.997726
268,424,23.865422,37.998706
268,425,23.866161,37.999957
268,426,23.866892,38.001709
268,427,23.867611,38.003578
268,428,23.868481,38.005588
268,429,23.86849,38.005599
268,430,23.869249,38.005519
268,431,23.8715,38.005149
268,432,23.8715,38.005149
268,433,23.87167,38.005149
268,434,23.872099,38.006728
268,435,23.870789,38.0088
268,436,23.871069,38.010608
268,437,23.870169,38.010806
268,438,23.868639,38.010986
268,439,23.86859,38.011096
268,440,23.868399,38.011874
268,441,23.868038,38.013404
268,442,23.867348,38.014945
268,443,23.866918,38.015804
268,444,23.866369,38.016532
268,445,23.865439,38.017432
268,446,23.864388,38.018321
268,447,23.863228,38.019061
268,448,23.862417,38.01947
268,449,23.862417,38.01947
268,450,23.862167,38.019618
268,451,23.861798,38.01979
268,452,23.861977,38.019721
268,453,23.861717,38.019782
268,454,23.861356,38.019923
268,455,23.861246,38.019961
268,456,23.861206,38.020072
268,457,23.861225,38.020053
268,458,23.861305,38.020202
268,459,23.860785,38.020454
268,460,23.860544,38.020465
268,461,23.859745,38.020404
268,462,23.860035,38.020336
268,463,23.860355,38.020297
268,464,23.860685,38.020137
268,465,23.861475,38.019859
268,466,23.862246,38.01945
268,467,23.862255,38.019469
268,468,23.863185,38.019069
268,469,23.864885,38.01794
268,470,23.866425,38.016479
268,471,23.865824,38.015918
268,472,23.865753,38.014689
268,473,23.865704,38.013831
268,474,23.865062,38.01382
268,475,23.865093,38.013351
268,476,23.865094,38.01295
268,477,23.864933,38.012462
268,478,23.863743,38.011524
268,479,23.862334,38.011642
268,480,23.860813,38.011524
268,481,23.859553,38.011813
268,482,23.859281,38.011874
268,483,23.85929,38.011836
