269,1,23.858916,38.01187
269,2,23.857655,38.011722
269,3,23.857244,38.00978
269,4,23.857275,38.00941
269,5,23.857275,38.009391
269,6,23.858125,38.008891
269,7,23.858255,38.008853
269,8,23.858345,38.009212
269,9,23.858385,38.009323
269,10,23.858125,38.009502
269,11,23.857195,38.009891
269,12,23.855844,38.010711
269,13,23.855573,38.010131
269,14,23.855283,38.008693
269,15,23.855244,38.008655
269,16,23.854984,38.008094
269,17,23.855144,38.006645
269,18,23.855785,38.005534
269,19,23.856396,38.004695
269,20,23.856306,38.004207
269,21,23.856146,38.003455
269,22,23.856966,38.002807
269,23,23.857186,38.002769
269,24,23.857216,38.002708
269,25,23.858036,38.002307
269,26,23.860686,38.000617
269,27,23.863756,37.999279
269,28,23.866815,37.997748
269,29,23.869726,37.99609
269,30,23.871225,37.995681
269,31,23.873516,37.99356
269,32,23.875126,37.992171
269,33,23.878206,37.99013
269,34,23.880346,37.98907
269,35,23.881237,37.990001
269,36,23.881286,37.990039
269,37,23.881206,37.990268
269,38,23.881226,37.990218
269,39,23.881206,37.990218
269,40,23.881317,37.990069
269,41,23.881237,37.990039
269,42,23.881237,37.99005
269,43,23.881036,37.98986
269,44,23.880917,37.989688
269,45,23.880038,37.989066
269,46,23.878548,37.989924
269,47,23.876097,37.991534
269,48,23.874657,37.992312
269,49,23.873297,37.990532
269,50,23.871757,37.989859
269,51,23.869968,37.990852
269,52,23.871587,37.992504
269,53,23.870749,37.994693
269,54,23.870239,37.995754
269,55,23.87022,37.995944
269,56,23.868,37.997115
269,57,23.86478,37.998836
269,58,23.860981,38.000426
269,59,23.857921,38.002506
269,60,23.857941,38.005214
269,61,23.858501,38.007182
269,62,23.858502,38.007274
269,63,23.859602,38.007304
269,64,23.860401,38.007224
269,65,23.860601,38.007415
269,66,23.860892,38.009067
269,67,23.861141,38.010936
269,68,23.860262,38.012668
269,69,23.860352,38.014579
269,70,23.860222,38.01609
269,71,23.860311,38.01728
269,72,23.860411,38.01929
269,73,23.860401,38.019641
269,74,23.860201,38.02106
269,75,23.859662,38.023342
269,76,23.85959,38.02373
269,77,23.85947,38.02394
269,78,23.856479,38.024501
269,79,23.85277,38.025432
269,80,23.84885,38.026652
269,81,23.84481,38.028732
269,82,23.843861,38.028201
269,83,23.84248,38.027393
269,84,23.8393,38.028774
269,85,23.838301,38.029212
269,86,23.838131,38.029292
269,87,23.837761,38.029452
269,88,23.837761,38.029452
269,89,23.837091,38.029513
269,90,23.836512,38.028644
269,91,23.835451,38.027324
269,92,23.83369,38.025393
269,93,23.832771,38.025123
269,94,23.831871,38.025824
269,95,23.830561,38.026535
269,96,23.828772,38.027743
269,97,23.823141,38.032733
269,98,23.823091,38.032764
269,99,23.822662,38.033072
269,100,23.822563,38.033244
269,101,23.821024,38.034545
269,102,23.819794,38.035514
269,103,23.818533,38.036563
269,104,23.817543,38.037303
269,105,23.813753,38.039062
269,106,23.810062,38.040263
269,107,23.810583,38.039943
269,108,23.811593,38.039512
269,109,23.813043,38.039001
269,110,23.813763,38.038779
269,111,23.815684,38.038028
269,112,23.815994,38.037868
269,113,23.815713,38.038058
269,114,23.815704,38.03807
269,115,23.815713,38.038051
269,116,23.815673,38.038039
269,117,23.815874,38.03797
269,118,23.816294,38.037792
269,119,23.816213,38.03778
269,120,23.816244,38.037799
269,121,23.816195,38.037848
269,122,23.816195,38.03786
269,123,23.816365,38.03778
269,124,23.816664,38.037608
269,125,23.816655,38.037608
269,126,23.816664,38.037509
269,127,23.816614,38.03754
269,128,23.816793,38.037479
269,129,23.817084,38.037338
269,130,23.817084,38.037338
269,131,23.817093,38.037246
269,132,23.817053,38.037265
269,133,23.817182,38.037234
269,134,23.817543,38.037036
269,135,23.817543,38.037036
269,136,23.817463,38.037025
269,137,23.817454,38.037025
269,138,23.817633,38.036926
269,139,23.818033,38.036685
269,140,23.817934,38.036715
269,141,23.817934,38.036727
269,142,23.817925,38.036819
269,143,23.817224,38.037269
269,144,23.814674,38.038558
269,145,23.812344,38.03939
269,146,23.812324,38.039328
269,147,23.812926,38.039077
269,148,23.812895,38.039077
269,149,23.813175,38.038977
269,150,23.813085,38.038989
269,151,23.813125,38.038989
269,152,23.813486,38.038871
269,153,23.813486,38.038871
269,154,23.813806,38.038833
269,155,23.816017,38.037921
269,156,23.818546,38.036341
269,157,23.820587,38.034541
269,158,23.821546,38.03366
269,159,23.822706,38.032592
269,160,23.822897,38.03234
269,161,23.822968,38.032302
269,162,23.830658,38.026103
269,163,23.831458,38.025623
269,164,23.832028,38.02537
269,165,23.832907,38.024749
269,166,23.832897,38.024761
269,167,23.832517,38.02452
269,168,23.829538,38.02354
269,169,23.827318,38.02317
269,170,23.825227,38.02423
269,171,23.822949,38.025722
269,172,23.821318,38.026832
269,173,23.819797,38.027911
269,174,23.819806,38.027911
269,175,23.819598,38.028083
269,176,23.819567,38.028083
269,177,23.818256,38.028804
269,178,23.816467,38.029803
269,179,23.816437,38.029994
269,180,23.818327,38.030895
269,181,23.821287,38.033034
269,182,23.822736,38.033923
269,183,23.824027,38.034233
269,184,23.826066,38.032733
269,185,23.828437,38.030982
269,186,23.830468,38.029533
269,187,23.832997,38.02825
269,188,23.835346,38.027301
269,189,23.836316,38.028442
269,190,23.837498,38.028091
269,191,23.840337,38.026912
269,192,23.842537,38.026264
269,193,23.844437,38.025802
269,194,23.848207,38.025161
269,195,23.848997,38.024971
269,196,23.849167,38.024932
269,197,23.848667,38.023872
269,198,23.847828,38.02233
269,199,23.847028,38.021262
269,200,23.847689,38.020911
269,201,23.849908,38.020751
269,202,23.85125,38.019271
269,203,23.852378,38.01675
269,204,23.85409,38.012969
269,205,23.85647,38.0102
269,206,23.857441,38.009368
269,207,23.857931,38.008597
269,208,23.85765,38.008258
269,209,23.857632,38.00827
269,210,23.857983,38.007721
269,211,23.860242,38.007319
269,212,23.863822,38.006698
269,213,23.867342,38.005687
269,214,23.867422,38.003318
269,215,23.866343,38.000549
269,216,23.865343,37.998741
269,217,23.866613,37.997889
269,218,23.870344,37.995941
269,219,23.873193,37.99427
269,220,23.874194,37.992808
269,221,23.877052,37.990909
269,222,23.880343,37.989028
269,223,23.881442,37.990039
269,224,23.881363,37.990039
269,225,23.881393,37.990058
269,226,23.881424,37.99015
269,227,23.881433,37.990162
269,228,23.881983,37.990532
269,229,23.882133,37.991012
269,230,23.881674,37.992713
269,231,23.880943,37.995422
269,232,23.880203,37.998531
269,233,23.880693,38.001392
269,234,23.881304,38.002384
269,235,23.882904,38.002353
269,236,23.884774,38.001663
269,237,23.884943,38.001842
269,238,23.884712,38.002841
269,239,23.884422,38.00355
269,240,23.884092,38.00352
269,241,23.883611,38.00354
269,242,23.883331,38.003601
269,243,23.882582,38.003772
269,244,23.882261,38.003783
269,245,23.881551,38.003803
269,246,23.880713,38.003814
269,247,23.877983,38.003825
269,248,23.875062,38.004275
269,249,23.873233,38.004905
269,250,23.872034,38.006084
269,251,23.871154,38.008155
269,252,23.871155,38.011066
269,253,23.871605,38.013835
269,254,23.871956,38.016136
269,255,23.872165,38.017215
269,256,23.870155,38.017906
269,257,23.867824,38.017505
269,258,23.866314,38.016647
269,259,23.864864,38.018009
269,260,23.862893,38.01926
269,261,23.860673,38.02027
269,262,23.859243,38.020491
269,263,23.856763,38.0209
269,264,23.853643,38.02135
269,265,23.852003,38.02159
269,266,23.850323,38.021842
269,267,23.849043,38.022041
269,268,23.848142,38.022052
269,269,23.847202,38.022193
269,270,23.845423,38.022464
269,271,23.845333,38.022476
269,272,23.845333,38.022476
269,273,23.844602,38.022594
269,274,23.844041,38.022674
269,275,23.844131,38.022685
269,276,23.843502,38.022724
269,277,23.843302,38.022724
269,278,23.843542,38.022533
269,279,23.844122,38.022384
269,280,23.844773,38.022304
269,281,23.845393,38.022193
269,282,23.845382,38.022193
269,283,23.845802,38.022132
269,284,23.846033,38.022094
269,285,23.846064,38.022094
269,286,23.845724,38.022155
269,287,23.844623,38.022327
269,288,23.843374,38.022586
269,289,23.844355,38.022647
269,290,23.845264,38.022517
269,291,23.845234,38.022517
269,292,23.845915,38.022407
269,293,23.847604,38.022128
269,294,23.848916,38.022078
269,295,23.850004,38.021857
269,296,23.851173,38.021739
269,297,23.852244,38.021408
269,298,23.850643,38.021438
269,299,23.850413,38.020896
269,300,23.851603,38.018416
269,301,23.853533,38.014125
269,302,23.856132,38.010364
269,303,23.857483,38.009273
269,304,23.858124,38.008873
269,305,23.857923,38.008514
269,306,23.857914,38.008502
269,307,23.857674,38.008281
269,308,23.857674,38.0083
269,309,23.857384,38.008029
269,310,23.857384,38.008018
269,311,23.857365,38.007907
269,312,23.857935,38.007656
269,313,23.857944,38.007644
269,314,23.858425,38.007583
269,315,23.858715,38.007545
269,316,23.861614,38.007083
269,317,23.865435,38.006312
269,318,23.867633,38.005012
269,319,23.867214,38.00281
269,320,23.866304,38.00053
269,321,23.866206,38.000339
269,322,23.865326,37.998767
269,323,23.865476,37.998538
269,324,23.868847,37.996638
269,325,23.870028,37.99607
269,326,23.871597,37.995601
269,327,23.874237,37.992801
269,328,23.875057,37.99224
269,329,23.878887,37.98973
269,330,23.880627,37.989429
269,331,23.881297,37.9901
269,332,23.881326,37.990062
269,333,23.881256,37.990032
269,334,23.881256,37.990032
269,335,23.881396,37.990172
269,336,23.881494,37.990253
269,337,23.882135,37.990714
269,338,23.881926,37.991783
269,339,23.881296,37.994052
269,340,23.880436,37.997104
269,341,23.880396,38.000304
269,342,23.880905,38.002506
269,343,23.882625,38.002426
269,344,23.884535,38.001796
269,345,23.884766,38.002227
269,346,23.884436,38.003528
269,347,23.885117,38.003669
269,348,23.888166,38.004131
269,349,23.892727,38.004359
269,350,23.898256,38.00336
269,351,23.903576,38.0027
269,352,23.908466,38.002559
269,353,23.912318,38.001147
269,354,23.916727,37.999045
269,355,23.922345,37.997775
269,356,23.927425,37.997825
269,357,23.932186,37.998713
269,358,23.937576,38.000915
269,359,23.940746,38.001926
269,360,23.941866,38.002257
269,361,23.945556,38.003429
269,362,23.950926,38.00508
269,363,23.955796,38.006598
269,364,23.960525,38.008011
269,365,23.966095,38.008868
269,366,23.971054,38.010688
269,367,23.974854,38.012866
269,368,23.977814,38.016018
269,369,23.979583,38.017886
269,370,23.979583,38.017898
269,371,23.980533,38.018669
269,372,23.981934,38.020809
269,373,23.982664,38.022147
269,374,23.983074,38.023936
269,375,23.983104,38.025508
269,376,23.982386,38.027037
269,377,23.982675,38.028857
269,378,23.984045,38.031077
269,379,23.985464,38.034209
269,380,23.989584,38.037349
269,381,23.989723,38.041839
269,382,23.988463,38.045658
269,383,23.987293,38.050056
269,384,23.984503,38.054447
269,385,23.982713,38.059188
269,386,23.981813,38.063289
269,387,23.981964,38.065528
269,388,23.982183,38.068179
269,389,23.982572,38.07241
269,390,23.982113,38.076709
269,391,23.980373,38.07994
269,392,23.979233,38.081989
269,393,23.979033,38.082397
269,394,23.978034,38.084216
269,395,23.976833,38.086516
269,396,23.975483,38.089206
269,397,23.973682,38.093215
269,398,23.971672,38.098384
269,399,23.969883,38.103465
269,400,23.969803,38.107036
269,401,23.969803,38.111835
269,402,23.969753,38.117305
269,403,23.969673,38.122764
269,404,23.968702,38.128482
269,405,23.967732,38.134063
269,406,23.966332,38.139354
269,407,23.965431,38.143962
269,408,23.968371,38.144603
269,409,23.972629,38.143954
269,410,23.97795,38.143554
269,411,23.9842,38.143806
269,412,23.9897,38.146197
269,413,23.99386,38.149188
269,414,23.996719,38.150039
269,415,24.000009,38.147918
269,416,24.00429,38.14513
269,417,24.00889,38.142119
269,418,24.013849,38.13887
269,419,24.01688,38.138339
269,420,24.016729,38.138579
269,421,24.015959,38.139121
269,422,24.015669,38.140189
269,423,24.014949,38.141089
269,424,24.01467,38.141368
269,425,24.014611,38.142417
269,426,24.01449,38.144008
269,427,24.01438,38.145797
269,428,24.014259,38.147326
269,429,24.014259,38.147377
269,430,24.014299,38.147136
269,431,24.014309,38.146705
269,432,24.014309,38.146545
269,433,24.014358,38.145404
269,434,24.014498,38.143912
269,435,24.014609,38.144313
269,436,24.01455,38.145434
269,437,24.014491,38.146403
269,438,24.01445,38.147304
269,439,24.01499,38.147823
269,440,24.01643,38.148791
269,441,24.01741,38.148952
269,442,24.0178,38.148982
269,443,24.01776,38.148994
269,444,24.01767,38.148982
269,445,24.01767,38.148982
269,446,24.017359,38.148971
269,447,24.017087,38.148971
269,448,24.017208,38.149009
269,449,24.016339,38.14881
269,450,24.016319,38.14881
269,451,24.015589,38.148581
269,452,24.014409,38.147563
269,453,24.014439,38.146213
269,454,24.01451,38.145091
269,455,24.014479,38.143912
269,456,24.014478,38.142871
269,457,24.014528,38.142261
269,458,24.014707,38.1412
269,459,24.015488,38.14054
269,460,24.015888,38.139129
269,461,24.016308,38.13824
269,462,24.012108,38.140041
269,463,24.007788,38.142879
269,464,24.003998,38.145369
269,465,23.999897,38.148052
269,466,23.995987,38.150653
269,467,23.993567,38.149142
269,468,23.990496,38.146831
269,469,23.986005,38.144611
269,470,23.980596,38.143721
269,471,23.974726,38.14379
269,472,23.968605,38.144721
269,473,23.965244,38.144222
269,474,23.966114,38.140663
269,475,23.967354,38.135123
269,476,23.968424,38.129562
269,477,23.969314,38.12437
269,478,23.969654,38.119331
269,479,23.969673,38.11386
269,480,23.969693,38.108421
269,481,23.969732,38.104449
269,482,23.969872,38.103061
269,483,23.971471,38.098662
269,484,23.973362,38.093753
269,485,23.975283,38.089461
269,486,23.976802,38.086422
269,487,23.977293,38.085501
269,488,23.977463,38.085132
269,489,23.977481,38.08512
269,490,23.977911,38.084418
269,491,23.978571,38.083198
269,492,23.979542,38.081416
269,493,23.980461,38.079707
269,494,23.980671,38.079245
269,495,23.980701,38.079185
269,496,23.980972,38.078723
269,497,23.982301,38.076331
269,498,23.982492,38.072963
269,499,23.982141,38.069144
269,500,23.981831,38.065364
269,501,23.9816,38.061583
269,502,23.98313,38.057903
269,503,23.984609,38.053962
269,504,23.98723,38.049873
269,505,23.988399,38.045513
269,506,23.989929,38.041484
269,507,23.989489,38.037525
269,508,23.985828,38.034645
269,509,23.983959,38.031276
269,510,23.982239,38.027175
269,511,23.982698,38.022716
269,512,23.980479,38.018806
269,513,23.978119,38.016944
269,514,23.977459,38.015445
269,515,23.974449,38.012615
269,516,23.969539,38.010485
269,517,23.964389,38.008155
269,518,23.95942,38.007674
269,519,23.954519,38.006045
269,520,23.949298,38.004684
269,521,23.944029,38.003062
269,522,23.941518,38.002303
269,523,23.939508,38.001712
269,524,23.935339,37.999881
269,525,23.929788,37.998111
269,526,23.923507,37.99768
269,527,23.917328,37.998962
269,528,23.912369,38.001292
269,529,23.907688,38.002673
269,530,23.902147,38.002952
269,531,23.899667,38.003253
269,532,23.896187,38.003833
269,533,23.891397,38.004684
269,534,23.887626,38.004115
269,535,23.884546,38.003627
269,536,23.882535,38.003768
269,537,23.882196,38.00378
269,538,23.881317,38.003799
269,539,23.879716,38.00381
269,540,23.877417,38.00381
269,541,23.875138,38.004229
269,542,23.873928,38.004661
269,543,23.869969,38.005561
269,544,23.866539,38.006171
269,545,23.865009,38.006412
269,546,23.862879,38.0069
269,547,23.860069,38.007411
269,548,23.85664,38.00817
269,549,23.85685,38.009212
269,550,23.856569,38.010112
269,551,23.854568,38.012024
269,552,23.853359,38.014995
269,553,23.855259,38.014735
269,554,23.856319,38.013614
269,555,23.856319,38.013614
269,556,23.85693,38.013176
269,557,23.857901,38.013675
269,558,23.85853,38.013595
269,559,23.85867,38.013556
269,560,23.858929,38.012096
269,561,23.859358,38.011794
269,562,23.859367,38.011756
