27,1,23.84317,37.996902
27,2,23.842759,37.99504
27,3,23.843981,37.994419
27,4,23.847132,37.994529
27,5,23.848183,37.993499
27,6,23.849552,37.99256
27,7,23.852583,37.991252
27,8,23.855932,37.989841
27,9,23.859302,37.988429
27,10,23.862473,37.987018
27,11,23.864683,37.986129
27,12,23.865993,37.988121
27,13,23.867994,37.989909
27,14,23.870144,37.990341
27,15,23.872784,37.990008
27,16,23.874505,37.99213
27,17,23.874735,37.992351
27,18,23.875574,37.9919
27,19,23.878374,37.990062
27,20,23.880134,37.989051
27,21,23.881195,37.99002
27,22,23.881415,37.990218
27,23,23.881534,37.990218
27,24,23.881695,37.990497
27,25,23.881565,37.990325
27,26,23.881325,37.990127
27,27,23.881325,37.990078
27,28,23.881334,37.989978
27,29,23.881235,37.990008
27,30,23.880414,37.989138
27,31,23.880704,37.9887
27,32,23.883475,37.987552
27,33,23.887224,37.985462
27,34,23.891695,37.98265
27,35,23.895765,37.979961
27,36,23.900024,37.977198
27,37,23.904014,37.974098
27,38,23.905464,37.971019
27,39,23.905483,37.970698
27,40,23.905502,37.970698
27,41,23.905601,37.969829
27,42,23.906162,37.968158
27,43,23.909761,37.968158
27,44,23.914072,37.967807
27,45,23.918401,37.966758
27,46,23.92192,37.965899
27,47,23.923231,37.966548
27,48,23.925951,37.968589
27,49,23.928631,37.97129
27,50,23.931899,37.973899
27,51,23.93413,37.977389
27,52,23.93487,37.98154
27,53,23.935141,37.985671
27,54,23.937681,37.98928
27,55,23.940012,37.992729
27,56,23.940662,37.995918
27,57,23.941674,37.999038
27,58,23.941763,37.999267
27,59,23.941593,37.998935
27,60,23.940993,37.997135
27,61,23.940233,37.994144
27,62,23.938803,37.990295
27,63,23.935983,37.987243
27,64,23.934673,37.983691
27,65,23.934793,37.979842
27,66,23.933643,37.975704
27,67,23.930362,37.972682
27,68,23.927464,37.970123
27,69,23.924703,37.967551
27,70,23.922484,37.966091
27,71,23.922484,37.966091
27,72,23.922304,37.96598
27,73,23.920605,37.9663
27,74,23.918395,37.966841
27,75,23.915064,37.967643
27,76,23.911394,37.968223
27,77,23.907684,37.968193
27,78,23.905915,37.969493
27,79,23.905664,37.970714
27,80,23.904394,37.973685
27,81,23.901345,37.976394
27,82,23.897563,37.978812
27,83,23.893524,37.981441
27,84,23.889555,37.984161
27,85,23.885285,37.986552
27,86,23.881854,37.988093
27,87,23.880526,37.989104
27,88,23.881376,37.989986
27,89,23.881416,37.990066
27,90,23.881425,37.990116
27,91,23.881895,37.990504
27,92,23.882305,37.990184
27,93,23.882876,37.988113
27,94,23.882906,37.988051
27,95,23.883985,37.98725
27,96,23.887775,37.985148
27,97,23.892306,37.982231
27,98,23.896585,37.979431
27,99,23.900866,37.976668
27,100,23.904425,37.9734
27,101,23.905565,37.969478
27,102,23.906524,37.968116
27,103,23.910555,37.968127
27,104,23.914755,37.967609
27,105,23.918764,37.96664
27,106,23.922134,37.965889
27,107,23.924734,37.967597
27,108,23.927754,37.970496
27,109,23.931103,37.973228
27,110,23.933903,37.976748
27,111,23.934793,37.981139
27,112,23.934763,37.984549
27,113,23.936662,37.988288
27,114,23.939613,37.991828
27,115,23.940443,37.995407
27,116,23.941623,37.999145
27,117,23.941524,38.001785
27,118,23.941664,38.002154
27,119,23.945003,38.003203
27,120,23.950323,38.004856
27,121,23.955112,38.006225
27,122,23.959392,38.007525
27,123,23.964443,38.008068
27,124,23.969284,38.010356
27,125,23.973293,38.011775
27,126,23.976223,38.013984
27,127,23.978012,38.016722
27,128,23.979973,38.018104
27,129,23.980013,38.018142
27,130,23.980592,38.018882
27,131,23.982073,38.021152
27,132,23.983053,38.024204
27,133,23.982483,38.026664
27,134,23.982903,38.029395
27,135,23.984402,38.032447
27,136,23.987183,38.035407
27,137,23.989752,38.038207
27,138,23.989532,38.042026
27,139,23.988382,38.045646
27,140,23.987361,38.049525
27,141,23.985221,38.053046
27,142,23.983451,38.057197
27,143,23.981811,38.060977
27,144,23.981821,38.064399
27,145,23.982101,38.068069
27,146,23.982471,38.071998
27,147,23.982561,38.075736
27,148,23.981102,38.078437
27,149,23.980081,38.080299
27,150,23.979652,38.081119
27,151,23.979652,38.08115
27,152,23.979372,38.081729
27,153,23.979193,38.082061
27,154,23.979073,38.082332
27,155,23.978684,38.083053
27,156,23.977563,38.085113
27,157,23.976395,38.087371
27,158,23.976336,38.087489
27,159,23.976246,38.08765
27,160,23.975015,38.09024
27,161,23.973325,38.09413
27,162,23.971695,38.0983
27,163,23.970025,38.10292
27,164,23.969874,38.103931
27,165,23.969824,38.10612
27,166,23.969805,38.110171
27,167,23.969774,38.115112
27,168,23.969755,38.11996
27,169,23.969456,38.124308
27,170,23.968805,38.128048
27,171,23.968256,38.131278
27,172,23.967525,38.134818
27,173,23.966406,38.13863
27,174,23.966146,38.14067
27,175,23.965626,38.143039
27,176,23.966886,38.144419
27,177,23.970066,38.144439
27,178,23.973396,38.143798
27,179,23.977115,38.143588
27,180,23.981016,38.143638
27,181,23.984917,38.144019
27,182,23.988287,38.14556
27,183,23.991097,38.147219
27,184,23.993226,38.148829
27,185,23.995768,38.150481
27,186,23.997417,38.149562
27,187,24.000387,38.147674
27,188,24.004106,38.145213
27,189,24.007776,38.142821
27,190,24.010915,38.140762
27,191,24.014095,38.13869
27,192,24.016796,38.138301
27,193,24.016246,38.138842
27,194,24.015658,38.140021
27,195,24.015136,38.141002
27,196,24.014637,38.141311
27,197,24.014588,38.142101
27,198,24.014569,38.142902
27,199,24.014549,38.143073
27,200,24.014549,38.143142
27,201,24.014518,38.142852
27,202,24.014577,38.141513
27,203,24.015377,38.140841
27,204,24.015568,38.140281
27,205,24.015777,38.13948
27,206,24.016258,38.138831
27,207,24.016428,38.138221
27,208,24.014757,38.138431
27,209,24.013067,38.1394
27,210,24.011066,38.140709
27,211,24.009037,38.142047
27,212,24.006746,38.143539
27,213,24.004446,38.145057
27,214,24.001705,38.146857
27,215,23.998785,38.148776
27,216,23.996084,38.150558
27,217,23.997454,38.152297
27,218,23.998953,38.155036
27,219,24.000273,38.157687
27,220,24.003403,38.158557
27,221,24.006274,38.160308
27,222,24.009754,38.161418
27,223,24.010564,38.161269
27,224,24.010765,38.161219
27,225,24.011326,38.161209
27,226,24.012556,38.160987
27,227,24.013486,38.160156
27,228,24.013597,38.158825
27,229,24.013678,38.157325
27,230,24.013697,38.157035
27,231,24.013706,38.157035
27,232,24.013765,38.156653
27,233,24.013865,38.156715
27,234,24.014784,38.156573
27,235,24.015354,38.156303
27,236,24.015354,38.156303
27,237,24.015443,38.156241
27,238,24.015885,38.155841
27,239,24.016175,38.155361
27,240,24.016204,38.155391
27,241,24.016275,38.155162
27,242,24.016294,38.155181
27,243,24.016144,38.15559
27,244,24.015943,38.155879
27,245,24.015764,38.15607
27,246,24.015573,38.15623
27,247,24.015733,38.15612
27,248,24.015983,38.155848
27,249,24.016163,38.155547
27,250,24.016283,38.155216
27,251,24.016413,38.155105
27,252,24.016024,38.155783
27,253,24.015503,38.156234
27,254,24.014593,38.156623
27,255,24.014303,38.156661
27,256,24.014294,38.156661
27,257,24.013754,38.157501
27,258,24.013634,38.159129
27,259,24.013233,38.16038
27,260,24.012073,38.16106
27,261,24.010633,38.161258
27,262,24.009603,38.161296
27,263,24.005814,38.160174
27,264,24.001632,38.158073
27,265,23.998972,38.155081
27,266,23.996732,38.15145
27,267,23.993223,38.148799
27,268,23.990063,38.14645
27,269,23.985332,38.14426
27,270,23.979652,38.14363
27,271,23.974734,38.14376
27,272,23.969223,38.14466
27,273,23.965323,38.144321
27,274,23.966063,38.141059
27,275,23.967172,38.13568
27,276,23.968373,38.129871
27,277,23.969402,38.123862
27,278,23.969643,38.119033
27,279,23.969682,38.114444
27,280,23.969682,38.108924
27,281,23.969714,38.104583
27,282,23.969744,38.103591
27,283,23.971064,38.099822
27,284,23.972694,38.095504
27,285,23.974445,38.091255
27,286,23.975694,38.088573
27,287,23.976774,38.086494
27,288,23.977875,38.084453
27,289,23.978115,38.083991
27,290,23.979006,38.082313
27,291,23.979236,38.081862
27,292,23.979317,38.081671
27,293,23.979335,38.081661
27,294,23.979416,38.08158
27,295,23.980335,38.079902
27,296,23.981685,38.077373
27,297,23.982595,38.073413
27,298,23.982225,38.069472
27,299,23.981966,38.066684
27,300,23.981787,38.064113
27,301,23.981596,38.061961
27,302,23.982747,38.058971
27,303,23.983945,38.056053
27,304,23.984796,38.053772
27,305,23.987406,38.049411
27,306,23.988606,38.044932
27,307,23.990185,38.040652
27,308,23.989034,38.036662
27,309,23.984933,38.033961
27,310,23.983303,38.030151
27,311,23.982803,38.02613
27,312,23.982603,38.022189
27,313,23.981194,38.019729
27,314,23.980364,38.018599
27,315,23.980364,38.018599
27,316,23.980194,38.01844
27,317,23.977894,38.016288
27,318,23.975075,38.013129
27,319,23.970795,38.010699
27,320,23.965534,38.008639
27,321,23.960474,38.00811
27,322,23.955833,38.00669
27,323,23.951375,38.005301
27,324,23.946203,38.003703
27,325,23.941673,38.002292
27,326,23.941424,38.002212
27,327,23.941834,37.99977
27,328,23.940584,37.995822
27,329,23.939234,37.991073
27,330,23.936095,37.987472
27,331,23.934664,37.983802
27,332,23.934503,37.97885
27,333,23.932555,37.974612
27,334,23.929544,37.972201
27,335,23.926334,37.969043
27,336,23.922994,37.966464
27,337,23.922424,37.966094
27,338,23.922024,37.965964
27,339,23.919073,37.966685
27,340,23.914223,37.967887
27,341,23.909131,37.968226
27,342,23.906381,37.968955
27,343,23.905582,37.971206
27,344,23.903202,37.975016
27,345,23.899113,37.977866
27,346,23.894742,37.980678
27,347,23.890663,37.983428
27,348,23.887203,37.985508
27,349,23.883484,37.987586
27,350,23.882374,37.987907
27,351,23.880563,37.989238
27,352,23.881354,37.990058
27,353,23.881413,37.990088
27,354,23.881413,37.990119
27,355,23.881323,37.990028
27,356,23.881224,37.990059
27,357,23.881264,37.990069
27,358,23.881914,37.990581
27,359,23.881934,37.990581
27,360,23.882124,37.990699
27,361,23.882294,37.990249
27,362,23.882854,37.988239
27,363,23.882934,37.98796
27,364,23.882944,37.987949
27,365,23.884883,37.98677
27,366,23.889473,37.984198
27,367,23.894123,37.98104
27,368,23.898853,37.978
27,369,23.903204,37.974948
27,370,23.905005,37.972278
27,371,23.905485,37.970889
27,372,23.905585,37.969439
27,373,23.905834,37.968291
27,374,23.906685,37.968181
27,375,23.909026,37.968162
27,376,23.910724,37.968162
27,377,23.914484,37.967762
27,378,23.918823,37.966681
27,379,23.922203,37.965961
27,380,23.925233,37.96799
27,381,23.928374,37.97108
27,382,23.931614,37.973682
27,383,23.934025,37.977073
27,384,23.934845,37.981673
27,385,23.935175,37.985874
27,386,23.937815,37.989444
27,387,23.940035,37.992854
27,388,23.940636,37.995933
27,389,23.941776,37.999461
27,390,23.941527,38.001941
27,391,23.941507,38.001979
27,392,23.941458,38.002048
27,393,23.943499,38.002788
27,394,23.947979,38.004169
27,395,23.953249,38.005489
27,396,23.957918,38.006907
27,397,23.962568,38.007846
27,398,23.967628,38.009765
27,399,23.972599,38.011306
27,400,23.97638,38.014087
27,401,23.977689,38.015857
27,402,23.97739,38.016078
27,403,23.97723,38.016028
27,404,23.977239,38.015819
27,405,23.977259,38.015819
27,406,23.977548,38.016097
27,407,23.977508,38.016086
27,408,23.977749,38.016074
27,409,23.977389,38.015235
27,410,23.976438,38.014205
27,411,23.976248,38.014064
27,412,23.975977,38.013724
27,413,23.976307,38.014034
27,414,23.976646,38.014224
27,415,23.976627,38.014224
27,416,23.977528,38.015445
27,417,23.978628,38.017474
27,418,23.980118,38.018214
27,419,23.980287,38.017703
27,420,23.980358,38.017623
27,421,23.980528,38.017593
27,422,23.980728,38.017593
27,423,23.980728,38.017593
27,424,23.980747,38.01763
27,425,23.980747,38.01763
27,426,23.980417,38.017642
27,427,23.980347,38.017734
27,428,23.980247,38.018203
27,429,23.978557,38.017402
27,430,23.977389,38.01517
27,431,23.975588,38.0135
27,432,23.972137,38.011138
27,433,23.967978,38.00996
27,434,23.964188,38.008059
27,435,23.960158,38.008021
27,436,23.956288,38.0068
27,437,23.952198,38.0055
27,438,23.947517,38.004112
27,439,23.943228,38.002791
27,440,23.941476,38.002242
27,441,23.942106,38.000731
27,442,23.941036,37.997333
27,443,23.940055,37.993122
27,444,23.938046,37.989692
27,445,23.937845,37.989581
27,446,23.937845,37.989581
27,447,23.936495,37.988143
27,448,23.934706,37.984165
27,449,23.934656,37.979385
27,450,23.932806,37.974864
27,451,23.929006,37.971763
27,452,23.926256,37.968982
27,453,23.925576,37.96828
27,454,23.924785,37.967632
27,455,23.922445,37.96612
27,456,23.920885,37.966292
27,457,23.917285,37.967151
27,458,23.912697,37.968261
27,459,23.908097,37.968242
27,460,23.905907,37.969501
27,461,23.905737,37.969692
27,462,23.905207,37.972053
27,463,23.902857,37.975371
27,464,23.899366,37.97771
27,465,23.895246,37.980361
27,466,23.891207,37.983051
27,467,23.886177,37.986072
27,468,23.881697,37.988192
27,469,23.880966,37.989582
27,470,23.881206,37.989822
27,471,23.881216,37.989822
27,472,23.881256,37.990131
27,473,23.881336,37.990092
27,474,23.881456,37.990211
27,475,23.881965,37.990619
27,476,23.881846,37.990581
27,477,23.881886,37.990569
27,478,23.881346,37.990081
27,479,23.881326,37.99002
27,480,23.881296,37.99002
27,481,23.880337,37.989001
27,482,23.880296,37.98894
27,483,23.881287,37.988349
27,484,23.884568,37.98693
27,485,23.889377,37.984229
27,486,23.893898,37.981159
27,487,23.898828,37.978
27,488,23.903379,37.974769
27,489,23.90551,37.970977
27,490,23.905661,37.968696
27,491,23.90677,37.968185
27,492,23.909771,37.968184
27,493,23.91369,37.967933
27,494,23.918042,37.966873
27,495,23.921951,37.965942
27,496,23.924601,37.96754
27,497,23.92756,37.970302
27,498,23.930811,37.973033
27,499,23.93383,37.976363
27,500,23.934821,37.980773
27,501,23.93495,37.985171
27,502,23.937479,37.98915
27,503,23.93985,37.992389
27,504,23.94055,37.995719
27,505,23.94178,37.999511
27,506,23.941481,38.001979
27,507,23.941471,38.001998
27,508,23.942461,38.002448
27,509,23.946562,38.003768
27,510,23.952091,38.00542
27,511,23.956892,38.006801
27,512,23.961851,38.007991
27,513,23.966782,38.009291
27,514,23.971691,38.010963
27,515,23.975561,38.013473
27,516,23.978031,38.016654
27,517,23.980041,38.018165
27,518,23.980041,38.018177
27,519,23.980462,38.018577
27,520,23.981892,38.020778
27,521,23.982992,38.02375
27,522,23.982772,38.026142
27,523,23.982582,38.028781
27,524,23.984342,38.03194
27,525,23.986643,38.035011
27,526,23.989723,38.038082
27,527,23.989612,38.042029
27,528,23.988382,38.045871
27,529,23.987122,38.050342
27,530,23.984642,38.054081
27,531,23.982983,38.058471
27,532,23.981953,38.060961
27,533,23.981953,38.060981
27,534,23.981792,38.061339
27,535,23.981891,38.064441
27,536,23.982212,38.068621
27,537,23.982572,38.072642
27,538,23.982313,38.0763
27,539,23.980913,38.078921
27,540,23.979732,38.081073
27,541,23.979263,38.081985
27,542,23.979223,38.082076
27,543,23.979063,38.082336
27,544,23.978662,38.083057
27,545,23.977824,38.084606
27,546,23.976993,38.086204
27,547,23.975294,38.089633
27,548,23.973543,38.093573
27,549,23.971823,38.097892
27,550,23.970192,38.102443
27,551,23.969852,38.104003
27,552,23.969822,38.104782
27,553,23.969782,38.10763
27,554,23.969772,38.112059
27,555,23.969742,38.116359
27,556,23.969711,38.121207
27,557,23.96911,38.126086
27,558,23.968219,38.131267
27,559,23.967029,38.136428
27,560,23.966009,38.14154
27,561,23.965929,38.144359
27,562,23.97017,38.144477
27,563,23.975519,38.143748
27,564,23.981539,38.143737
27,565,23.987049,38.145057
27,566,23.991589,38.147647
27,567,23.995178,38.150088
27,568,23.997889,38.149337
27,569,24.002009,38.146636
27,570,24.006268,38.143855
27,571,24.010498,38.141093
27,572,24.014868,38.138404
27,573,24.016697,38.138575
27,574,24.015636,38.140105
27,575,24.014696,38.141277
27,576,24.014557,38.142615
27,577,24.014458,38.143985
27,578,24.014368,38.145255
27,579,24.014287,38.146895
27,580,24.014208,38.147876
27,581,24.014058,38.150116
27,582,24.013998,38.151664
27,583,24.013878,38.153575
27,584,24.013788,38.155365
27,585,24.013878,38.155173
27,586,24.013998,38.153366
27,587,24.014118,38.151557
27,588,24.014238,38.149997
27,589,24.014338,38.148177
27,590,24.014717,38.147708
27,591,24.016197,38.148799
27,592,24.017227,38.148998
27,593,24.017087,38.149008
27,594,24.016748,38.148837
27,595,24.01533,38.148277
27,596,24.014398,38.147445
27,597,24.014479,38.146174
27,598,24.014559,38.145065
27,599,24.014558,38.143917
27,600,24.014549,38.143905
27,601,24.014518,38.143516
27,602,24.014589,38.142455
27,603,24.014728,38.141246
27,604,24.015579,38.140475
27,605,24.01603,38.139014
27,606,24.016739,38.138225
27,607,24.014059,38.138786
27,608,24.009918,38.141494
27,609,24.005248,38.144554
27,610,24.00108,38.147292
27,611,23.996899,38.150001
27,612,23.995109,38.149921
27,613,23.991779,38.147689
27,614,23.988119,38.14551
27,615,23.98268,38.14373
27,616,23.97716,38.143619
27,617,23.972,38.144107
27,618,23.96719,38.144508
27,619,23.965549,38.143226
27,620,23.966329,38.139205
27,621,23.967599,38.134494
27,622,23.96859,38.129005
27,623,23.96957,38.123286
27,624,23.969709,38.117766
27,625,23.969728,38.113116
27,626,23.969759,38.107109
27,627,23.970418,38.101707
27,628,23.97213,38.096988
27,629,23.97365,38.093146
27,630,23.975269,38.089595
27,631,23.976209,38.087604
27,632,23.97714,38.085925
27,633,23.977551,38.085105
27,634,23.97768,38.084864
27,635,23.977881,38.084544
27,636,23.978201,38.083904
27,637,23.978401,38.083564
27,638,23.978962,38.082473
27,639,23.979202,38.082064
27,640,23.979933,38.080714
27,641,23.980573,38.079513
27,642,23.982204,38.076572
27,643,23.982475,38.072582
27,644,23.982146,38.06853
27,645,23.982006,38.066501
27,646,23.981907,38.064792
27,647,23.981728,38.061591
27,648,23.983427,38.05746
27,649,23.985677,38.052509
27,650,23.988058,38.047259
27,651,23.989178,38.043651
27,652,23.990337,38.039271
27,653,23.987707,38.035881
27,654,23.984528,38.03263
27,655,23.982388,38.028419
27,656,23.983087,38.023979
27,657,23.981417,38.019958
27,658,23.978477,38.017276
27,659,23.976227,38.013946
27,660,23.973026,38.011565
27,661,23.967936,38.009936
27,662,23.962865,38.007927
27,663,23.957775,38.006934
27,664,23.952795,38.005553
27,665,23.947704,38.004135
27,666,23.942804,38.002623
27,667,23.941623,38.002253
27,668,23.941614,38.002253
27,669,23.942145,38.000854
27,670,23.941134,37.997432
27,671,23.940113,37.993091
27,672,23.937553,37.989222
27,673,23.935052,37.985363
27,674,23.934883,37.980853
27,675,23.933862,37.976253
27,676,23.930604,37.972884
27,677,23.927352,37.970054
27,678,23.924534,37.967483
27,679,23.922314,37.966022
27,680,23.920504,37.966372
27,681,23.916153,37.967433
27,682,23.911102,37.968273
27,683,23.906702,37.968242
27,684,23.905762,37.969482
27,685,23.904942,37.972732
27,686,23.901942,37.976111
27,687,23.898371,37.978412
27,688,23.89452,37.98088
27,689,23.890859,37.983348
27,690,23.886601,37.985919
27,691,23.883081,37.98775
27,692,23.880341,37.988952
27,693,23.879871,37.989211
27,694,23.879862,37.989223
27,695,23.879732,37.989261
27,696,23.877022,37.990982
27,697,23.873571,37.993812
27,698,23.870001,37.996112
27,699,23.86602,37.998264
27,700,23.86221,37.999934
27,701,23.85858,38.002135
27,702,23.858019,38.001735
27,703,23.858488,37.999527
27,704,23.857668,37.997825
27,705,23.855718,37.997855
27,706,23.852789,37.998107
27,707,23.852739,37.998847
27,708,23.852129,37.999266
27,709,23.850698,37.998275
27,710,23.849369,37.997546
27,711,23.84784,37.996966
27,712,23.846389,37.996677
27,713,23.844709,37.997256
27,714,23.843991,37.998317
27,715,23.843571,37.999126
27,716,23.84337,37.998687
27,717,23.8435,37.998095
27,718,23.843509,37.998066
