270,1,23.858158,38.011977
270,2,23.857418,38.010539
270,3,23.858109,38.00896
270,4,23.858089,38.008681
270,5,23.858058,38.008662
270,6,23.857509,38.008094
270,7,23.857469,38.008033
270,8,23.85747,38.008003
270,9,23.85811,38.007594
270,10,23.860211,38.007244
270,11,23.86189,38.006855
270,12,23.86223,38.005282
270,13,23.86162,38.003452
270,14,23.86183,38.001441
270,15,23.86216,37.999911
270,16,23.86479,37.998832
270,17,23.86867,37.996703
270,18,23.872909,37.994624
270,19,23.87623,37.991416
270,20,23.880149,37.988956
270,21,23.881219,37.989886
270,22,23.88141,37.990107
270,23,23.881311,37.990177
270,24,23.881422,37.990157
270,25,23.881403,37.989986
270,26,23.881403,37.989974
270,27,23.881394,37.989914
270,28,23.881283,37.989982
270,29,23.881402,37.990142
270,30,23.881422,37.990142
270,31,23.881462,37.990211
270,32,23.882162,37.990691
270,33,23.881961,37.991721
270,34,23.881413,37.993721
270,35,23.880663,37.996421
270,36,23.880194,37.999412
270,37,23.880663,38.002094
270,38,23.881783,38.002364
270,39,23.883922,38.002056
270,40,23.884881,38.001914
270,41,23.884481,38.003104
270,42,23.884451,38.003405
270,43,23.883831,38.003443
270,44,23.88142,38.003746
270,45,23.88036,38.003795
270,46,23.877529,38.003826
270,47,23.874199,38.004566
270,48,23.870199,38.005504
270,49,23.865348,38.006355
270,50,23.860369,38.007335
270,51,23.858698,38.007575
270,52,23.856808,38.008087
270,53,23.853517,38.008998
270,54,23.849358,38.0097
270,55,23.846058,38.010242
270,56,23.843227,38.010593
270,57,23.839446,38.011241
270,58,23.835497,38.012882
270,59,23.833727,38.013263
270,60,23.831797,38.013682
270,61,23.829807,38.013984
270,62,23.825308,38.013903
270,63,23.821197,38.013705
270,64,23.817857,38.013015
270,65,23.816107,38.012504
270,66,23.813127,38.011814
270,67,23.808607,38.010543
270,68,23.806306,38.009433
270,69,23.802766,38.007972
270,70,23.797886,38.006541
270,71,23.795726,38.005741
270,72,23.794357,38.00476
270,73,23.792247,38.003291
270,74,23.791208,38.004203
270,75,23.788719,38.006461
270,76,23.787409,38.007572
270,77,23.78698,38.007904
270,78,23.784799,38.009154
270,79,23.783248,38.009716
270,80,23.78312,38.009765
270,81,23.78052,38.009884
270,82,23.780341,38.009994
270,83,23.78016,38.010074
270,84,23.77894,38.008952
270,85,23.77676,38.006671
270,86,23.775699,38.005371
270,87,23.775299,38.004821
270,88,23.77372,38.002719
270,89,23.770639,37.99953
270,90,23.767799,37.995349
270,91,23.766088,37.99187
270,92,23.764038,37.989249
270,93,23.761857,37.987308
270,94,23.761617,37.987247
270,95,23.761538,37.987216
270,96,23.761387,37.987277
270,97,23.761317,37.987289
270,98,23.761186,37.98743
270,99,23.761306,37.987319
270,100,23.761317,37.987281
270,101,23.761427,37.986873
270,102,23.762417,37.986251
270,103,23.762426,37.986239
270,104,23.764388,37.985961
270,105,23.766097,37.98688
270,106,23.768218,37.988769
270,107,23.770918,37.990638
270,108,23.774828,37.992457
270,109,23.778168,37.994678
270,110,23.780647,37.996158
270,111,23.782766,37.997627
270,112,23.785936,38.000057
270,113,23.790565,38.002048
270,114,23.792705,38.003269
270,115,23.792976,38.003459
270,116,23.795566,38.005409
270,117,23.800426,38.00698
270,118,23.804657,38.008441
270,119,23.807796,38.009921
270,120,23.812216,38.011371
270,121,23.816116,38.012271
270,122,23.819296,38.01316
270,123,23.821406,38.013518
270,124,23.822086,38.013557
270,125,23.826067,38.013755
270,126,23.830667,38.013717
270,127,23.831678,38.013519
270,128,23.833898,38.013057
270,129,23.835478,38.012725
270,130,23.836538,38.012405
270,131,23.837598,38.011936
270,132,23.838329,38.011584
270,133,23.83906,38.011234
270,134,23.83944,38.011122
270,135,23.8401,38.010932
270,136,23.84181,38.010711
270,137,23.84539,38.01031
270,138,23.850059,38.00949
270,139,23.854969,38.008522
270,140,23.855139,38.006782
270,141,23.855768,38.005271
270,142,23.856187,38.003681
270,143,23.856869,38.002822
270,144,23.856949,38.002792
270,145,23.857039,38.002731
270,146,23.857057,38.002712
270,147,23.857218,38.0027
270,148,23.857218,38.0027
270,149,23.857518,38.002601
270,150,23.858898,38.001872
270,151,23.862508,37.999732
270,152,23.866517,37.997924
270,153,23.871177,37.995685
270,154,23.873798,37.993175
270,155,23.876817,37.991016
270,156,23.879818,37.989116
270,157,23.881148,37.989787
270,158,23.881388,37.990119
270,159,23.881428,37.990051
270,160,23.881338,37.990051
270,161,23.881249,37.990013
270,162,23.88115,37.990093
270,163,23.881019,37.989871
270,164,23.88014,37.989062
270,165,23.8801,37.989051
270,166,23.87895,37.989692
270,167,23.876779,37.991111
270,168,23.87459,37.992259
270,169,23.87303,37.990268
270,170,23.870899,37.990058
270,171,23.870459,37.991206
270,172,23.872189,37.993186
270,173,23.870258,37.995654
270,174,23.867979,37.997184
270,175,23.864439,37.999065
270,176,23.860519,38.000815
270,177,23.85791,38.003047
270,178,23.858141,38.006007
270,179,23.858511,38.007228
270,180,23.858511,38.007228
270,181,23.85836,38.007617
270,182,23.85696,38.007999
270,183,23.856371,38.008621
270,184,23.85721,38.009669
270,185,23.85536,38.010871
270,186,23.85369,38.013961
270,187,23.852029,38.017643
270,188,23.850599,38.020713
270,189,23.84881,38.020553
270,190,23.84807,38.020762
270,191,23.847209,38.021305
270,192,23.848391,38.023086
270,193,23.84968,38.025417
270,194,23.85018,38.026156
270,195,23.84792,38.027015
270,196,23.84469,38.028846
270,197,23.84357,38.027736
270,198,23.84217,38.027565
270,199,23.83947,38.028735
270,200,23.83749,38.029624
270,201,23.836389,38.028556
270,202,23.835149,38.027176
270,203,23.833281,38.028155
270,204,23.831621,38.029025
270,205,23.829641,38.030204
270,206,23.827862,38.031524
270,207,23.825551,38.033195
270,208,23.823702,38.034576
270,209,23.823181,38.034354
270,210,23.822522,38.033614
270,211,23.822361,38.033625
270,212,23.821981,38.033355
270,213,23.821972,38.033317
270,214,23.822163,38.033107
270,215,23.822012,38.033118
270,216,23.821953,38.03318
270,217,23.821944,38.03318
270,218,23.822054,38.033419
270,219,23.822893,38.033168
270,220,23.823642,38.032458
270,221,23.823883,38.03194
270,222,23.824913,38.031028
270,223,23.826053,38.03001
270,224,23.826954,38.029361
270,225,23.827604,38.028529
270,226,23.828564,38.027591
270,227,23.829303,38.027022
270,228,23.829843,38.026561
270,229,23.830173,38.02624
270,230,23.831043,38.025711
270,231,23.832054,38.02526
270,232,23.832365,38.025439
270,233,23.832365,38.02555
270,234,23.831805,38.025851
270,235,23.830954,38.026313
270,236,23.829283,38.027392
270,237,23.828761,38.027732
270,238,23.830973,38.026294
270,239,23.831543,38.025974
270,240,23.832484,38.025325
270,241,23.833164,38.024814
270,242,23.834124,38.026095
270,243,23.836103,38.028094
270,244,23.837824,38.027873
270,245,23.841254,38.026363
270,246,23.842934,38.026535
270,247,23.845744,38.025394
270,248,23.848583,38.024993
270,249,23.848824,38.024192
270,250,23.847424,38.021731
270,251,23.847244,38.020941
270,252,23.849455,38.020591
270,253,23.851126,38.01937
270,254,23.852736,38.015792
270,255,23.854536,38.011802
270,256,23.856947,38.00981
270,257,23.857526,38.00922
270,258,23.857807,38.00904
270,259,23.857887,38.008979
270,260,23.858118,38.008818
270,261,23.858118,38.008769
270,262,23.858058,38.008678
270,263,23.857779,38.008357
270,264,23.857768,38.008357
270,265,23.857529,38.008037
270,266,23.85747,38.007976
270,267,23.85745,38.007976
270,268,23.85726,38.007266
270,269,23.855219,38.007267
270,270,23.855769,38.005817
270,271,23.856277,38.004405
270,272,23.857227,38.002735
270,273,23.860797,38.000525
270,274,23.865188,37.998607
270,275,23.869179,37.996337
270,276,23.871019,37.995708
270,277,23.874118,37.992816
270,278,23.878849,37.989665
270,279,23.880989,37.989684
270,280,23.881309,37.990023
270,281,23.88134,37.990054
270,282,23.881571,37.990253
270,283,23.881891,37.990532
270,284,23.881852,37.990592
270,285,23.881562,37.990333
270,286,23.881361,37.990215
270,287,23.881351,37.990215
270,288,23.880962,37.989715
270,289,23.879951,37.989146
270,290,23.878142,37.990226
270,291,23.875461,37.992007
270,292,23.87387,37.991328
270,293,23.871962,37.98989
270,294,23.869762,37.990829
270,295,23.871443,37.992488
270,296,23.870582,37.994807
270,297,23.870182,37.995799
270,298,23.870192,37.995799
270,299,23.870192,37.99599
270,300,23.867872,37.997219
270,301,23.864422,37.999069
270,302,23.860362,38.0009
270,303,23.8579,38.002509
270,304,23.857881,38.004951
270,305,23.858443,38.007182
270,306,23.858443,38.007182
270,307,23.858473,38.007613
270,308,23.857453,38.007873
270,309,23.856163,38.008575
270,310,23.857143,38.009585
270,311,23.856324,38.010287
270,312,23.854483,38.012149
270,313,23.853101,38.015209
270,314,23.851542,38.01855
270,315,23.849871,38.020739
270,316,23.848051,38.02077
270,317,23.847712,38.020881
270,318,23.847151,38.021052
270,319,23.847151,38.021373
270,320,23.847922,38.022365
270,321,23.848001,38.022494
270,322,23.848221,38.022895
270,323,23.84828,38.023013
270,324,23.84858,38.023581
270,325,23.84865,38.023723
270,326,23.84895,38.024272
270,327,23.849088,38.024551
270,328,23.849598,38.025321
270,329,23.849967,38.025889
270,330,23.848269,38.0269
270,331,23.844889,38.02872
270,332,23.843659,38.027931
270,333,23.842079,38.027599
270,334,23.838939,38.028961
270,335,23.837611,38.029559
270,336,23.8369,38.029361
270,337,23.835461,38.0274
270,338,23.83374,38.02555
270,339,23.8328,38.025061
270,340,23.832149,38.025672
270,341,23.8307,38.026492
270,342,23.82873,38.027713
270,343,23.823009,38.032592
270,344,23.82296,38.032844
270,345,23.823219,38.032573
270,346,23.831098,38.026214
270,347,23.831388,38.026042
270,348,23.831388,38.026042
270,349,23.832049,38.025734
270,350,23.832909,38.024814
270,351,23.833729,38.025535
270,352,23.835239,38.027175
270,353,23.836689,38.028446
270,354,23.8391,38.027453
270,355,23.84189,38.026172
270,356,23.84321,38.026424
270,357,23.84695,38.025313
270,358,23.847841,38.024562
270,359,23.848572,38.023711
270,360,23.847101,38.0214
270,361,23.848741,38.020579
270,362,23.850891,38.01995
270,363,23.853031,38.015239
270,364,23.855341,38.01092
270,365,23.857102,38.00965
270,366,23.858152,38.008873
270,367,23.857742,38.008441
270,368,23.857723,38.008441
270,369,23.857423,38.008243
270,370,23.857353,38.008094
270,371,23.857353,38.008063
270,372,23.858013,38.007694
270,373,23.859172,38.007472
270,374,23.863193,38.006843
270,375,23.867304,38.005831
270,376,23.867193,38.002781
270,377,23.866164,38.00024
270,378,23.865312,37.99876
270,379,23.865272,37.998649
270,380,23.868063,37.99713
270,381,23.873052,37.994422
270,382,23.876222,37.991423
270,383,23.879214,37.989482
270,384,23.880924,37.989662
270,385,23.881303,37.990032
270,386,23.881745,37.990463
270,387,23.881763,37.990463
270,388,23.881664,37.990383
270,389,23.881294,37.990062
270,390,23.881304,37.989982
270,391,23.881313,37.989741
270,392,23.881194,37.989681
270,393,23.880623,37.989219
270,394,23.879704,37.989257
270,395,23.877483,37.990668
270,396,23.875004,37.99234
270,397,23.874414,37.991908
270,398,23.872675,37.989757
270,399,23.870026,37.990459
270,400,23.870377,37.991187
270,401,23.872076,37.993007
270,402,23.870226,37.995426
270,403,23.870176,37.996048
270,404,23.867687,37.997348
270,405,23.865287,37.998649
270,406,23.863037,37.999629
270,407,23.859608,38.001491
270,408,23.857958,38.002891
270,409,23.857988,38.005301
270,410,23.858228,38.006293
270,411,23.858229,38.006324
270,412,23.858349,38.006694
270,413,23.858358,38.006705
270,414,23.858398,38.006847
270,415,23.858488,38.007098
270,416,23.858488,38.007098
270,417,23.858568,38.007399
270,418,23.857849,38.007678
270,419,23.856048,38.00838
270,420,23.856968,38.009299
270,421,23.855768,38.010569
270,422,23.853948,38.013259
270,423,23.852268,38.017028
270,424,23.850588,38.020686
270,425,23.848608,38.020594
270,426,23.847017,38.021064
270,427,23.846258,38.021125
270,428,23.843038,38.021457
270,429,23.839369,38.021656
270,430,23.836879,38.020824
270,431,23.83654,38.021182
270,432,23.83592,38.021884
270,433,23.835881,38.022033
270,434,23.836201,38.022514
270,435,23.836021,38.022285
270,436,23.835901,38.021995
270,437,23.836081,38.021644
270,438,23.836022,38.021736
270,439,23.83591,38.022105
270,440,23.836182,38.022514
270,441,23.836561,38.023002
270,442,23.83666,38.023143
270,443,23.83666,38.023143
270,444,23.836691,38.023154
270,445,23.83683,38.023303
270,446,23.836849,38.023292
270,447,23.83675,38.023162
270,448,23.835859,38.021972
270,449,23.836039,38.02172
270,450,23.836039,38.02172
270,451,23.836319,38.021499
270,452,23.837539,38.021048
270,453,23.84037,38.021648
270,454,23.843371,38.021468
270,455,23.846019,38.021136
270,456,23.847879,38.020797
270,457,23.85034,38.020766
270,458,23.852011,38.017558
270,459,23.85424,38.01258
270,460,23.857121,38.009761
270,461,23.85791,38.008551
270,462,23.85759,38.008181
270,463,23.8575,38.007774
270,464,23.858919,38.007495
270,465,23.863459,38.006736
270,466,23.867338,38.005667
270,467,23.867258,38.002856
270,468,23.866228,38.000286
270,469,23.865547,37.998477
270,470,23.869127,37.996437
270,471,23.871446,37.995627
270,472,23.874376,37.992667
270,473,23.878496,37.989948
270,474,23.880645,37.989379
270,475,23.881326,37.9901
270,476,23.881326,37.990112
270,477,23.881296,37.99018
270,478,23.881306,37.990199
270,479,23.881356,37.99023
270,480,23.881325,37.99023
270,481,23.881275,37.990081
270,482,23.881244,37.990112
270,483,23.881356,37.990222
270,484,23.881356,37.990234
270,485,23.881635,37.990394
270,486,23.881886,37.990585
270,487,23.882126,37.991207
270,488,23.881626,37.993007
270,489,23.880856,37.995788
270,490,23.880187,37.998996
270,491,23.880655,38.002048
270,492,23.881454,38.002559
270,493,23.883795,38.0023
270,494,23.884834,38.00209
270,495,23.884553,38.003268
270,496,23.884073,38.003539
270,497,23.881434,38.00383
270,498,23.878643,38.003867
270,499,23.876524,38.003947
270,500,23.874535,38.004466
270,501,23.872644,38.005096
270,502,23.871944,38.005256
270,503,23.871905,38.005767
270,504,23.871934,38.007709
270,505,23.870985,38.010188
270,506,23.871475,38.01329
270,507,23.871934,38.016208
270,508,23.872194,38.017669
270,509,23.868675,38.01807
270,510,23.867294,38.016521
270,511,23.865314,38.017581
270,512,23.863165,38.019092
270,513,23.860574,38.02032
270,514,23.859995,38.020098
270,515,23.859955,38.02011
270,516,23.860266,38.020011
270,517,23.859396,38.02043
270,518,23.857136,38.020893
270,519,23.854635,38.021251
270,520,23.852895,38.021491
270,521,23.852295,38.021572
270,522,23.851205,38.021732
270,523,23.850986,38.021892
270,524,23.851937,38.021751
270,525,23.852177,38.02172
270,526,23.851877,38.021739
270,527,23.851827,38.021769
270,528,23.851787,38.021758
270,529,23.851867,38.021747
270,530,23.851827,38.021747
270,531,23.851827,38.021747
270,532,23.851917,38.021747
270,533,23.851867,38.021747
270,534,23.851886,38.021747
270,535,23.851897,38.021747
270,536,23.851856,38.021759
270,537,23.851336,38.021838
270,538,23.850505,38.021899
270,539,23.850496,38.02193
270,540,23.850995,38.0218
270,541,23.852377,38.021579
270,542,23.850746,38.021541
270,543,23.850666,38.02061
270,544,23.852177,38.017269
270,545,23.854308,38.012538
270,546,23.857167,38.009776
270,547,23.857816,38.008414
270,548,23.857437,38.007846
270,549,23.859347,38.007445
270,550,23.862846,38.006896
270,551,23.866846,38.006088
270,552,23.872677,38.005046
270,553,23.873408,38.004855
270,554,23.873648,38.004775
270,555,23.874618,38.004455
270,556,23.875167,38.004275
270,557,23.877869,38.003867
270,558,23.878288,38.003856
270,559,23.879518,38.003826
270,560,23.880758,38.003417
270,561,23.880468,38.000419
270,562,23.880799,37.995868
270,563,23.882078,37.991267
270,564,23.881477,37.990275
270,565,23.881157,37.990394
270,566,23.881117,37.990432
270,567,23.881237,37.990351
270,568,23.881348,37.990192
270,569,23.881447,37.99018
270,570,23.881256,37.989989
270,571,23.881247,37.990039
270,572,23.881256,37.990039
270,573,23.881346,37.990051
270,574,23.881356,37.9901
270,575,23.881356,37.990112
270,576,23.881475,37.990191
270,577,23.882205,37.990821
270,578,23.881725,37.99253
270,579,23.880905,37.995509
270,580,23.880175,37.99908
270,581,23.880754,38.002441
270,582,23.879514,38.001911
270,583,23.879614,38.002799
270,584,23.879644,38.003501
270,585,23.878395,38.00365
270,586,23.876365,38.003849
270,587,23.873285,38.004798
270,588,23.872024,38.005168
270,589,23.871364,38.005317
270,590,23.868404,38.005859
270,591,23.867714,38.006
270,592,23.865623,38.006332
270,593,23.861824,38.007171
270,594,23.858034,38.007701
270,595,23.856184,38.008342
270,596,23.857054,38.009532
270,597,23.855333,38.011012
270,598,23.853413,38.014583
270,599,23.851294,38.019172
270,600,23.849122,38.020683
270,601,23.847323,38.021083
270,602,23.847353,38.021705
270,603,23.848703,38.023937
270,604,23.849783,38.025768
270,605,23.849003,38.02676
270,606,23.845213,38.02864
270,607,23.843723,38.028121
270,608,23.842123,38.027683
270,609,23.838462,38.029292
270,610,23.837393,38.029762
270,611,23.837393,38.029762
270,612,23.836393,38.028712
270,613,23.834404,38.026492
270,614,23.832794,38.025104
270,615,23.831665,38.026034
270,616,23.829994,38.027015
270,617,23.828684,38.027904
270,618,23.823025,38.032672
270,619,23.823145,38.032783
270,620,23.823255,38.032703
270,621,23.823246,38.032691
270,622,23.823166,38.032771
270,623,23.823184,38.032783
270,624,23.830305,38.026702
270,625,23.831686,38.025924
270,626,23.832516,38.025356
270,627,23.832926,38.024867
270,628,23.833835,38.025787
270,629,23.835976,38.027995
270,630,23.837246,38.028193
270,631,23.840126,38.027015
270,632,23.842537,38.026313
270,633,23.844326,38.025874
270,634,23.848236,38.025203
270,635,23.849116,38.024982
270,636,23.848285,38.02325
270,637,23.846257,38.02037
270,638,23.844637,38.017001
270,639,23.843527,38.013343
270,640,23.843477,38.012202
270,641,23.843647,38.011081
270,642,23.843656,38.01107
270,643,23.843656,38.010909
270,644,23.846536,38.010219
270,645,23.852106,38.009281
270,646,23.854856,38.00817
270,647,23.854977,38.006369
270,648,23.856077,38.005389
270,649,23.856077,38.003581
270,650,23.858476,38.002201
270,651,23.862187,37.999961
270,652,23.865918,37.99834
270,653,23.870067,37.996089
270,654,23.873678,37.993369
270,655,23.87823,37.99018
270,656,23.880489,37.989379
270,657,23.88109,37.99047
270,658,23.88117,37.99078
270,659,23.88117,37.990749
270,660,23.88086,37.990478
270,661,23.881119,37.990058
270,662,23.881218,37.990158
270,663,23.881948,37.990527
270,664,23.882168,37.991359
270,665,23.881558,37.993518
270,666,23.880688,37.996619
270,667,23.880268,37.99979
270,668,23.880789,38.002551
270,669,23.882288,38.002471
270,670,23.884499,38.001872
270,671,23.884758,38.002414
270,672,23.884478,38.003535
270,673,23.884478,38.003535
270,674,23.884108,38.003536
270,675,23.883287,38.003585
270,676,23.882507,38.003745
270,677,23.882088,38.003776
270,678,23.881218,38.003787
270,679,23.880157,38.003807
270,680,23.877417,38.003806
270,681,23.874237,38.004566
270,682,23.871887,38.005465
270,683,23.872107,38.007514
270,684,23.870987,38.010104
270,685,23.871477,38.013225
270,686,23.871937,38.016155
270,687,23.872227,38.017592
270,688,23.869156,38.017982
270,689,23.867605,38.016921
270,690,23.866015,38.01694
270,691,23.864535,38.018222
270,692,23.862354,38.019523
270,693,23.860404,38.020282
270,694,23.858844,38.020633
270,695,23.855905,38.021114
270,696,23.853435,38.021434
270,697,23.852306,38.021575
270,698,23.851026,38.021766
270,699,23.850437,38.021865
270,700,23.850598,38.021846
270,701,23.851557,38.021796
270,702,23.852087,38.021686
270,703,23.852096,38.021686
270,704,23.852266,38.021717
270,705,23.852257,38.021705
270,706,23.852416,38.021693
270,707,23.852327,38.021705
270,708,23.851387,38.021835
270,709,23.849757,38.021964
270,710,23.848597,38.022075
270,711,23.847696,38.022186
270,712,23.847557,38.022216
270,713,23.846577,38.022346
270,714,23.845697,38.022494
270,715,23.845728,38.022513
270,716,23.845589,38.022514
270,717,23.845589,38.022525
270,718,23.845459,38.022563
270,719,23.845409,38.022613
270,720,23.84642,38.022453
270,721,23.848141,38.022151
270,722,23.84918,38.022121
270,723,23.850349,38.021899
270,724,23.85173,38.02169
270,725,23.851749,38.02156
270,726,23.850569,38.021441
270,727,23.850627,38.020713
270,728,23.851608,38.018554
270,729,23.853199,38.015033
270,730,23.855279,38.011832
270,731,23.857999,38.011993
270,732,23.85935,38.011832
270,733,23.85936,38.011753
