271,1,23.859306,38.01184
271,2,23.859306,38.01184
271,3,23.858946,38.011889
271,4,23.858345,38.011958
271,5,23.857475,38.010898
271,6,23.857815,38.009139
271,7,23.857815,38.008449
271,8,23.857775,38.008388
271,9,23.857774,38.008349
271,10,23.857455,38.007998
271,11,23.857444,38.007988
271,12,23.857454,38.007796
271,13,23.858954,38.007495
271,14,23.861614,38.007045
271,15,23.864844,38.006397
271,16,23.867384,38.005565
271,17,23.867483,38.003387
271,18,23.866613,38.001209
271,19,23.865883,37.999488
271,20,23.865343,37.998637
271,21,23.865324,37.998607
271,22,23.867064,37.997615
271,23,23.871193,37.995673
271,24,23.874523,37.992564
271,25,23.878613,37.989856
271,26,23.880602,37.989277
271,27,23.881351,37.990028
271,28,23.881351,37.990199
271,29,23.881462,37.990131
271,30,23.881813,37.990451
271,31,23.881813,37.990451
271,32,23.881973,37.990551
271,33,23.881914,37.99055
271,34,23.881954,37.99055
271,35,23.881994,37.990409
271,36,23.881393,37.990107
271,37,23.881393,37.990097
271,38,23.881273,37.989917
271,39,23.880934,37.989547
271,40,23.880903,37.989535
271,41,23.880284,37.989036
271,42,23.879383,37.989486
271,43,23.877833,37.990455
271,44,23.875832,37.991774
271,45,23.874672,37.992324
271,46,23.873522,37.990813
271,47,23.872051,37.989833
271,48,23.869871,37.990745
271,49,23.87067,37.991466
271,50,23.87224,37.993296
271,51,23.870239,37.995498
271,52,23.870229,37.996009
271,53,23.867911,37.99721
271,54,23.864941,37.99882
271,55,23.86202,38
271,56,23.85878,38.002009
271,57,23.857839,38.004168
271,58,23.858389,38.006789
271,59,23.858539,38.00724
271,60,23.858539,38.007228
271,61,23.858589,38.007319
271,62,23.859588,38.007301
271,63,23.86044,38.007209
271,64,23.860659,38.00743
271,65,23.860908,38.008899
271,66,23.861229,38.010737
271,67,23.860699,38.012409
271,68,23.860359,38.013419
271,69,23.86034,38.0154
271,70,23.86045,38.01836
271,71,23.860431,38.019508
271,72,23.860351,38.019588
271,73,23.860321,38.020107
271,74,23.860191,38.020594
271,75,23.860173,38.021136
271,76,23.860012,38.021838
271,77,23.859942,38.02222
271,78,23.859732,38.022979
271,79,23.859611,38.023029
271,80,23.859531,38.023658
271,81,23.859482,38.023757
271,82,23.858841,38.024028
271,83,23.85573,38.024719
271,84,23.8545,38.024779
271,85,23.85387,38.025008
271,86,23.853691,38.025088
271,87,23.853062,38.025309
271,88,23.852561,38.025482
271,89,23.852522,38.025802
271,90,23.852941,38.026401
271,91,23.85337,38.027271
271,92,23.85412,38.028472
271,93,23.85396,38.029243
271,94,23.853331,38.029255
271,95,23.851551,38.027762
271,96,23.850262,38.026313
271,97,23.850141,38.026264
271,98,23.848202,38.026905
271,99,23.844952,38.028674
271,100,23.843842,38.028163
271,101,23.842541,38.027393
271,102,23.839571,38.028644
271,103,23.837662,38.029503
271,104,23.837232,38.029674
271,105,23.836872,38.029224
271,106,23.835931,38.027915
271,107,23.835692,38.027637
271,108,23.834701,38.026618
271,109,23.834042,38.026008
271,110,23.833222,38.024997
271,111,23.832601,38.025378
271,112,23.831711,38.025977
271,113,23.830721,38.026508
271,114,23.829121,38.027537
271,115,23.828821,38.027759
271,116,23.823171,38.03266
271,117,23.822851,38.032772
271,118,23.822881,38.032741
271,119,23.822981,38.03252
271,120,23.82302,38.032329
271,121,23.822201,38.033019
271,122,23.820391,38.034617
271,123,23.82015,38.034767
271,124,23.8202,38.034648
271,125,23.82059,38.034316
271,126,23.820719,38.034206
271,127,23.820709,38.034217
271,128,23.820169,38.034778
271,129,23.82016,38.034777
271,130,23.820141,38.034777
271,131,23.82016,38.034896
271,132,23.820219,38.034896
271,133,23.820228,38.034896
271,134,23.819788,38.035056
271,135,23.819819,38.035056
271,136,23.819819,38.035056
271,137,23.819699,38.035174
271,138,23.819538,38.035316
271,139,23.819528,38.035315
271,140,23.819208,38.035724
271,141,23.819127,38.035774
271,142,23.817727,38.036933
271,143,23.814838,38.038444
271,144,23.813537,38.038852
271,145,23.813787,38.038753
271,146,23.814007,38.038703
271,147,23.814608,38.038482
271,148,23.814678,38.038471
271,149,23.814678,38.038471
271,150,23.814759,38.03844
271,151,23.816707,38.03754
271,152,23.819118,38.03577
271,153,23.820889,38.03413
271,154,23.822788,38.032409
271,155,23.823048,38.032188
271,156,23.823288,38.032546
271,157,23.823307,38.032527
271,158,23.829917,38.026965
271,159,23.831468,38.026035
271,160,23.832508,38.025504
271,161,23.832977,38.024783
271,162,23.834226,38.026195
271,163,23.834957,38.026844
271,164,23.836046,38.027965
271,165,23.836885,38.028315
271,166,23.839084,38.027446
271,167,23.841854,38.026156
271,168,23.843084,38.026477
271,169,23.846005,38.025386
271,170,23.847944,38.025146
271,171,23.848044,38.024947
271,172,23.847633,38.023978
271,173,23.848243,38.023818
271,174,23.848185,38.022888
271,175,23.848055,38.022666
271,176,23.847284,38.021598
271,177,23.846944,38.021159
271,178,23.848145,38.020752
271,179,23.850534,38.020751
271,180,23.851844,38.017779
271,181,23.853674,38.013629
271,182,23.855534,38.010669
271,183,23.855144,38.008659
271,184,23.854793,38.00785
271,185,23.854923,38.006369
271,186,23.855653,38.005409
271,187,23.856224,38.00439
271,188,23.856594,38.003058
271,189,23.859943,38.001128
271,190,23.863644,37.999328
271,191,23.867483,37.997386
271,192,23.870184,37.995948
271,193,23.872833,37.994659
271,194,23.876204,37.991409
271,195,23.880213,37.988979
271,196,23.881332,37.990127
271,197,23.881342,37.990058
271,198,23.881351,37.990058
271,199,23.881391,37.990199
271,200,23.881762,37.990478
271,201,23.881771,37.990489
271,202,23.881852,37.990527
271,203,23.881852,37.990588
271,204,23.881651,37.990409
271,205,23.881262,37.99018
271,206,23.881243,37.990131
271,207,23.880833,37.9896
271,208,23.880213,37.989009
271,209,23.881783,37.988139
271,210,23.885803,37.986278
271,211,23.891103,37.983077
271,212,23.895784,37.979976
271,213,23.900824,37.976726
271,214,23.904664,37.972987
271,215,23.905582,37.969707
271,216,23.905903,37.967898
271,217,23.906263,37.966067
271,218,23.906523,37.965117
271,219,23.906032,37.964107
271,220,23.902282,37.963127
271,221,23.900414,37.962547
271,222,23.900363,37.961085
271,223,23.900484,37.959315
271,224,23.900305,37.957003
271,225,23.900166,37.954783
271,226,23.898997,37.953273
271,227,23.897946,37.951072
271,228,23.896394,37.94773
271,229,23.894085,37.943111
271,230,23.891966,37.938521
271,231,23.890186,37.934653
271,232,23.888327,37.932933
271,233,23.886566,37.933623
271,234,23.884395,37.935115
271,235,23.883106,37.933265
271,236,23.882496,37.932247
271,237,23.882796,37.931815
271,238,23.884695,37.930034
271,239,23.884606,37.926883
271,240,23.884636,37.922923
271,241,23.890335,37.920963
271,242,23.893225,37.916122
271,243,23.894804,37.911212
271,244,23.894214,37.905902
271,245,23.894695,37.903743
271,246,23.894655,37.903362
271,247,23.892815,37.901653
271,248,23.889025,37.899722
271,249,23.885284,37.898791
271,250,23.884985,37.898731
271,251,23.884215,37.89698
271,252,23.883284,37.89371
271,253,23.883113,37.892878
271,254,23.882963,37.892219
271,255,23.881582,37.891048
271,256,23.881052,37.888339
271,257,23.879542,37.88676
271,258,23.877821,37.885249
271,259,23.875061,37.882831
271,260,23.87158,37.880371
271,261,23.868219,37.877521
271,262,23.8655,37.875789
271,263,23.86258,37.87413
271,264,23.859179,37.872161
271,265,23.858608,37.871741
271,266,23.856789,37.870452
271,267,23.853668,37.868152
271,268,23.850279,37.86505
271,269,23.846548,37.861919
271,270,23.842379,37.859359
271,271,23.837589,37.857707
271,272,23.83255,37.855998
271,273,23.830061,37.85213
271,274,23.828272,37.848659
271,275,23.824702,37.846698
271,276,23.823462,37.846137
271,277,23.823341,37.846077
271,278,23.822271,37.845546
271,279,23.821732,37.845268
271,280,23.820801,37.844669
271,281,23.820591,37.84452
271,282,23.82032,37.844348
271,283,23.819099,37.843509
271,284,23.819059,37.843479
271,285,23.817718,37.842517
271,286,23.816318,37.841628
271,287,23.814389,37.840487
271,288,23.812408,37.839317
271,289,23.809728,37.837645
271,290,23.807807,37.836444
271,291,23.807457,37.836223
271,292,23.806557,37.835662
271,293,23.806406,37.835571
271,294,23.805706,37.835121
271,295,23.804606,37.83443
271,296,23.803915,37.833999
271,297,23.802315,37.83348
271,298,23.802795,37.832839
271,299,23.802484,37.831298
271,300,23.802025,37.829627
271,301,23.801085,37.827739
271,302,23.800624,37.82529
271,303,23.800195,37.823008
271,304,23.799436,37.822238
271,305,23.797426,37.822227
271,306,23.795576,37.822238
271,307,23.794235,37.822249
271,308,23.793634,37.822261
271,309,23.793483,37.822562
271,310,23.793582,37.822563
271,311,23.793582,37.822563
271,312,23.793423,37.822673
271,313,23.793442,37.823154
271,314,23.793411,37.822532
271,315,23.793411,37.822532
271,316,23.794031,37.822311
271,317,23.79549,37.82228
271,318,23.79713,37.82228
271,319,23.799092,37.82228
271,320,23.799942,37.822459
271,321,23.800571,37.824279
271,322,23.800762,37.826988
271,323,23.801733,37.829146
271,324,23.802133,37.830429
271,325,23.802383,37.83118
271,326,23.802602,37.831821
271,327,23.802584,37.831871
271,328,23.802753,37.833061
271,329,23.802793,37.833091
271,330,23.802812,37.833091
271,331,23.802822,37.833171
271,332,23.804632,37.83443
271,333,23.808412,37.83681
271,334,23.811123,37.838519
271,335,23.812363,37.839278
271,336,23.813563,37.839999
271,337,23.815462,37.841129
271,338,23.817883,37.842639
271,339,23.820353,37.844348
271,340,23.824152,37.846438
271,341,23.828282,37.84867
271,342,23.83007,37.852092
271,343,23.833031,37.856311
271,344,23.83679,37.857581
271,345,23.84051,37.858203
271,346,23.842779,37.859825
271,347,23.844889,37.861385
271,348,23.847368,37.862453
271,349,23.849619,37.864432
271,350,23.852847,37.867374
271,351,23.856468,37.870234
271,352,23.860018,37.872745
271,353,23.864158,37.874984
271,354,23.867677,37.877135
271,355,23.871007,37.879924
271,356,23.874607,37.882404
271,357,23.877348,37.884834
271,358,23.879428,37.886665
271,359,23.881199,37.888625
271,360,23.882509,37.891414
271,361,23.883099,37.892535
271,362,23.884039,37.896316
271,363,23.885068,37.898727
271,364,23.889698,37.899955
271,365,23.894558,37.903163
271,366,23.894789,37.903384
271,367,23.894789,37.903384
271,368,23.894499,37.904464
271,369,23.894498,37.909393
271,370,23.893938,37.915191
271,371,23.890648,37.9207
271,372,23.884517,37.923148
271,373,23.885748,37.92786
271,374,23.882677,37.932151
271,375,23.884267,37.935131
271,376,23.887247,37.93339
271,377,23.890257,37.934821
271,378,23.891946,37.938461
271,379,23.894197,37.943309
271,380,23.896898,37.94868
271,381,23.898739,37.952762
271,382,23.900219,37.954932
271,383,23.900449,37.956511
271,384,23.900369,37.957412
271,385,23.90052,37.959411
271,386,23.90039,37.961219
271,387,23.900431,37.962509
271,388,23.901481,37.962909
271,389,23.90512,37.963878
271,390,23.907239,37.964568
271,391,23.90629,37.96619
271,392,23.905741,37.968608
271,393,23.905281,37.971846
271,394,23.90241,37.975746
271,395,23.89771,37.978785
271,396,23.89406,37.981147
271,397,23.889931,37.983958
271,398,23.886221,37.98611
271,399,23.883231,37.987708
271,400,23.88052,37.988849
271,401,23.88119,37.989917
271,402,23.88134,37.990206
271,403,23.881359,37.990107
271,404,23.88167,37.990409
271,405,23.8819,37.990588
271,406,23.88192,37.990588
271,407,23.881979,37.990558
271,408,23.881889,37.990558
271,409,23.881889,37.990569
271,410,23.881769,37.990428
271,411,23.88138,37.99015
271,412,23.88135,37.990138
271,413,23.880859,37.989547
271,414,23.879888,37.989196
271,415,23.877878,37.990417
271,416,23.875019,37.992335
271,417,23.87356,37.990874
271,418,23.87199,37.989875
271,419,23.86996,37.990855
271,420,23.87132,37.992236
271,421,23.87104,37.994628
271,422,23.869311,37.996379
271,423,23.86589,37.99831
271,424,23.86581,37.999328
271,425,23.86586,37.999458
271,426,23.865869,37.999458
271,427,23.866199,38.000137
271,428,23.86655,38.001075
271,429,23.86737,38.003036
271,430,23.867879,38.004375
271,431,23.868611,38.005683
271,432,23.870821,38.005302
271,433,23.871191,38.005291
271,434,23.871521,38.005252
271,435,23.871551,38.005252
271,436,23.8721,38.006542
271,437,23.87079,38.008712
271,438,23.870791,38.01084
271,439,23.868941,38.011031
271,440,23.86829,38.012451
271,441,23.867571,38.014572
271,442,23.866771,38.016162
271,443,23.865751,38.01723
271,444,23.864092,38.01855
271,445,23.861912,38.019752
271,446,23.859991,38.020312
271,447,23.857632,38.020713
271,448,23.854801,38.021175
271,449,23.85272,38.021465
271,450,23.85161,38.021637
271,451,23.850321,38.021834
271,452,23.84884,38.022025
271,453,23.847471,38.022167
271,454,23.846222,38.022396
271,455,23.84484,38.022555
271,456,23.843561,38.022727
271,457,23.843311,38.022715
271,458,23.843351,38.022746
271,459,23.843552,38.022525
271,460,23.844002,38.022426
271,461,23.844671,38.022334
271,462,23.845331,38.022223
271,463,23.845932,38.022144
271,464,23.846123,38.022083
271,465,23.846172,38.022022
271,466,23.845932,38.022139
271,467,23.845022,38.0223
271,468,23.843603,38.022491
271,469,23.843634,38.022701
271,470,23.844653,38.022582
271,471,23.845443,38.022471
271,472,23.845354,38.022471
271,473,23.845354,38.022471
271,474,23.846174,38.022372
271,475,23.847343,38.022174
271,476,23.848833,38.022033
271,477,23.850353,38.021842
271,478,23.851584,38.021644
271,479,23.852894,38.021483
271,480,23.854894,38.021213
271,481,23.857365,38.020832
271,482,23.859785,38.020343
271,483,23.862076,38.019565
271,484,23.864725,38.018005
271,485,23.866495,38.016345
271,486,23.865656,38.015704
271,487,23.865706,38.014026
271,488,23.865005,38.013854
271,489,23.865006,38.012416
271,490,23.863695,38.011054
271,491,23.862906,38.007724
271,492,23.861776,38.007155
271,493,23.858606,38.007606
271,494,23.857595,38.007827
271,495,23.856045,38.008327
271,496,23.855134,38.008567
271,497,23.855116,38.007446
271,498,23.855834,38.005935
271,499,23.856285,38.004474
271,500,23.856095,38.003375
271,501,23.857183,38.002784
271,502,23.857184,38.002772
271,503,23.857193,38.002761
271,504,23.857193,38.002761
271,505,23.857504,38.002631
271,506,23.860834,38.000552
271,507,23.864763,37.998881
271,508,23.868793,37.99665
271,509,23.869804,37.996119
271,510,23.872265,37.99522
271,511,23.875204,37.992118
271,512,23.879614,37.989287
271,513,23.881233,37.990016
271,514,23.881993,37.990645
271,515,23.881872,37.990626
271,516,23.881853,37.990626
271,517,23.881413,37.990196
271,518,23.880362,37.989135
271,519,23.880182,37.989074
271,520,23.878902,37.989795
271,521,23.876592,37.991306
271,522,23.874523,37.992144
271,523,23.872813,37.989974
271,524,23.870542,37.990173
271,525,23.870302,37.991092
271,526,23.871922,37.992824
271,527,23.870352,37.995136
271,528,23.869161,37.996475
271,529,23.865982,37.998264
271,530,23.865643,37.999065
271,531,23.866243,38.000286
271,532,23.867014,38.002204
271,533,23.867834,38.004344
271,534,23.868464,38.005695
271,535,23.868543,38.005733
271,536,23.869764,38.005534
271,537,23.870153,38.005454
271,538,23.871124,38.005313
271,539,23.871155,38.005313
271,540,23.871484,38.005252
271,541,23.871484,38.005252
271,542,23.871676,38.005241
271,543,23.872116,38.006851
271,544,23.870766,38.008842
271,545,23.870876,38.010802
271,546,23.869496,38.010933
271,547,23.868505,38.011222
271,548,23.868327,38.011062
271,549,23.867346,38.011031
271,550,23.866535,38.011383
271,551,23.865625,38.012473
271,552,23.864695,38.012375
271,553,23.863864,38.011726
271,554,23.862696,38.011634
271,555,23.861166,38.011714
271,556,23.860266,38.012775
271,557,23.859825,38.011836
271,558,23.857855,38.012046
271,559,23.854864,38.011874
271,560,23.854164,38.012905
271,561,23.852903,38.015666
271,562,23.851445,38.018798
271,563,23.849764,38.02071
271,564,23.847814,38.02085
271,565,23.847185,38.02135
271,566,23.848354,38.023139
271,567,23.849174,38.024749
271,568,23.849985,38.025951
271,569,23.850124,38.026271
271,570,23.847824,38.027041
271,571,23.844663,38.028842
271,572,23.843433,38.027572
271,573,23.841974,38.027652
271,574,23.838934,38.028961
271,575,23.838144,38.029319
271,576,23.838144,38.029319
271,577,23.837494,38.02962
271,578,23.837453,38.029639
271,579,23.837395,38.02967
271,580,23.836306,38.028522
271,581,23.834186,38.02624
271,582,23.832817,38.024951
271,583,23.832157,38.02568
271,584,23.831087,38.026241
271,585,23.829116,38.027511
271,586,23.828817,38.027762
271,587,23.823147,38.032641
271,588,23.822718,38.03292
271,589,23.822268,38.033011
271,590,23.822588,38.032592
271,591,23.822628,38.032432
271,592,23.822628,38.032451
271,593,23.822278,38.03276
271,594,23.822087,38.032958
271,595,23.823316,38.032478
271,596,23.829517,38.027149
271,597,23.831327,38.026019
271,598,23.832407,38.025508
271,599,23.832887,38.024817
271,600,23.833079,38.024787
271,601,23.834049,38.025928
271,602,23.835079,38.026928
271,603,23.836229,38.028228
271,604,23.83718,38.028198
271,605,23.839509,38.027286
271,606,23.84215,38.026034
271,607,23.843389,38.026286
271,608,23.84642,38.025348
271,609,23.84869,38.025027
271,610,23.848829,38.025008
271,611,23.848848,38.024257
271,612,23.847449,38.021796
271,613,23.848528,38.020637
271,614,23.850807,38.020229
271,615,23.852386,38.016726
271,616,23.853496,38.014236
271,617,23.853657,38.013854
271,618,23.853657,38.013854
271,619,23.853906,38.013324
271,620,23.855507,38.010814
271,621,23.857437,38.009365
271,622,23.857508,38.008125
271,623,23.857517,38.008113
271,624,23.857236,38.007213
271,625,23.856087,38.007175
271,626,23.855116,38.006766
271,627,23.855726,38.005484
271,628,23.856225,38.004005
271,629,23.857515,38.002666
271,630,23.861126,38.000396
271,631,23.865095,37.998725
271,632,23.868974,37.996536
271,633,23.869894,37.996085
271,634,23.872675,37.994895
271,635,23.875904,37.991665
271,636,23.879503,37.989352
271,637,23.881123,37.98984
271,638,23.881742,37.990482
271,639,23.881792,37.990501
271,640,23.881792,37.990512
