272,1,23.841116,38.014003
272,2,23.840346,38.014243
272,3,23.840006,38.014206
272,4,23.840176,38.014884
272,5,23.840996,38.016025
272,6,23.841826,38.017253
272,7,23.842446,38.017223
272,8,23.844086,38.016891
272,9,23.844475,38.016662
272,10,23.843885,38.015113
272,11,23.843626,38.014255
272,12,23.843596,38.014083
272,13,23.843605,38.014053
272,14,23.843614,38.014015
272,15,23.843584,38.013675
272,16,23.843544,38.013294
272,17,23.843544,38.013294
272,18,23.843525,38.013122
272,19,23.843494,38.012634
272,20,23.843485,38.012603
272,21,23.843475,38.012492
272,22,23.843466,38.012473
272,23,23.843515,38.011913
272,24,23.843614,38.011531
272,25,23.843633,38.011531
272,26,23.843683,38.01136
272,27,23.843702,38.01089
272,28,23.843683,38.010852
272,29,23.843713,38.010371
272,30,23.845105,38.00801
272,31,23.846754,38.005271
272,32,23.847624,38.002273
272,33,23.847454,37.999122
272,34,23.847454,37.995983
272,35,23.848675,37.992694
272,36,23.849995,37.989955
272,37,23.850543,37.987445
272,38,23.850844,37.985373
272,39,23.850942,37.984943
272,40,23.851572,37.982612
272,41,23.851542,37.981482
272,42,23.851301,37.981463
272,43,23.851242,37.981452
272,44,23.851223,37.981323
272,45,23.850542,37.981254
272,46,23.850022,37.981945
272,47,23.849911,37.983066
272,48,23.849911,37.984207
272,49,23.851051,37.984145
272,50,23.851051,37.984145
272,51,23.852442,37.984343
272,52,23.854872,37.984714
272,53,23.856062,37.983523
272,54,23.856873,37.982173
272,55,23.860002,37.982662
272,56,23.862373,37.98376
272,57,23.863154,37.985198
272,58,23.864924,37.98632
272,59,23.866203,37.988429
272,60,23.868624,37.99018
272,61,23.871165,37.98997
272,62,23.873375,37.990642
272,63,23.874605,37.992183
272,64,23.874895,37.992275
272,65,23.877306,37.990653
272,66,23.880226,37.988982
272,67,23.881286,37.990032
272,68,23.881336,37.990142
272,69,23.881355,37.990073
272,70,23.881396,37.990153
272,71,23.881256,37.990043
272,72,23.881396,37.990005
272,73,23.881386,37.990005
272,74,23.881056,37.989753
272,75,23.880346,37.989082
272,76,23.879507,37.989402
272,77,23.877617,37.99058
272,78,23.875246,37.992152
272,79,23.874025,37.991424
272,80,23.872735,37.989803
272,81,23.870577,37.99021
272,82,23.870518,37.991302
272,83,23.872177,37.993163
272,84,23.870326,37.995155
272,85,23.870287,37.995784
272,86,23.870287,37.995784
272,87,23.869387,37.996325
272,88,23.866936,37.997738
272,89,23.864096,37.999206
272,90,23.860997,38.000488
272,91,23.858246,38.002288
272,92,23.857975,38.002757
272,93,23.857925,38.004619
272,94,23.858196,38.006137
272,95,23.858277,38.006457
272,96,23.858277,38.006469
272,97,23.858356,38.006739
272,98,23.858397,38.0069
272,99,23.858397,38.006912
272,100,23.858536,38.007392
272,101,23.858545,38.00743
272,102,23.857895,38.007739
272,103,23.856606,38.008239
272,104,23.854406,38.00888
272,105,23.851856,38.009299
272,106,23.849127,38.00978
272,107,23.846346,38.01023
272,108,23.843916,38.010551
272,109,23.842056,38.010749
272,110,23.841017,38.010879
272,111,23.840656,38.010959
272,112,23.840267,38.011027
272,113,23.839897,38.011119
272,114,23.839616,38.011199
272,115,23.839567,38.011237
272,116,23.839428,38.011317
272,117,23.838958,38.011516
272,118,23.838949,38.011516
272,119,23.83877,38.011607
272,120,23.838181,38.011878
272,121,23.83769,38.0121
272,122,23.837571,38.012137
272,123,23.836599,38.012569
272,124,23.83615,38.012828
272,125,23.836368,38.013378
272,126,23.835529,38.013786
272,127,23.834009,38.014216
272,128,23.8338,38.014255
272,129,23.833568,38.014225
272,130,23.833488,38.013972
272,131,23.833217,38.013934
272,132,23.833047,38.013935
272,133,23.832908,38.013946
272,134,23.832959,38.013926
272,135,23.832999,38.013767
272,136,23.833028,38.013755
272,137,23.832909,38.013743
272,138,23.833229,38.013862
272,139,23.833239,38.01385
272,140,23.833179,38.01348
272,141,23.83318,38.013419
272,142,23.83317,38.01332
272,143,23.834659,38.012851
272,144,23.836719,38.012321
272,145,23.83923,38.011192
272,146,23.840469,38.010871
272,147,23.842979,38.0106
272,148,23.846619,38.010112
272,149,23.851009,38.009322
272,150,23.853369,38.008643
272,151,23.853338,38.007484
272,152,23.853338,38.007484
272,153,23.853609,38.006732
272,154,23.854629,38.004393
272,155,23.856779,38.003024
272,156,23.860609,38.000713
272,157,23.864808,37.998863
272,158,23.86888,37.996562
272,159,23.870458,37.995902
272,160,23.873039,37.994472
272,161,23.876039,37.991592
272,162,23.879489,37.989372
272,163,23.880619,37.98936
272,164,23.881389,37.98997
272,165,23.881349,37.990001
272,166,23.881639,37.99028
272,167,23.88208,37.990661
272,168,23.88199,37.991371
272,169,23.881521,37.99306
272,170,23.880911,37.995292
272,171,23.880281,37.997581
272,172,23.880251,37.9998
272,173,23.880681,38.001971
272,174,23.88072,38.00286
272,175,23.88081,38.003193
272,176,23.88081,38.00323
272,177,23.88082,38.003379
272,178,23.880789,38.00341
272,179,23.880769,38.003421
272,180,23.88018,38.003581
272,181,23.8778,38.003619
272,182,23.875201,38.00405
272,183,23.87471,38.004562
272,184,23.87537,38.005023
272,185,23.87607,38.005485
272,186,23.87685,38.005584
272,187,23.87705,38.006133
272,188,23.877439,38.006633
272,189,23.877619,38.006804
272,190,23.877739,38.007033
272,191,23.878469,38.007255
272,192,23.878649,38.006793
272,193,23.878399,38.006053
272,194,23.878078,38.005832
272,195,23.878168,38.005961
272,196,23.878347,38.005999
272,197,23.878357,38.006011
272,198,23.878508,38.00669
272,199,23.877456,38.006679
272,200,23.876926,38.00574
272,201,23.875798,38.005408
272,202,23.874478,38.004539
272,203,23.876248,38.004028
272,204,23.879008,38.003878
272,205,23.879907,38.003898
272,206,23.880737,38.003058
272,207,23.880318,38.00014
272,208,23.880577,37.996761
272,209,23.881496,37.993362
272,210,23.882027,37.990722
272,211,23.881376,37.990203
272,212,23.881416,37.990165
272,213,23.881256,37.990054
272,214,23.881266,37.990054
272,215,23.881315,37.989963
272,216,23.881335,37.989871
272,217,23.881284,37.989852
272,218,23.880906,37.989581
272,219,23.880146,37.989081
272,220,23.879046,37.98973
272,221,23.877235,37.990878
272,222,23.875175,37.99224
272,223,23.874106,37.99153
272,224,23.872844,37.98994
272,225,23.870726,37.99012
272,226,23.869286,37.990478
272,227,23.867316,37.989276
272,228,23.865725,37.987396
272,229,23.864885,37.985817
272,230,23.867016,37.984725
272,231,23.867806,37.982066
272,232,23.867586,37.979358
272,233,23.865027,37.977829
272,234,23.863827,37.976058
272,235,23.862467,37.974387
272,236,23.862217,37.972686
272,237,23.862587,37.970977
272,238,23.862466,37.969237
272,239,23.863096,37.967407
272,240,23.864027,37.965556
272,241,23.863757,37.963516
272,242,23.864216,37.961326
272,243,23.863336,37.959357
272,244,23.861918,37.958076
272,245,23.861208,37.957374
272,246,23.860758,37.956905
272,247,23.861298,37.956626
272,248,23.861238,37.956294
272,249,23.861099,37.956096
272,250,23.861528,37.955818
272,251,23.862038,37.955539
272,252,23.862118,37.955288
272,253,23.861818,37.955378
272,254,23.861948,37.955409
272,255,23.861898,37.955409
272,256,23.862068,37.955268
272,257,23.862309,37.956047
272,258,23.860659,37.956886
272,259,23.861969,37.958114
272,260,23.86372,37.959953
272,261,23.864,37.962462
272,262,23.86371,37.964775
272,263,23.863291,37.967063
272,264,23.862461,37.969363
272,265,23.862572,37.971282
272,266,23.861853,37.973292
272,267,23.863122,37.975154
272,268,23.864553,37.977176
272,269,23.867004,37.978958
272,270,23.867763,37.982226
272,271,23.866253,37.985328
272,272,23.864872,37.986049
272,273,23.865171,37.986679
272,274,23.866682,37.988849
272,275,23.869522,37.990638
272,276,23.872353,37.989806
272,277,23.874064,37.991576
272,278,23.874705,37.992347
272,279,23.875895,37.991668
272,280,23.879364,37.989437
272,281,23.880894,37.989677
272,282,23.881754,37.990466
272,283,23.881914,37.990558
272,284,23.881905,37.990596
272,285,23.881485,37.990454
272,286,23.881355,37.990435
272,287,23.881386,37.990355
272,288,23.881275,37.990127
272,289,23.880486,37.989295
272,290,23.880325,37.989184
272,291,23.880286,37.989135
272,292,23.879836,37.989296
272,293,23.878244,37.990245
272,294,23.876203,37.991584
272,295,23.874553,37.992206
272,296,23.873333,37.990657
272,297,23.871951,37.990016
272,298,23.869793,37.990776
272,299,23.871054,37.992004
272,300,23.872104,37.993884
272,301,23.870224,37.995616
272,302,23.870294,37.995838
272,303,23.870314,37.995857
272,304,23.869254,37.996478
272,305,23.866672,37.997947
272,306,23.863722,37.999427
272,307,23.860682,38.000789
272,308,23.858051,38.002479
272,309,23.857931,38.00452
272,310,23.858291,38.006648
272,311,23.858372,38.006888
272,312,23.858502,38.007407
272,313,23.858521,38.007469
272,314,23.85849,38.00764
272,315,23.85812,38.007781
272,316,23.8566,38.008323
272,317,23.85643,38.008891
272,318,23.85688,38.009921
272,319,23.85511,38.01115
272,320,23.85375,38.013789
272,321,23.85244,38.01667
272,322,23.85124,38.01929
272,323,23.84973,38.02074
272,324,23.848579,38.02069
272,325,23.847019,38.021159
272,326,23.84523,38.02135
272,327,23.84257,38.021529
272,328,23.84005,38.021869
272,329,23.83775,38.021259
272,330,23.8368,38.02114
272,331,23.83659,38.021449
272,332,23.83724,38.022319
272,333,23.83803,38.023467
272,334,23.838239,38.024066
272,335,23.83832,38.024005
272,336,23.838631,38.023704
272,337,23.83908,38.023452
272,338,23.839601,38.02328
272,339,23.839833,38.0232
272,340,23.839922,38.0232
272,341,23.841062,38.023162
272,342,23.841503,38.022991
272,343,23.842064,38.022872
272,344,23.842634,38.022693
272,345,23.843045,38.022583
272,346,23.843764,38.022491
272,347,23.844963,38.02235
272,348,23.845013,38.02233
272,349,23.845792,38.022182
272,350,23.845562,38.022181
272,351,23.845121,38.02225
272,352,23.844692,38.022312
272,353,23.844263,38.02238
272,354,23.843782,38.02246
272,355,23.843313,38.022498
272,356,23.842853,38.022598
272,357,23.842363,38.022796
272,358,23.841713,38.022967
272,359,23.841303,38.023108
272,360,23.841063,38.022979
272,361,23.841142,38.023017
272,362,23.84107,38.023044
272,363,23.84143,38.023044
272,364,23.841551,38.023032
272,365,23.841569,38.023063
272,366,23.84178,38.023101
272,367,23.84282,38.022873
272,368,23.844219,38.022823
272,369,23.845878,38.022571
272,370,23.847599,38.022311
272,371,23.848579,38.022193
272,372,23.84993,38.022045
272,373,23.85124,38.021884
272,374,23.852541,38.021594
272,375,23.854681,38.021323
272,376,23.85791,38.020724
272,377,23.860331,38.020145
272,378,23.86041,38.020355
272,379,23.86145,38.019874
272,380,23.864071,38.018325
272,381,23.86565,38.017085
272,382,23.867081,38.016505
272,383,23.868341,38.018085
272,384,23.871591,38.017784
272,385,23.871881,38.016513
272,386,23.871412,38.013244
272,387,23.870943,38.010143
272,388,23.872124,38.007422
272,389,23.871804,38.005561
272,390,23.871813,38.005561
272,391,23.871831,38.005431
272,392,23.874382,38.004631
272,393,23.876553,38.003989
272,394,23.877993,38.00376
272,395,23.878773,38.003799
272,396,23.879753,38.003787
272,397,23.880672,38.003749
272,398,23.880534,38.002029
272,399,23.880123,37.999419
272,400,23.880733,37.996211
272,401,23.881665,37.99282
272,402,23.882024,37.990779
272,403,23.881664,37.990447
272,404,23.881624,37.990379
272,405,23.880613,37.98933
272,406,23.879494,37.989528
272,407,23.876833,37.991229
272,408,23.874113,37.993148
272,409,23.871983,37.995529
272,410,23.870802,37.995937
272,411,23.869552,37.996337
272,412,23.866833,37.997855
272,413,23.863512,37.999484
272,414,23.860021,38.001254
272,415,23.858141,38.002383
272,416,23.857921,38.003673
272,417,23.858341,38.006541
272,418,23.857722,38.00777
272,419,23.854912,38.008708
272,420,23.852031,38.009277
272,421,23.848002,38.010005
272,422,23.844351,38.010596
272,423,23.843391,38.010825
272,424,23.843281,38.013175
272,425,23.843191,38.013416
272,426,23.842861,38.013415
272,427,23.842242,38.013465
272,428,23.842161,38.013526
