274,1,23.876299,37.984214
274,2,23.877249,37.984214
274,3,23.87777,37.985145
274,4,23.87839,37.985626
274,5,23.880089,37.985587
274,6,23.881729,37.985618
274,7,23.88274,37.98666
274,8,23.882469,37.987789
274,9,23.880259,37.988887
274,10,23.880928,37.989688
274,11,23.881038,37.989837
274,12,23.881058,37.989929
274,13,23.881338,37.990218
274,14,23.881449,37.990336
274,15,23.881618,37.990355
274,16,23.881717,37.990393
274,17,23.881717,37.990424
274,18,23.881658,37.990485
274,19,23.881677,37.990504
274,20,23.881458,37.990333
274,21,23.881279,37.990123
274,22,23.881319,37.990024
274,23,23.88139,37.990134
274,24,23.8813,37.990123
274,25,23.881149,37.989913
274,26,23.881131,37.989902
274,27,23.881001,37.989833
274,28,23.880241,37.989063
274,29,23.880202,37.989032
274,30,23.878971,37.989673
274,31,23.876751,37.991103
274,32,23.87467,37.992172
274,33,23.87315,37.990211
274,34,23.87093,37.990039
274,35,23.87027,37.990989
274,36,23.871959,37.99279
274,37,23.87053,37.994911
274,38,23.870289,37.995731
274,39,23.870289,37.995742
274,40,23.868849,37.996623
274,41,23.865789,37.998332
274,42,23.864938,37.998793
274,43,23.862358,37.999804
274,44,23.859438,38.001563
274,45,23.857927,38.003372
274,46,23.858187,38.005943
274,47,23.858286,38.006324
274,48,23.858345,38.006522
274,49,23.858415,38.006763
274,50,23.858415,38.006782
274,51,23.858554,38.007163
274,52,23.858505,38.007182
274,53,23.857895,38.007671
274,54,23.855595,38.00843
274,55,23.852014,38.009219
274,56,23.849424,38.009688
274,57,23.848625,38.00983
274,58,23.847485,38.010009
274,59,23.845514,38.010341
274,60,23.843324,38.010582
274,61,23.839856,38.011092
274,62,23.836405,38.012652
274,63,23.834005,38.013213
274,64,23.831594,38.013724
274,65,23.828724,38.013984
274,66,23.825634,38.013904
274,67,23.823775,38.013824
274,68,23.822735,38.013785
274,69,23.822704,38.013785
274,70,23.822404,38.013755
274,71,23.820774,38.013694
274,72,23.820484,38.013755
274,73,23.819685,38.014056
274,74,23.817736,38.014678
274,75,23.816825,38.013846
274,76,23.814895,38.013176
274,77,23.813216,38.012855
274,78,23.812654,38.012756
274,79,23.812074,38.012756
274,80,23.810394,38.013614
274,81,23.808985,38.014552
274,82,23.807624,38.015464
274,83,23.806515,38.015556
274,84,23.804995,38.015506
274,85,23.804964,38.014755
274,86,23.804835,38.013724
274,87,23.804665,38.013713
274,88,23.802814,38.013873
274,89,23.801844,38.013503
274,90,23.801683,38.013423
274,91,23.801353,38.013282
274,92,23.801193,38.013263
274,93,23.800804,38.013244
274,94,23.799253,38.012676
274,95,23.797903,38.012824
274,96,23.797342,38.012824
274,97,23.796732,38.012324
274,98,23.796353,38.011916
274,99,23.795023,38.010817
274,100,23.793563,38.011359
274,101,23.793033,38.01155
274,102,23.792645,38.011149
274,103,23.792324,38.01062
274,104,23.792235,38.010601
274,105,23.792176,38.010589
274,106,23.791694,38.010787
274,107,23.790434,38.011226
274,108,23.789514,38.011528
274,109,23.789163,38.011127
274,110,23.788623,38.009967
274,111,23.788204,38.009147
274,112,23.788173,38.009135
274,113,23.787954,38.008864
274,114,23.787915,38.008864
274,115,23.787594,38.008545
274,116,23.787474,38.008323
274,117,23.787223,38.007972
274,118,23.787193,38.007922
274,119,23.786963,38.007541
274,120,23.786783,38.007289
274,121,23.786632,38.007129
274,122,23.786083,38.006378
274,123,23.785784,38.005988
274,124,23.785654,38.005767
274,125,23.785364,38.005397
274,126,23.785244,38.005218
274,127,23.784535,38.004218
274,128,23.784214,38.003708
274,129,23.782913,38.003348
274,130,23.781353,38.002128
274,131,23.778624,38.001388
274,132,23.777224,38.001426
274,133,23.776293,38.001037
274,134,23.774862,38.001659
274,135,23.774813,38.001658
274,136,23.774532,38.001758
274,137,23.773613,38.002158
274,138,23.773492,38.002147
274,139,23.772602,38.001437
274,140,23.769972,37.999038
274,141,23.767911,37.995578
274,142,23.767101,37.993907
274,143,23.766892,37.993518
274,144,23.766411,37.992508
274,145,23.76604,37.991618
274,146,23.764791,37.98981
274,147,23.764431,37.989471
274,148,23.76395,37.98878
274,149,23.76239,37.98738
274,150,23.760521,37.985401
274,151,23.760481,37.985401
274,152,23.759991,37.98495
274,153,23.759522,37.98458
274,154,23.759392,37.984542
274,155,23.757702,37.983253
274,156,23.755522,37.981631
274,157,23.753322,37.979461
274,158,23.750572,37.977241
274,159,23.747813,37.975372
274,160,23.747741,37.975334
274,161,23.746971,37.974803
274,162,23.743931,37.972732
274,163,23.741141,37.970782
274,164,23.739799,37.969993
274,165,23.73974,37.969963
274,166,23.73855,37.969394
274,167,23.73749,37.968513
274,168,23.73481,37.967681
274,169,23.734079,37.967349
274,170,23.731669,37.966819
274,171,23.728468,37.965381
274,172,23.727407,37.964862
274,173,23.726677,37.963771
274,174,23.725416,37.96273
274,175,23.725136,37.962661
274,176,23.725006,37.962741
274,177,23.724526,37.96242
274,178,23.721845,37.960472
274,179,23.718756,37.958293
274,180,23.718025,37.957904
274,181,23.717356,37.957374
274,182,23.716695,37.956893
274,183,23.716646,37.956882
274,184,23.716507,37.956974
274,185,23.716196,37.957183
274,186,23.716427,37.957332
274,187,23.716177,37.957232
274,188,23.716118,37.957213
274,189,23.716099,37.957183
274,190,23.716198,37.956744
274,191,23.715998,37.956485
274,192,23.714748,37.955554
274,193,23.714168,37.956073
274,194,23.712679,37.954872
274,195,23.713499,37.95346
274,196,23.713689,37.953299
274,197,23.7145,37.9537
274,198,23.715281,37.954402
274,199,23.714951,37.955303
274,200,23.717451,37.957271
274,201,23.720531,37.959689
274,202,23.723162,37.961269
274,203,23.723291,37.961268
274,204,23.723461,37.961306
274,205,23.723702,37.961398
274,206,23.723751,37.96141
274,207,23.724441,37.96181
274,208,23.72445,37.96181
274,209,23.724541,37.961909
274,210,23.72491,37.962181
274,211,23.724991,37.962181
274,212,23.725691,37.962772
274,213,23.726431,37.96337
274,214,23.726742,37.963939
274,215,23.726742,37.963939
274,216,23.72746,37.964579
274,217,23.72755,37.964618
274,218,23.728281,37.964919
274,219,23.728312,37.964931
274,220,23.728962,37.965122
274,221,23.729273,37.965202
274,222,23.729702,37.965293
274,223,23.730572,37.965763
274,224,23.730603,37.965751
274,225,23.731302,37.966301
274,226,23.732033,37.966842
274,227,23.732223,37.96688
274,228,23.732883,37.967041
274,229,23.733923,37.967132
274,230,23.733954,37.967143
274,231,23.734573,37.967482
274,232,23.734814,37.967624
274,233,23.735745,37.967784
274,234,23.736163,37.967815
274,235,23.737095,37.968055
274,236,23.737974,37.968715
274,237,23.738044,37.968776
274,238,23.739704,37.969744
274,239,23.741854,37.971076
274,240,23.744003,37.972476
274,241,23.744053,37.972507
274,242,23.745842,37.973746
274,243,23.746493,37.974208
274,244,23.748703,37.9757
274,245,23.749092,37.97597
274,246,23.749092,37.975982
274,247,23.750532,37.976981
274,248,23.751292,37.977549
274,249,23.75271,37.978751
274,250,23.75354,37.979453
274,251,23.75466,37.980563
274,252,23.75477,37.980655
274,253,23.75597,37.981875
274,254,23.757669,37.983035
274,255,23.75915,37.984096
274,256,23.760939,37.985088
274,257,23.762379,37.985679
274,258,23.762429,37.985717
274,259,23.762838,37.985916
274,260,23.762919,37.985916
274,261,23.763578,37.985977
274,262,23.764849,37.985877
274,263,23.765258,37.986407
274,264,23.766869,37.988098
274,265,23.769249,37.989578
274,266,23.771728,37.991489
274,267,23.775288,37.99306
274,268,23.780018,37.995872
274,269,23.782368,37.997444
274,270,23.784018,37.998783
274,271,23.784027,37.998783
274,272,23.786198,38.000301
274,273,23.790357,38.00201
274,274,23.792088,38.00291
274,275,23.793678,38.004081
274,276,23.795429,38.005412
274,277,23.798858,38.006713
274,278,23.801009,38.007163
274,279,23.804518,38.008464
274,280,23.807968,38.010093
274,281,23.811188,38.011203
274,282,23.811198,38.011203
274,283,23.812668,38.011554
274,284,23.817019,38.012603
274,285,23.8198,38.013404
274,286,23.823779,38.013706
274,287,23.824209,38.013717
274,288,23.827379,38.013846
274,289,23.83145,38.013606
274,290,23.83277,38.013336
274,291,23.835339,38.012786
274,292,23.838468,38.011547
274,293,23.842619,38.010646
274,294,23.847148,38.010024
274,295,23.852569,38.009094
274,296,23.854839,38.008025
274,297,23.85495,38.006366
274,298,23.85586,38.005298
274,299,23.85615,38.003787
274,300,23.857781,38.002498
274,301,23.861191,38.000328
274,302,23.864881,37.998817
274,303,23.868431,37.996868
274,304,23.870281,37.995937
274,305,23.87322,37.994117
274,306,23.87715,37.990787
274,307,23.88018,37.988967
274,308,23.881201,37.989929
274,309,23.881231,37.989917
274,310,23.881231,37.989917
274,311,23.881342,37.990078
274,312,23.881292,37.990096
274,313,23.881213,37.989924
274,314,23.881182,37.989886
274,315,23.881022,37.989756
274,316,23.880262,37.989036
274,317,23.880222,37.989035
274,318,23.878622,37.989905
274,319,23.876152,37.991515
274,320,23.874522,37.992084
274,321,23.872872,37.989993
274,322,23.870882,37.990123
274,323,23.870462,37.991191
274,324,23.872161,37.99311
274,325,23.870343,37.995078
274,326,23.870272,37.995749
274,327,23.868903,37.996558
274,328,23.866022,37.998168
274,329,23.862562,37.999709
274,330,23.859173,38.001678
274,331,23.857823,38.003227
274,332,23.858001,38.005748
274,333,23.858282,38.006766
274,334,23.858282,38.006778
274,335,23.858393,38.00716
274,336,23.858362,38.007159
274,337,23.858353,38.00719
274,338,23.859722,38.007221
274,339,23.860293,38.00719
274,340,23.860312,38.00719
274,341,23.860531,38.007701
274,342,23.860891,38.00954
274,343,23.861091,38.01126
274,344,23.860182,38.012771
274,345,23.860342,38.014281
274,346,23.860222,38.016742
274,347,23.860383,38.019233
274,348,23.860373,38.019713
274,349,23.860353,38.019885
274,350,23.860113,38.021525
274,351,23.859592,38.023837
274,352,23.859281,38.026767
274,353,23.859142,38.029846
274,354,23.857332,38.031535
274,355,23.856441,38.031837
274,356,23.856541,38.032244
274,357,23.85692,38.033836
274,358,23.85473,38.035507
274,359,23.851831,38.038077
274,360,23.849161,38.040847
274,361,23.847802,38.041766
274,362,23.845861,38.042785
274,363,23.843252,38.044196
274,364,23.841532,38.042685
274,365,23.840101,38.041964
274,366,23.838391,38.043326
274,367,23.837339,38.044185
274,368,23.836288,38.044303
274,369,23.834448,38.042995
274,370,23.832348,38.041434
274,371,23.831787,38.041045
274,372,23.830557,38.040194
274,373,23.830347,38.040156
274,374,23.829987,38.041316
274,375,23.829326,38.043548
274,376,23.828238,38.043586
274,377,23.825697,38.042366
274,378,23.823146,38.041114
274,379,23.821966,38.040523
274,380,23.819675,38.040542
274,381,23.819465,38.040252
274,382,23.818226,38.040381
274,383,23.816076,38.042053
274,384,23.813476,38.043533
274,385,23.810226,38.044673
274,386,23.807577,38.045513
274,387,23.807297,38.045623
274,388,23.807278,38.045623
274,389,23.807219,38.046024
274,390,23.807317,38.046202
274,391,23.807317,38.046202
274,392,23.806297,38.046722
274,393,23.804327,38.04766
274,394,23.802047,38.048759
274,395,23.799368,38.04951
274,396,23.796398,38.049842
274,397,23.794979,38.049922
274,398,23.794979,38.050181
274,399,23.79513,38.050421
274,400,23.795849,38.050594
274,401,23.796678,38.051482
274,402,23.797129,38.052574
274,403,23.797479,38.053313
274,404,23.797979,38.054412
274,405,23.798118,38.054744
274,406,23.798178,38.054904
274,407,23.798637,38.055873
274,408,23.800068,38.055614
274,409,23.801588,38.055163
274,410,23.801168,38.054793
274,411,23.801039,38.054695
274,412,23.801049,38.054724
274,413,23.801168,38.054854
274,414,23.801128,38.054935
274,415,23.801009,38.054805
274,416,23.800958,38.054786
274,417,23.801029,38.055007
274,418,23.801369,38.055106
274,419,23.801668,38.055305
274,420,23.801767,38.055366
274,421,23.802208,38.055717
274,422,23.802267,38.055736
274,423,23.802477,38.055706
274,424,23.802707,38.055507
274,425,23.802927,38.055335
274,426,23.803048,38.055286
274,427,23.803318,38.055137
274,428,23.803528,38.055118
274,429,23.803769,38.05508
274,430,23.804058,38.055049
274,431,23.804447,38.055037
274,432,23.804577,38.054988
274,433,23.804567,38.054508
274,434,23.805156,38.054366
274,435,23.805888,38.054168
274,436,23.806297,38.053989
274,437,23.806978,38.05389
274,438,23.807129,38.053779
274,439,23.807909,38.0535
274,440,23.808119,38.05339
274,441,23.808739,38.053191
274,442,23.808898,38.05313
274,443,23.809269,38.053069
274,444,23.809568,38.05294
274,445,23.809639,38.052921
274,446,23.809939,38.052829
274,447,23.810728,38.0531
274,448,23.810879,38.05342
274,449,23.811589,38.053859
274,450,23.813648,38.053378
274,451,23.814558,38.053058
274,452,23.817599,38.052528
274,453,23.821188,38.052337
274,454,23.824028,38.053607
274,455,23.826517,38.052787
274,456,23.830226,38.051609
274,457,23.831987,38.051258
274,458,23.834257,38.051146
274,459,23.834578,38.051166
274,460,23.835598,38.051215
274,461,23.837438,38.051437
274,462,23.837679,38.051475
274,463,23.838058,38.051566
274,464,23.839188,38.051288
274,465,23.839628,38.048476
274,466,23.839428,38.047187
274,467,23.839847,38.046286
274,468,23.842887,38.044479
274,469,23.846598,38.042369
274,470,23.847677,38.0418
274,471,23.850247,38.039779
274,472,23.853727,38.036208
274,473,23.857076,38.033489
274,474,23.856947,38.031738
274,475,23.859096,38.030738
274,476,23.859226,38.027618
274,477,23.859627,38.025249
274,478,23.859717,38.023089
274,479,23.861146,38.022548
274,480,23.861646,38.020816
274,481,23.863157,38.019237
274,482,23.865328,38.017486
274,483,23.866737,38.016345
274,484,23.868328,38.018077
274,485,23.871927,38.017726
274,486,23.872048,38.017215
274,487,23.871477,38.013645
274,488,23.870897,38.009906
274,489,23.872057,38.006916
274,490,23.872057,38.005115
274,491,23.873046,38.004917
274,492,23.873607,38.004756
274,493,23.874887,38.004325
274,494,23.876577,38.003917
274,495,23.877086,38.003837
274,496,23.877537,38.003875
274,497,23.878968,38.003886
274,498,23.880278,38.003886
274,499,23.880577,38.003726
274,500,23.880577,38.002475
274,501,23.880467,38.001224
274,502,23.880276,37.997962
274,503,23.881336,37.994033
274,504,23.882107,37.990963
274,505,23.881438,37.990211
274,506,23.881258,37.990119
274,507,23.880719,37.989689
274,508,23.880049,37.989238
274,509,23.878309,37.99023
274,510,23.875688,37.991969
274,511,23.875029,37.992439
274,512,23.875709,37.993648
274,513,23.87611,37.995639
274,514,23.875271,37.996398
274,515,23.87314,37.99562
274,516,23.87013,37.996002
274,517,23.86787,37.997051
274,518,23.86528,37.998488
274,519,23.86289,37.999549
274,520,23.860059,38.001041
274,521,23.857919,38.002772
274,522,23.857939,38.005023
274,523,23.858389,38.006854
274,524,23.858389,38.006873
274,525,23.858539,38.007373
274,526,23.85857,38.007373
274,527,23.85866,38.007442
274,528,23.86018,38.007251
274,529,23.860411,38.007251
274,530,23.86042,38.007251
274,531,23.86067,38.007762
274,532,23.861,38.009414
274,533,23.861179,38.011084
274,534,23.86031,38.012633
274,535,23.86031,38.013225
274,536,23.860319,38.015094
274,537,23.860319,38.017746
274,538,23.860359,38.019656
274,539,23.860369,38.019755
274,540,23.860178,38.021274
274,541,23.859688,38.023296
274,542,23.858386,38.024047
274,543,23.854797,38.024688
274,544,23.851427,38.025817
274,545,23.850456,38.026168
274,546,23.848566,38.026767
274,547,23.845806,38.028217
274,548,23.844227,38.028785
274,549,23.843276,38.027194
274,550,23.842226,38.027514
274,551,23.839186,38.028865
274,552,23.837566,38.029575
274,553,23.837535,38.029574
274,554,23.836867,38.028983
274,555,23.835217,38.026935
274,556,23.833836,38.025394
274,557,23.832877,38.024925
274,558,23.832226,38.024962
274,559,23.832105,38.025012
274,560,23.832047,38.025013
274,561,23.831797,38.025173
274,562,23.831275,38.025542
274,563,23.830576,38.026004
274,564,23.829916,38.026615
274,565,23.828936,38.027316
274,566,23.827786,38.028427
274,567,23.827156,38.029216
274,568,23.826295,38.029876
274,569,23.824816,38.031127
274,570,23.823836,38.032028
274,571,23.823076,38.032038
274,572,23.822996,38.03213
274,573,23.822676,38.03242
274,574,23.822155,38.032852
274,575,23.821804,38.033031
274,576,23.821745,38.033069
274,577,23.821625,38.033149
274,578,23.821514,38.033119
274,579,23.821534,38.033168
274,580,23.821523,38.03313
274,581,23.821523,38.0331
274,582,23.821563,38.033069
274,583,23.821715,38.033119
274,584,23.821854,38.03308
274,585,23.822033,38.033019
274,586,23.821894,38.033038
274,587,23.821953,38.033038
274,588,23.821753,38.033077
274,589,23.821802,38.033058
274,590,23.822552,38.032489
274,591,23.823501,38.032229
274,592,23.824711,38.031169
274,593,23.826382,38.029769
274,594,23.827572,38.028709
274,595,23.828802,38.027439
274,596,23.829862,38.026607
274,597,23.831062,38.025726
274,598,23.832511,38.025184
274,599,23.833141,38.024852
274,600,23.833941,38.025932
274,601,23.835211,38.02716
274,602,23.836602,38.028331
274,603,23.839241,38.027339
274,604,23.842111,38.026019
274,605,23.842831,38.02658
274,606,23.845591,38.025432
274,607,23.84901,38.024932
274,608,23.848221,38.022972
274,609,23.846241,38.020141
274,610,23.845381,38.01802
274,611,23.84415,38.015449
274,612,23.843561,38.012828
274,613,23.843542,38.012638
274,614,23.843542,38.012286
274,615,23.843721,38.011596
274,616,23.843741,38.011417
274,617,23.843741,38.011405
274,618,23.843771,38.010925
274,619,23.846802,38.010223
274,620,23.850382,38.009574
274,621,23.853901,38.008933
274,622,23.854832,38.007682
274,623,23.855112,38.006641
274,624,23.855852,38.005862
274,625,23.856502,38.00524
274,626,23.856262,38.00373
274,627,23.857852,38.00262
274,628,23.862034,38.000091
274,629,23.866034,37.998332
274,630,23.870033,37.996112
274,631,23.873783,37.993323
274,632,23.874563,37.992621
274,633,23.877403,37.990733
274,634,23.880373,37.989082
274,635,23.880472,37.98912
274,636,23.880633,37.989299
274,637,23.881413,37.99002
274,638,23.881382,37.989959
274,639,23.881533,37.989841
274,640,23.881032,37.989409
274,641,23.880842,37.989299
274,642,23.879982,37.989158
274,643,23.877842,37.990478
274,644,23.875233,37.992286
274,645,23.875842,37.993655
274,646,23.876114,37.995986
274,647,23.876314,37.998508
274,648,23.875914,37.999279
274,649,23.876644,38.001456
274,650,23.877014,38.002715
274,651,23.876693,38.003096
274,652,23.875874,38.003375
274,653,23.875963,38.003727
274,654,23.875932,38.003936
274,655,23.875042,38.004188
274,656,23.874891,38.004699
274,657,23.875931,38.005389
274,658,23.87692,38.00561
274,659,23.87704,38.005981
274,660,23.87745,38.006683
274,661,23.87788,38.006713
274,662,23.87793,38.006743
274,663,23.877689,38.006893
274,664,23.87768,38.006931
274,665,23.877409,38.00672
274,666,23.877329,38.00658
274,667,23.877329,38.00658
274,668,23.876959,38.00579
274,669,23.876089,38.005569
274,670,23.874979,38.004897
274,671,23.874529,38.004619
274,672,23.875809,38.00418
274,673,23.87711,38.00389
274,674,23.877939,38.00394
274,675,23.878629,38.00394
274,676,23.87961,38.003978
274,677,23.88072,38.003749
274,678,23.88052,38.0013
274,679,23.88026,37.997951
274,680,23.881241,37.994399
274,681,23.88211,37.991149
274,682,23.881441,37.990348
274,683,23.881401,37.990169
274,684,23.881391,37.99002
274,685,23.880802,37.989559
274,686,23.879602,37.989249
274,687,23.879563,37.989101
274,688,23.879543,37.989089
274,689,23.880154,37.98904
274,690,23.881134,37.989929
274,691,23.881325,37.99002
274,692,23.881315,37.99002
274,693,23.881275,37.990058
274,694,23.880356,37.989138
274,695,23.879666,37.989379
274,696,23.877535,37.990699
274,697,23.875025,37.99242
274,698,23.875614,37.99351
274,699,23.876124,37.995601
274,700,23.876093,37.997931
274,701,23.875923,37.998683
274,702,23.876083,38.000003
274,703,23.876663,38.001655
274,704,23.876904,38.002567
274,705,23.876263,38.003116
274,706,23.875812,38.003448
274,707,23.875782,38.003898
274,708,23.874511,38.004306
274,709,23.875062,38.004848
274,710,23.876181,38.0056
274,711,23.8769,38.005718
274,712,23.877319,38.006469
274,713,23.87788,38.006748
274,714,23.87795,38.006816
274,715,23.877751,38.006957
274,716,23.877701,38.006996
274,717,23.87734,38.006534
274,718,23.87734,38.006534
274,719,23.877091,38.005912
274,720,23.876091,38.005542
274,721,23.87453,38.004501
274,722,23.874941,38.004291
274,723,23.87824,38.003803
274,724,23.879221,38.003803
274,725,23.880651,38.003803
274,726,23.880751,38.003711
274,727,23.88071,38.0018
274,728,23.88021,37.99829
274,729,23.881352,37.994052
274,730,23.882151,37.990844
274,731,23.881531,37.990275
274,732,23.8815,37.990097
274,733,23.88139,37.990035
274,734,23.881439,37.989986
274,735,23.88127,37.989844
274,736,23.881039,37.989715
274,737,23.880687,37.989383
274,738,23.880318,37.989112
274,739,23.880298,37.989124
274,740,23.879339,37.989592
274,741,23.877048,37.991061
274,742,23.874989,37.992641
274,743,23.876169,37.994372
274,744,23.87595,37.996753
274,745,23.876159,37.998313
274,746,23.875799,37.999114
274,747,23.876469,38.001105
274,748,23.876958,38.002597
274,749,23.876699,38.003158
274,750,23.875909,38.003368
274,751,23.875929,38.003928
274,752,23.875349,38.00418
274,753,23.873009,38.004982
274,754,23.871969,38.006092
274,755,23.871239,38.008083
274,756,23.871008,38.010673
274,757,23.871459,38.013423
274,758,23.871838,38.015903
274,759,23.871977,38.016872
274,760,23.871766,38.017822
274,761,23.868677,38.018123
274,762,23.867588,38.017013
274,763,23.866219,38.016822
274,764,23.865118,38.017852
274,765,23.863777,38.018832
274,766,23.861767,38.019794
274,767,23.860497,38.020385
274,768,23.859967,38.020484
274,769,23.859236,38.020694
274,770,23.857626,38.020954
274,771,23.856526,38.021151
274,772,23.855406,38.021312
274,773,23.854486,38.021381
274,774,23.853256,38.021571
274,775,23.852316,38.021731
274,776,23.851476,38.021811
274,777,23.850686,38.021911
274,778,23.850046,38.021911
274,779,23.849457,38.02201
274,780,23.849318,38.02206
274,781,23.849308,38.02206
274,782,23.848787,38.022048
274,783,23.848278,38.022048
274,784,23.847898,38.022079
274,785,23.847867,38.022079
274,786,23.847148,38.02217
274,787,23.846239,38.022342
274,788,23.845199,38.022453
274,789,23.84395,38.022643
274,790,23.84287,38.022693
274,791,23.842881,38.022574
274,792,23.84353,38.022495
274,793,23.843771,38.022475
274,794,23.843762,38.022475
274,795,23.843941,38.022358
274,796,23.84382,38.022357
274,797,23.844351,38.022296
274,798,23.844872,38.022216
274,799,23.845232,38.022147
274,800,23.845651,38.022186
274,801,23.845393,38.022197
274,802,23.844572,38.022308
274,803,23.844202,38.022376
274,804,23.844183,38.022376
274,805,23.843412,38.022437
274,806,23.842753,38.022647
274,807,23.842793,38.022666
274,808,23.843313,38.022678
274,809,23.844704,38.022578
274,810,23.846085,38.022406
274,811,23.847425,38.022178
274,812,23.848286,38.022048
274,813,23.849365,38.02201
274,814,23.850046,38.021869
274,815,23.851085,38.021769
274,816,23.852346,38.021548
274,817,23.854268,38.021209
274,818,23.857487,38.020679
274,819,23.860198,38.020088
274,820,23.860597,38.020267
274,821,23.862068,38.019675
274,822,23.864468,38.018237
274,823,23.866058,38.016937
274,824,23.867588,38.016807
274,825,23.868438,38.018066
274,826,23.871778,38.017745
274,827,23.871859,38.015907
274,828,23.871298,38.012286
274,829,23.870829,38.009295
274,830,23.872129,38.007145
274,831,23.871799,38.005516
274,832,23.871799,38.005485
274,833,23.872678,38.005024
274,834,23.874159,38.004622
274,835,23.87661,38.004001
274,836,23.879289,38.00378
274,837,23.879891,38.00381
274,838,23.880411,38.00381
274,839,23.88062,38.003219
274,840,23.880562,38.001319
274,841,23.880201,37.99829
274,842,23.881151,37.994731
274,843,23.882101,37.991282
274,844,23.882881,37.988494
274,845,23.883041,37.987853
274,846,23.882881,37.986804
274,847,23.881871,37.985824
274,848,23.88023,37.985744
274,849,23.878349,37.985824
274,850,23.877738,37.984874
274,851,23.877088,37.984084
274,852,23.876059,37.984256
274,853,23.875979,37.984268
