275,1,23.876974,37.983939
275,2,23.877594,37.984771
275,3,23.877995,37.985442
275,4,23.879095,37.985583
275,5,23.881375,37.985492
275,6,23.882663,37.986323
275,7,23.882814,37.987674
275,8,23.880483,37.988773
275,9,23.880965,37.989662
275,10,23.881205,37.989913
275,11,23.881235,37.989913
275,12,23.881355,37.990085
275,13,23.881124,37.990337
275,14,23.881124,37.990226
275,15,23.881325,37.990054
275,16,23.881355,37.990054
275,17,23.880455,37.989093
275,18,23.879415,37.989463
275,19,23.876926,37.991054
275,20,23.875037,37.992633
275,21,23.876267,37.994514
275,22,23.875986,37.996982
275,23,23.875996,37.998683
275,24,23.876196,38.000213
275,25,23.876767,38.002174
275,26,23.876806,38.003154
275,27,23.875857,38.003395
275,28,23.875896,38.003665
275,29,23.875937,38.003856
275,30,23.874666,38.004264
275,31,23.872415,38.005015
275,32,23.869646,38.005546
275,33,23.867716,38.005904
275,34,23.865906,38.006206
275,35,23.863796,38.006667
275,36,23.860876,38.007266
275,37,23.860876,38.008426
275,38,23.861216,38.010448
275,39,23.860735,38.012317
275,40,23.860464,38.013968
275,41,23.860353,38.016769
275,42,23.860453,38.01947
275,43,23.860283,38.020801
275,44,23.859832,38.02283
275,45,23.859703,38.025592
275,46,23.859262,38.028583
275,47,23.858972,38.030975
275,48,23.858813,38.031036
275,49,23.858603,38.031116
275,50,23.857822,38.031394
275,51,23.857804,38.031425
275,52,23.856503,38.031806
275,53,23.856492,38.031817
275,54,23.856733,38.032439
275,55,23.856603,38.034141
275,56,23.853693,38.036212
275,57,23.850804,38.039363
275,58,23.847893,38.041694
275,59,23.847843,38.041732
275,60,23.846443,38.042453
275,61,23.843264,38.044333
275,62,23.840873,38.045634
275,63,23.839773,38.046436
275,64,23.839773,38.046447
275,65,23.839043,38.046366
275,66,23.837313,38.045066
275,67,23.835352,38.043597
275,68,23.832842,38.041778
275,69,23.831263,38.040557
275,70,23.830593,38.040076
275,71,23.830583,38.040065
275,72,23.830173,38.040706
275,73,23.829954,38.041236
275,74,23.829734,38.041687
275,75,23.829605,38.042056
275,76,23.829355,38.042834
275,77,23.829165,38.043536
275,78,23.828295,38.043456
275,79,23.825575,38.042174
275,80,23.822756,38.040775
275,81,23.821396,38.040244
275,82,23.819576,38.040393
275,83,23.819246,38.039985
275,84,23.817026,38.041316
275,85,23.814466,38.042895
275,86,23.812996,38.043696
275,87,23.812996,38.043735
275,88,23.812586,38.043914
275,89,23.810045,38.044654
275,90,23.809194,38.044875
275,91,23.808396,38.045184
275,92,23.807806,38.045394
275,93,23.807627,38.045486
275,94,23.807596,38.045497
275,95,23.806375,38.045246
275,96,23.805046,38.043846
275,97,23.804006,38.042834
275,98,23.803075,38.042823
275,99,23.802965,38.042861
275,100,23.802795,38.04288
275,101,23.801535,38.043479
275,102,23.802244,38.045131
275,103,23.802263,38.04647
275,104,23.802374,38.046458
275,105,23.802244,38.046528
275,106,23.802694,38.047218
275,107,23.803074,38.047088
275,108,23.803104,38.047088
275,109,23.803194,38.047069
275,110,23.803864,38.046718
275,111,23.804724,38.045948
275,112,23.805404,38.045516
275,113,23.805564,38.045318
275,114,23.805805,38.045039
275,115,23.805875,38.045009
275,116,23.805946,38.045047
275,117,23.806227,38.045165
275,118,23.806526,38.045455
275,119,23.806496,38.045345
275,120,23.805306,38.044036
275,121,23.804105,38.042968
275,122,23.803226,38.041839
275,123,23.805686,38.041008
275,124,23.807926,38.039867
275,125,23.808237,38.039707
275,126,23.808477,38.039687
275,127,23.808998,38.041575
275,128,23.809278,38.044326
275,129,23.810329,38.044554
275,130,23.81366,38.043353
275,131,23.816379,38.041683
275,132,23.818831,38.040084
275,133,23.820052,38.040393
275,134,23.821972,38.040484
275,135,23.824052,38.041575
275,136,23.827282,38.043216
275,137,23.829082,38.043838
275,138,23.829622,38.041816
275,139,23.829882,38.040896
275,140,23.830032,38.040447
275,141,23.830063,38.040397
275,142,23.831231,38.040778
275,143,23.833212,38.04219
275,144,23.835543,38.04383
275,145,23.837773,38.045452
275,146,23.839093,38.046382
275,147,23.839122,38.046394
275,148,23.841084,38.045326
275,149,23.843214,38.044227
275,150,23.846474,38.042327
275,151,23.849903,38.040015
275,152,23.852533,38.037227
275,153,23.855493,38.034767
275,154,23.856714,38.032695
275,155,23.854824,38.030147
275,156,23.853504,38.029315
275,157,23.851185,38.027107
275,158,23.849535,38.025237
275,159,23.849335,38.024967
275,160,23.848345,38.023136
275,161,23.847956,38.022433
275,162,23.847506,38.021835
275,163,23.847065,38.021255
275,164,23.848455,38.020645
275,165,23.850465,38.020763
275,166,23.851706,38.018134
275,167,23.853245,38.014632
275,168,23.854744,38.011401
275,169,23.856384,38.010131
275,170,23.857114,38.009612
275,171,23.857905,38.009093
275,172,23.858084,38.008872
275,173,23.857794,38.008571
275,174,23.857794,38.008532
275,175,23.857514,38.008224
275,176,23.857532,38.008106
275,177,23.857242,38.007174
275,178,23.855272,38.007274
275,179,23.855812,38.005862
275,180,23.856321,38.004592
275,181,23.856151,38.003402
275,182,23.856942,38.002941
275,183,23.856932,38.002891
275,184,23.85732,38.00273
275,185,23.86059,38.00075
275,186,23.86402,37.99924
275,187,23.867288,37.99755
275,188,23.871639,37.99554
275,189,23.87513,37.99216
275,190,23.879349,37.989398
275,191,23.8809,37.989619
275,192,23.8813,37.989989
275,193,23.881349,37.989951
275,194,23.88125,37.989963
275,195,23.881161,37.990062
275,196,23.88089,37.989654
275,197,23.88027,37.989093
275,198,23.878959,37.989753
275,199,23.876649,37.991253
275,200,23.87502,37.992663
275,201,23.8762,37.994434
275,202,23.87598,37.997264
275,203,23.876501,37.999335
275,204,23.877572,38.000328
275,205,23.8794,38.001617
275,206,23.87943,38.002406
275,207,23.87939,38.002475
275,208,23.879421,38.002666
275,209,23.879502,38.002666
275,210,23.879483,38.002524
275,211,23.879531,38.002586
275,212,23.879443,38.002597
275,213,23.879443,38.002586
275,214,23.879692,38.002574
275,215,23.879732,38.002543
275,216,23.879831,38.002513
275,217,23.879501,38.002574
275,218,23.879502,38.002605
275,219,23.879621,38.002605
275,220,23.879621,38.002605
275,221,23.879341,38.002594
275,222,23.87885,38.002582
275,223,23.879042,38.002612
275,224,23.879301,38.002643
275,225,23.87935,38.002612
275,226,23.87932,38.002384
275,227,23.878981,38.001544
275,228,23.87874,38.000964
275,229,23.88029,38.000933
275,230,23.879992,37.998443
275,231,23.88087,37.995193
275,232,23.881981,37.991272
275,233,23.88154,37.99039
275,234,23.881522,37.990352
275,235,23.881422,37.990081
275,236,23.881261,37.990062
275,237,23.881132,37.989932
275,238,23.880602,37.989432
275,239,23.879513,37.989383
275,240,23.877182,37.990832
275,241,23.874882,37.992503
275,242,23.875933,37.994003
275,243,23.875952,37.996291
275,244,23.874961,37.996063
275,245,23.872961,37.995742
275,246,23.870432,37.996051
275,247,23.870161,37.996032
275,248,23.86775,37.997302
275,249,23.864759,37.998881
275,250,23.86221,37.9999
275,251,23.85921,38.001731
275,252,23.857889,38.003329
275,253,23.858089,38.00584
275,254,23.858249,38.006561
275,255,23.858349,38.0069
275,256,23.858438,38.007201
275,257,23.858448,38.007213
275,258,23.858997,38.007441
275,259,23.860027,38.007343
275,260,23.860456,38.007434
275,261,23.860746,38.008822
275,262,23.861057,38.010341
275,263,23.861107,38.01202
275,264,23.860327,38.01372
275,265,23.860246,38.016601
275,266,23.860407,38.019542
275,267,23.860317,38.020362
275,268,23.859867,38.022571
275,269,23.859627,38.023662
275,270,23.859627,38.0237
275,271,23.857626,38.024241
275,272,23.854486,38.024832
275,273,23.850906,38.026035
275,274,23.850676,38.026115
275,275,23.848695,38.026756
275,276,23.845945,38.028137
275,277,23.844095,38.028624
275,278,23.842905,38.027236
275,279,23.840505,38.028278
275,280,23.837546,38.029586
275,281,23.837475,38.029617
275,282,23.836765,38.028957
275,283,23.835146,38.026916
275,284,23.833845,38.025565
275,285,23.833305,38.024844
275,286,23.832935,38.024783
275,287,23.832805,38.024822
275,288,23.832775,38.024852
275,289,23.832725,38.02489
275,290,23.832735,38.024878
275,291,23.832985,38.024829
275,292,23.833725,38.02566
275,293,23.835405,38.027392
275,294,23.836685,38.028412
275,295,23.839044,38.027461
275,296,23.841826,38.02618
275,297,23.842476,38.02632
275,298,23.844227,38.025882
275,299,23.847587,38.025234
275,300,23.849247,38.025004
275,301,23.850798,38.025283
275,302,23.851408,38.025825
275,303,23.853168,38.025306
275,304,23.855949,38.024707
275,305,23.858799,38.024058
275,306,23.859799,38.022468
275,307,23.860319,38.018867
275,308,23.860248,38.014918
275,309,23.859848,38.01171
275,310,23.860288,38.010749
275,311,23.859218,38.009837
275,312,23.857998,38.008208
275,313,23.857859,38.008079
275,314,23.857689,38.007499
275,315,23.856048,38.00714
275,316,23.855349,38.006148
275,317,23.856279,38.005279
275,318,23.85622,38.00349
275,319,23.857891,38.002497
275,320,23.860632,38.00074
275,321,23.864271,37.99916
275,322,23.867712,37.997352
275,323,23.871601,37.995601
275,324,23.874342,37.992732
275,325,23.878072,37.990253
275,326,23.880352,37.989143
275,327,23.881283,37.990112
275,328,23.881332,37.989921
275,329,23.881962,37.990489
275,330,23.881841,37.990501
275,331,23.881852,37.990539
275,332,23.881422,37.990077
275,333,23.881342,37.990078
275,334,23.881832,37.990497
275,335,23.881971,37.991046
275,336,23.88149,37.992908
275,337,23.880772,37.995627
275,338,23.880111,37.998439
275,339,23.880521,38.001048
275,340,23.880972,38.002368
275,341,23.882431,38.00233
275,342,23.88401,38.001972
275,343,23.884759,38.001941
275,344,23.884479,38.00328
275,345,23.885629,38.003711
275,346,23.88904,38.004242
275,347,23.89237,38.004402
275,348,23.896909,38.003623
275,349,23.8972,38.004504
275,350,23.89745,38.005744
275,351,23.89778,38.006713
275,352,23.89789,38.007415
275,353,23.8981,38.007335
275,354,23.898609,38.007334
275,355,23.899068,38.007335
275,356,23.899489,38.007346
275,357,23.899929,38.007365
275,358,23.900499,38.007426
275,359,23.900119,38.007438
275,360,23.90013,38.007427
275,361,23.899438,38.007366
275,362,23.897919,38.007304
275,363,23.897468,38.005416
275,364,23.897148,38.003844
275,365,23.897078,38.003654
275,366,23.896167,38.003753
275,367,23.891999,38.004524
275,368,23.889839,38.004405
275,369,23.887369,38.004017
275,370,23.884039,38.003486
275,371,23.881119,38.003737
275,372,23.880928,38.003726
275,373,23.880718,38.002055
275,374,23.880219,37.998905
275,375,23.881109,37.994865
275,376,23.882121,37.991127
275,377,23.88163,37.990348
275,378,23.8815,37.990058
275,379,23.881441,37.990027
275,380,23.881971,37.990699
275,381,23.881861,37.990631
275,382,23.881331,37.990169
275,383,23.88117,37.989978
275,384,23.881151,37.989989
275,385,23.881191,37.98994
275,386,23.881481,37.99031
275,387,23.882101,37.990741
275,388,23.88203,37.991282
275,389,23.8815,37.993194
275,390,23.880751,37.995944
275,391,23.88013,37.998633
275,392,23.880471,38.000865
275,393,23.880821,38.002456
275,394,23.882172,38.002494
275,395,23.884031,38.002063
275,396,23.884661,38.002204
275,397,23.88446,38.003265
275,398,23.884451,38.003486
275,399,23.88586,38.003764
275,400,23.88915,38.004314
275,401,23.892631,38.004405
275,402,23.897312,38.003573
275,403,23.899961,38.003165
275,404,23.903672,38.002727
275,405,23.907961,38.002628
275,406,23.91185,38.001979
275,407,23.912781,38.000328
275,408,23.91399,37.999786
275,409,23.91601,37.999286
275,410,23.9159,37.999274
275,411,23.9156,37.999404
275,412,23.9139,37.999854
275,413,23.91242,38.001125
275,414,23.91222,38.001574
275,415,23.91229,38.001414
275,416,23.911911,38.002025
275,417,23.908811,38.002616
275,418,23.904433,38.002677
275,419,23.900532,38.003108
275,420,23.899351,38.003257
275,421,23.89615,38.003798
275,422,23.89143,38.004649
275,423,23.88994,38.004451
275,424,23.88699,38.004001
275,425,23.88357,38.003562
275,426,23.882699,38.00376
275,427,23.88187,38.003829
275,428,23.88087,38.003738
275,429,23.880751,38.001487
275,430,23.88039,37.997886
275,431,23.88155,37.993545
275,432,23.882151,37.990814
275,433,23.881811,37.991034
275,434,23.881401,37.990813
275,435,23.881321,37.990753
275,436,23.881311,37.990741
275,437,23.881182,37.990409
275,438,23.881412,37.990237
275,439,23.881413,37.990226
275,440,23.881332,37.990054
275,441,23.881403,37.990005
275,442,23.881394,37.989993
275,443,23.881273,37.990054
275,444,23.881343,37.989974
275,445,23.880674,37.989246
275,446,23.880354,37.988986
275,447,23.879474,37.989406
275,448,23.877094,37.990924
275,449,23.874975,37.992523
275,450,23.876144,37.994193
275,451,23.875984,37.996524
275,452,23.876204,37.998324
275,453,23.875833,37.999274
275,454,23.876514,38.001296
275,455,23.876854,38.002394
275,456,23.876664,38.003086
275,457,23.875773,38.003364
275,458,23.875772,38.003395
275,459,23.875853,38.003593
275,460,23.875541,38.004054
275,461,23.873531,38.004725
275,462,23.871981,38.005157
275,463,23.871901,38.005508
275,464,23.872101,38.007369
275,465,23.870891,38.009547
275,466,23.871292,38.012138
275,467,23.871722,38.014808
275,468,23.871972,38.016437
275,469,23.872191,38.017566
275,470,23.869051,38.017924
275,471,23.867642,38.016913
275,472,23.866211,38.016693
275,473,23.865212,38.017593
275,474,23.86453,38.018191
275,475,23.863121,38.019092
275,476,23.861801,38.019782
275,477,23.861582,38.019893
275,478,23.861572,38.019912
275,479,23.861002,38.02011
275,480,23.860351,38.020251
275,481,23.858193,38.020442
275,482,23.854422,38.021083
275,483,23.85238,38.021483
275,484,23.85116,38.021694
275,485,23.84984,38.021892
275,486,23.848619,38.022021
275,487,23.847399,38.022163
275,488,23.846889,38.022273
275,489,23.84601,38.022403
275,490,23.845171,38.022544
275,491,23.84395,38.022705
275,492,23.842821,38.022743
275,493,23.842991,38.022583
275,494,23.84411,38.022411
275,495,23.84531,38.022293
275,496,23.84518,38.022293
275,497,23.84551,38.022151
275,498,23.845861,38.02212
275,499,23.845861,38.022139
275,500,23.845472,38.02222
275,501,23.844062,38.022441
275,502,23.842753,38.02264
275,503,23.842782,38.022731
275,504,23.843964,38.02272
275,505,23.843955,38.022838
275,506,23.844054,38.022857
275,507,23.844054,38.022869
275,508,23.844273,38.022719
275,509,23.845762,38.022468
275,510,23.847272,38.022216
275,511,23.848392,38.022166
275,512,23.849721,38.021957
275,513,23.850961,38.021766
275,514,23.852263,38.021575
275,515,23.853671,38.021316
275,516,23.857403,38.020755
275,517,23.860203,38.020053
275,518,23.862164,38.019652
275,519,23.864704,38.018024
275,520,23.866194,38.016742
275,521,23.867693,38.017311
275,522,23.869112,38.01802
275,523,23.869513,38.018
275,524,23.871462,38.017802
275,525,23.871921,38.016601
275,526,23.871261,38.012309
275,527,23.870771,38.008449
275,528,23.871801,38.005699
275,529,23.871792,38.005569
275,530,23.872221,38.005081
275,531,23.87417,38.004581
275,532,23.87614,38.004031
275,533,23.87779,38.003852
275,534,23.878299,38.003863
275,535,23.879179,38.003863
275,536,23.880069,38.003882
275,537,23.88068,38.003181
275,538,23.88035,38.000713
275,539,23.880541,37.996643
275,540,23.881641,37.992713
275,541,23.881821,37.990634
275,542,23.88171,37.990543
275,543,23.8817,37.990493
275,544,23.88136,37.990042
275,545,23.881261,37.990081
275,546,23.881202,37.98989
275,547,23.880583,37.98936
275,548,23.880512,37.989292
275,549,23.880512,37.98928
275,550,23.880413,37.989138
275,551,23.879503,37.98944
275,552,23.877564,37.99066
275,553,23.875124,37.992332
275,554,23.875824,37.993811
275,555,23.876024,37.996222
275,556,23.876185,37.99869
275,557,23.875784,37.999171
275,558,23.876385,38.000782
275,559,23.876915,38.00223
275,560,23.876764,38.003002
275,561,23.875885,38.003352
275,562,23.875885,38.003513
275,563,23.875885,38.003913
275,564,23.874346,38.004432
275,565,23.871876,38.005332
275,566,23.872116,38.007343
275,567,23.870895,38.009734
275,568,23.871305,38.012393
275,569,23.871726,38.015132
275,570,23.871895,38.016544
275,571,23.871885,38.017703
275,572,23.868595,38.018024
275,573,23.867405,38.016593
275,574,23.865785,38.017135
275,575,23.864894,38.017925
275,576,23.863565,38.018862
275,577,23.862396,38.019424
275,578,23.862496,38.019412
275,579,23.862385,38.019451
275,580,23.862375,38.019469
275,581,23.861986,38.019668
275,582,23.861937,38.019687
275,583,23.861937,38.019706
275,584,23.861816,38.019805
275,585,23.861466,38.019965
275,586,23.861425,38.019896
275,587,23.861815,38.019699
275,588,23.863446,38.018897
275,589,23.865126,38.017627
275,590,23.865905,38.017005
275,591,23.866495,38.016357
275,592,23.866476,38.016387
275,593,23.866796,38.016307
275,594,23.867966,38.017947
275,595,23.870575,38.017886
275,596,23.872125,38.017696
275,597,23.871684,38.015174
275,598,23.870995,38.010883
275,599,23.871765,38.007743
275,600,23.871746,38.005461
275,601,23.871756,38.005451
275,602,23.871835,38.005198
275,603,23.874065,38.004649
275,604,23.876036,38.004108
275,605,23.877176,38.003726
275,606,23.876536,38.002006
275,607,23.875865,37.999564
275,608,23.876217,37.998744
275,609,23.875918,37.996894
275,610,23.875647,37.993655
275,611,23.874997,37.992774
275,612,23.876615,37.991256
275,613,23.880146,37.989085
275,614,23.880526,37.989364
275,615,23.881306,37.990093
275,616,23.881325,37.990062
275,617,23.881414,37.990051
275,618,23.881396,37.990051
275,619,23.881346,37.989902
275,620,23.881207,37.989852
275,621,23.880426,37.989074
275,622,23.879887,37.989296
275,623,23.877777,37.990596
275,624,23.875427,37.992217
275,625,23.875667,37.993469
275,626,23.876189,37.995647
275,627,23.876139,37.998008
275,628,23.875839,37.998896
275,629,23.876058,38.000178
275,630,23.876669,38.001869
275,631,23.876219,38.00214
275,632,23.875488,38.002528
275,633,23.875747,38.003569
275,634,23.875938,38.003978
275,635,23.875759,38.004077
275,636,23.874048,38.004588
275,637,23.870357,38.0055
275,638,23.866457,38.006171
275,639,23.863626,38.006739
275,640,23.860006,38.007419
275,641,23.856595,38.008197
275,642,23.853506,38.009048
275,643,23.849577,38.009719
275,644,23.848096,38.009971
275,645,23.847097,38.010112
275,646,23.844807,38.010482
275,647,23.842146,38.01076
275,648,23.838495,38.01176
275,649,23.835255,38.012999
275,650,23.833355,38.013401
275,651,23.833336,38.013401
275,652,23.832007,38.013679
275,653,23.831115,38.0139
275,654,23.829275,38.014072
275,655,23.827355,38.014011
275,656,23.827185,38.014022
275,657,23.827033,38.014011
275,658,23.826433,38.01398
275,659,23.825992,38.013999
275,660,23.825352,38.013968
275,661,23.824871,38.013969
275,662,23.823061,38.013888
275,663,23.823061,38.0139
275,664,23.8225,38.013839
275,665,23.82028,38.013667
275,666,23.81887,38.013316
275,667,23.818071,38.013156
275,668,23.817701,38.013118
275,669,23.817312,38.012958
275,670,23.817082,38.012938
275,671,23.815571,38.012477
275,672,23.815021,38.012428
275,673,23.81467,38.012367
275,674,23.813381,38.012027
275,675,23.813131,38.011966
275,676,23.813041,38.011947
275,677,23.811342,38.011668
275,678,23.810632,38.011439
275,679,23.809103,38.010959
275,680,23.808752,38.01081
275,681,23.808622,38.010749
275,682,23.807942,38.010459
275,683,23.807352,38.010169
275,684,23.807293,38.010131
275,685,23.806373,38.009631
275,686,23.805654,38.00933
275,687,23.805464,38.009299
275,688,23.803644,38.00848
275,689,23.802475,38.008018
275,690,23.800536,38.007327
275,691,23.800014,38.007178
275,692,23.798574,38.006808
275,693,23.796064,38.005897
275,694,23.795414,38.005446
275,695,23.794325,38.004668
275,696,23.793495,38.004078
275,697,23.793264,38.003936
275,698,23.793024,38.003726
275,699,23.791824,38.002707
275,700,23.791213,38.002437
275,701,23.790454,38.002185
275,702,23.790095,38.002055
275,703,23.789493,38.001826
275,704,23.788714,38.001555
275,705,23.788433,38.001525
275,706,23.787723,38.001273
275,707,23.786924,38.000835
275,708,23.786185,38.000434
275,709,23.784843,37.999584
275,710,23.784334,37.999183
275,711,23.782983,37.998084
275,712,23.780563,37.996383
275,713,23.780113,37.996112
275,714,23.779123,37.995521
275,715,23.776594,37.993579
275,716,23.773304,37.991939
275,717,23.771514,37.991001
275,718,23.769726,37.98957
275,719,23.767255,37.98806
275,720,23.765485,37.98672
275,721,23.764216,37.986289
275,722,23.764015,37.986228
275,723,23.761705,37.98545
275,724,23.760854,37.985141
275,725,23.759924,37.98424
275,726,23.758184,37.98299
275,727,23.756704,37.982181
275,728,23.756525,37.98207
275,729,23.755174,37.98077
275,730,23.754284,37.979991
275,731,23.754044,37.980029
275,732,23.753883,37.979938
275,733,23.753784,37.980018
275,734,23.753713,37.979739
275,735,23.752254,37.978457
275,736,23.751283,37.977668
275,737,23.750593,37.977206
275,738,23.750294,37.976985
275,739,23.749784,37.976646
275,740,23.749615,37.976535
275,741,23.749415,37.976375
275,742,23.749945,37.975463
275,743,23.750715,37.975345
275,744,23.751785,37.975566
275,745,23.754665,37.976985
275,746,23.755875,37.979526
275,747,23.757235,37.980807
275,748,23.758224,37.981208
275,749,23.761595,37.982608
275,750,23.761906,37.983009
275,751,23.762936,37.98352
275,752,23.765245,37.98595
275,753,23.767225,37.988109
275,754,23.770075,37.989928
275,755,23.774055,37.992118
275,756,23.778165,37.994738
275,757,23.781546,37.996829
275,758,23.784715,37.99932
275,759,23.788395,38.00133
275,760,23.791106,38.002291
275,761,23.792305,38.003093
275,762,23.794565,38.004783
275,763,23.797975,38.006423
275,764,23.802086,38.007564
275,765,23.806366,38.009334
275,766,23.810917,38.011123
275,767,23.815647,38.012233
275,768,23.815768,38.012244
275,769,23.818586,38.013045
275,770,23.822696,38.013667
275,771,23.828266,38.013847
275,772,23.833277,38.013217
275,773,23.837597,38.011997
275,774,23.841917,38.010756
275,775,23.846527,38.010166
275,776,23.852506,38.009135
275,777,23.854816,38.007773
275,778,23.855146,38.006202
275,779,23.856247,38.00529
275,780,23.856117,38.003429
275,781,23.858936,38.001888
275,782,23.862986,37.999629
275,783,23.867086,37.997649
275,784,23.869936,37.996059
275,785,23.870246,37.995978
275,786,23.873066,37.994388
275,787,23.874447,37.992607
275,788,23.876337,37.991324
275,789,23.879717,37.989185
275,790,23.880805,37.989554
275,791,23.881167,37.989963
275,792,23.881185,37.989994
275,793,23.881225,37.990004
275,794,23.881346,37.990085
275,795,23.881916,37.990824
275,796,23.881275,37.991657
275,797,23.881365,37.991718
275,798,23.881503,37.991717
275,799,23.881824,37.991336
275,800,23.882425,37.989925
275,801,23.882974,37.987956
275,802,23.882805,37.986617
275,803,23.881695,37.985778
275,804,23.880434,37.985668
275,805,23.878624,37.985679
275,806,23.877875,37.985111
275,807,23.877384,37.98423
275,808,23.876404,37.984248
275,809,23.876003,37.984218
275,810,23.875972,37.984107
