276,1,23.876133,37.984237
276,2,23.877143,37.983928
276,3,23.877674,37.98484
276,4,23.878405,37.985611
276,5,23.880366,37.985541
276,6,23.882095,37.98558
276,7,23.882795,37.98659
276,8,23.883005,37.98751
276,9,23.881744,37.988101
276,10,23.880484,37.989093
276,11,23.881224,37.989864
276,12,23.881323,37.990024
276,13,23.881473,37.990172
276,14,23.881543,37.990222
276,15,23.881545,37.990291
276,16,23.881374,37.990112
276,17,23.881304,37.990013
276,18,23.881183,37.989821
276,19,23.881174,37.989821
276,20,23.880464,37.989162
276,21,23.879604,37.989311
276,22,23.877454,37.990661
276,23,23.875084,37.992313
276,24,23.875034,37.992644
276,25,23.876194,37.994376
276,26,23.875975,37.996788
276,27,23.876245,37.998569
276,28,23.875955,37.99961
276,29,23.876436,38.001129
276,30,23.876516,38.001979
276,31,23.875585,38.002159
276,32,23.875595,38.002757
276,33,23.875955,38.003756
276,34,23.875696,38.003997
276,35,23.874737,38.004268
276,36,23.873746,38.004619
276,37,23.871447,38.00521
276,38,23.868566,38.005721
276,39,23.866417,38.006103
276,40,23.863657,38.006671
276,41,23.861387,38.007159
276,42,23.860696,38.007518
276,43,23.861116,38.009059
276,44,23.861295,38.010791
276,45,23.860556,38.012481
276,46,23.860497,38.014213
276,47,23.860377,38.016963
276,48,23.860466,38.019583
276,49,23.860466,38.019675
276,50,23.860446,38.019824
276,51,23.860177,38.021533
276,52,23.859667,38.023655
276,53,23.859676,38.025066
276,54,23.859306,38.027534
276,55,23.859106,38.030124
276,56,23.858006,38.031253
276,57,23.857166,38.031543
276,58,23.856846,38.031661
276,59,23.856547,38.032092
276,60,23.857156,38.03332
276,61,23.857175,38.033401
276,62,23.855966,38.034591
276,63,23.853497,38.03646
276,64,23.851246,38.03897
276,65,23.848717,38.041201
276,66,23.845367,38.043083
276,67,23.843937,38.043964
276,68,23.841927,38.044982
276,69,23.840037,38.046203
276,70,23.839657,38.046504
276,71,23.839648,38.046504
276,72,23.839237,38.046505
276,73,23.837647,38.045264
276,74,23.836937,38.044734
276,75,23.836307,38.044284
276,76,23.833917,38.042503
276,77,23.832037,38.041141
276,78,23.831726,38.04092
276,79,23.831406,38.040698
276,80,23.831294,38.040618
276,81,23.831135,38.040508
276,82,23.830984,38.040416
276,83,23.830744,38.040244
276,84,23.830433,38.040065
276,85,23.830203,38.040214
276,86,23.830162,38.040313
276,87,23.830112,38.040492
276,88,23.829982,38.040843
276,89,23.829924,38.041004
276,90,23.829864,38.041164
276,91,23.829834,38.041415
276,92,23.829674,38.042056
276,93,23.829454,38.042648
276,94,23.828865,38.043639
276,95,23.826555,38.042621
276,96,23.824066,38.0414
276,97,23.822096,38.040401
276,98,23.820505,38.040352
276,99,23.820285,38.040389
276,100,23.820005,38.04045
276,101,23.819845,38.040461
276,102,23.819466,38.040462
276,103,23.818686,38.040183
276,104,23.816425,38.041804
276,105,23.813905,38.043304
276,106,23.810816,38.044506
276,107,23.809317,38.044784
276,108,23.809117,38.043204
276,109,23.808937,38.041766
276,110,23.808697,38.040336
276,111,23.808857,38.040218
276,112,23.808746,38.040218
276,113,23.808706,38.040187
276,114,23.808536,38.039947
276,115,23.808706,38.040225
276,116,23.808706,38.040195
276,117,23.808866,38.040095
276,118,23.809086,38.040027
276,119,23.809666,38.039855
276,120,23.811966,38.039176
276,121,23.815506,38.037948
276,122,23.817276,38.036906
276,123,23.819145,38.035415
276,124,23.820105,38.034083
276,125,23.820814,38.033332
276,126,23.820855,38.034034
276,127,23.819334,38.035495
276,128,23.815994,38.037887
276,129,23.815214,38.038207
276,130,23.815214,38.038196
276,131,23.814234,38.038585
276,132,23.810694,38.039786
276,133,23.810364,38.039977
276,134,23.810383,38.039977
276,135,23.810602,38.039939
276,136,23.810673,38.039859
276,137,23.810883,38.039729
276,138,23.813812,38.038791
276,139,23.818401,38.036323
276,140,23.820831,38.034183
276,141,23.821541,38.033592
276,142,23.823051,38.032321
276,143,23.831282,38.025703
276,144,23.832392,38.025154
276,145,23.832852,38.024814
276,146,23.833761,38.025653
276,147,23.835031,38.026954
276,148,23.836201,38.028274
276,149,23.83683,38.028286
276,150,23.83943,38.027244
276,151,23.84215,38.026015
276,152,23.84342,38.026225
276,153,23.84699,38.025264
276,154,23.84925,38.024913
276,155,23.85102,38.025302
276,156,23.852371,38.025051
276,157,23.853821,38.024631
276,158,23.8535,38.023661
276,159,23.853071,38.022643
276,160,23.853642,38.021891
276,161,23.855141,38.021553
276,162,23.854981,38.020534
276,163,23.85454,38.019042
276,164,23.854089,38.016341
276,165,23.85635,38.01358
276,166,23.857651,38.012
276,167,23.857311,38.010031
276,168,23.857792,38.009132
276,169,23.857891,38.00859
276,170,23.857841,38.008498
276,171,23.857681,38.008246
276,172,23.85765,38.008136
276,173,23.857281,38.007224
276,174,23.855301,38.007304
276,175,23.855831,38.005843
276,176,23.85633,38.004561
276,177,23.857121,38.002902
276,178,23.861089,38.000423
276,179,23.86508,37.998733
276,180,23.86906,37.996475
276,181,23.870121,37.996012
276,182,23.873001,37.994502
276,183,23.876482,37.991263
276,184,23.880121,37.989013
276,185,23.881191,37.989951
276,186,23.881311,37.99018
276,187,23.881361,37.9901
276,188,23.881401,37.9901
276,189,23.88117,37.98991
276,190,23.881179,37.989989
276,191,23.881179,37.990028
276,192,23.88105,37.989879
276,193,23.88105,37.989867
276,194,23.88077,37.989516
276,195,23.880239,37.989028
276,196,23.879349,37.989447
276,197,23.876309,37.991447
276,198,23.875279,37.993045
276,199,23.876019,37.995884
276,200,23.876058,37.998633
276,201,23.876089,38.000125
276,202,23.876709,38.001975
276,203,23.877138,38.003326
276,204,23.876948,38.003597
276,205,23.874468,38.004226
276,206,23.871988,38.004997
276,207,23.869999,38.005386
276,208,23.868009,38.005767
276,209,23.86549,38.006176
276,210,23.86194,38.006976
276,211,23.860831,38.008124
276,212,23.861181,38.010776
276,213,23.860291,38.013034
276,214,23.86026,38.015983
276,215,23.86037,38.017883
276,216,23.86039,38.019561
276,217,23.86039,38.019591
276,218,23.860279,38.020541
276,219,23.859729,38.023002
276,220,23.859659,38.025012
276,221,23.859229,38.028274
276,222,23.858731,38.031012
276,223,23.857,38.031635
276,224,23.85679,38.032676
276,225,23.855529,38.034835
276,226,23.852169,38.037807
276,227,23.849379,38.040717
276,228,23.847788,38.041816
276,229,23.845698,38.042914
276,230,23.841836,38.045123
276,231,23.840156,38.046222
276,232,23.839897,38.047691
276,233,23.839626,38.050109
276,234,23.839496,38.050948
276,235,23.839136,38.051398
276,236,23.839136,38.051417
276,237,23.838047,38.051479
276,238,23.835327,38.05117
276,239,23.834686,38.05117
276,240,23.834677,38.051189
276,241,23.833557,38.05117
276,242,23.830847,38.05149
276,243,23.827446,38.052631
276,244,23.825815,38.052859
276,245,23.824764,38.053699
276,246,23.825353,38.05479
276,247,23.825903,38.056449
276,248,23.826214,38.05741
276,249,23.826124,38.05741
276,250,23.826105,38.057479
276,251,23.826086,38.057323
276,252,23.825537,38.056014
276,253,23.825027,38.054313
276,254,23.825258,38.053012
276,255,23.828838,38.052131
276,256,23.830578,38.051562
276,257,23.832777,38.051204
276,258,23.833777,38.051174
276,259,23.835796,38.051212
276,260,23.836546,38.051261
276,261,23.837276,38.05139
276,262,23.839157,38.051311
276,263,23.839546,38.049289
276,264,23.839617,38.04758
276,265,23.839358,38.0471
276,266,23.839597,38.046477
276,267,23.842367,38.044707
276,268,23.846037,38.042659
276,269,23.849167,38.04084
276,270,23.852197,38.0377
276,271,23.855716,38.03472
276,272,23.856916,38.033171
276,273,23.857126,38.031673
276,274,23.859096,38.030002
276,275,23.859408,38.02629
276,276,23.859497,38.02423
276,277,23.859516,38.024001
276,278,23.859945,38.022113
276,279,23.860306,38.018192
276,280,23.860286,38.014072
276,281,23.859796,38.011722
276,282,23.860317,38.01073
276,283,23.859466,38.010009
276,284,23.858416,38.008899
276,285,23.857867,38.008258
276,286,23.857727,38.00811
276,287,23.857707,38.008091
276,288,23.857689,38.007682
276,289,23.85645,38.00706
276,290,23.855169,38.006518
276,291,23.85591,38.005329
276,292,23.856248,38.003891
276,293,23.857979,38.00249
276,294,23.861898,38.000099
276,295,23.865719,37.998446
276,296,23.868908,37.996627
276,297,23.872658,37.994949
276,298,23.875297,37.992088
276,299,23.878837,37.989776
276,300,23.880728,37.989497
276,301,23.881107,37.989856
276,302,23.881107,37.990516
276,303,23.881218,37.990626
276,304,23.881227,37.990626
276,305,23.881467,37.990897
276,306,23.881838,37.990436
276,307,23.881838,37.990424
276,308,23.881838,37.990424
276,309,23.881828,37.990424
276,310,23.881858,37.990585
276,311,23.881418,37.990234
276,312,23.881359,37.990123
276,313,23.881399,37.990073
276,314,23.88192,37.990474
276,315,23.882111,37.990665
276,316,23.881851,37.991855
276,317,23.881182,37.994296
276,318,23.880371,37.997165
276,319,23.880232,37.999793
276,320,23.880642,38.001853
276,321,23.881602,38.002261
276,322,23.883322,38.002169
276,323,23.884771,38.001681
276,324,23.884672,38.002281
276,325,23.884542,38.003139
276,326,23.885372,38.003459
276,327,23.888351,38.003971
276,328,23.890352,38.00434
276,329,23.891533,38.004451
276,330,23.892053,38.004401
276,331,23.895474,38.00381
276,332,23.898723,38.00323
276,333,23.901144,38.002979
276,334,23.904943,38.002628
276,335,23.908873,38.002547
276,336,23.912302,38.000999
276,337,23.916052,37.999198
276,338,23.918331,37.998618
276,339,23.919651,37.998268
276,340,23.919552,37.998279
276,341,23.918262,37.998687
276,342,23.917603,37.999057
276,343,23.917513,37.999057
276,344,23.916723,37.999087
276,345,23.913563,37.999919
276,346,23.911753,38.002139
276,347,23.908142,38.002609
276,348,23.904253,38.002677
276,349,23.900762,38.003078
276,350,23.898712,38.003337
276,351,23.895302,38.003959
276,352,23.892431,38.004539
276,353,23.892412,38.00455
276,354,23.892353,38.004668
276,355,23.892134,38.004729
276,356,23.892134,38.004699
276,357,23.892153,38.004718
276,358,23.892353,38.004528
276,359,23.892214,38.004528
276,360,23.891014,38.004618
276,361,23.890924,38.004619
276,362,23.889925,38.004447
276,363,23.888695,38.004257
276,364,23.887313,38.004058
276,365,23.886764,38.003978
276,366,23.886344,38.003829
276,367,23.885795,38.003749
276,368,23.885595,38.003737
276,369,23.884855,38.003608
276,370,23.884676,38.003608
276,371,23.883745,38.003516
276,372,23.883486,38.003566
276,373,23.882925,38.003715
276,374,23.882685,38.003745
276,375,23.881984,38.003783
276,376,23.881464,38.003814
276,377,23.880915,38.003093
276,378,23.880684,38.000613
276,379,23.880674,37.996925
276,380,23.881753,37.992823
276,381,23.882004,37.990592
276,382,23.881494,37.99029
276,383,23.881395,37.990291
276,384,23.881186,37.990371
276,385,23.881426,37.991031
276,386,23.881537,37.991561
276,387,23.881506,37.991611
276,388,23.881546,37.991642
276,389,23.881636,37.991592
276,390,23.881645,37.99158
276,391,23.881925,37.99092
276,392,23.881426,37.990199
276,393,23.881485,37.990058
276,394,23.881365,37.989967
276,395,23.881384,37.990196
276,396,23.881545,37.990295
276,397,23.881593,37.990325
276,398,23.882013,37.990684
276,399,23.882072,37.990744
276,400,23.881773,37.991965
276,401,23.881143,37.994224
276,402,23.880425,37.996833
276,403,23.880045,37.999114
276,404,23.880495,38.001292
276,405,23.881045,38.002204
276,406,23.882235,38.002265
276,407,23.884125,38.001876
276,408,23.884654,38.002074
276,409,23.884335,38.003436
276,410,23.885394,38.003726
276,411,23.888615,38.004214
276,412,23.892614,38.004375
276,413,23.897194,38.003566
276,414,23.901644,38.002956
276,415,23.906303,38.002666
276,416,23.911342,38.002334
276,417,23.914174,37.999725
276,418,23.915853,37.999286
276,419,23.915733,37.999336
276,420,23.914132,37.999786
276,421,23.912412,38.001117
276,422,23.912283,38.001499
276,423,23.912274,38.001499
276,424,23.912332,38.001357
276,425,23.912352,38.001357
276,426,23.912041,38.001868
276,427,23.908571,38.00262
276,428,23.9043,38.00267
276,429,23.899891,38.003158
276,430,23.894602,38.004058
276,431,23.889402,38.004337
276,432,23.884302,38.003558
276,433,23.881203,38.003787
276,434,23.880842,38.003349
276,435,23.880552,38.000568
276,436,23.880703,37.996597
276,437,23.881633,37.993106
276,438,23.882154,37.990744
276,439,23.882044,37.990634
276,440,23.881415,37.990153
276,441,23.881495,37.990073
276,442,23.881315,37.989974
276,443,23.881284,37.990013
276,444,23.880335,37.989044
276,445,23.880224,37.989032
276,446,23.879333,37.989512
276,447,23.877162,37.990902
276,448,23.875313,37.992202
276,449,23.875423,37.993171
276,450,23.876182,37.995322
276,451,23.875482,37.996631
276,452,23.873573,37.995349
276,453,23.870514,37.99615
276,454,23.870474,37.996139
276,455,23.870353,37.996078
276,456,23.868124,37.997176
276,457,23.864734,37.998984
276,458,23.860824,38.000674
276,459,23.857994,38.002334
276,460,23.858225,38.000656
276,461,23.858166,37.998805
276,462,23.857617,37.997886
276,463,23.856556,37.997824
276,464,23.853885,37.998084
276,465,23.852744,37.998355
276,466,23.852665,37.999015
276,467,23.852175,37.999385
276,468,23.850624,37.998325
276,469,23.849454,37.997684
276,470,23.847765,37.997036
276,471,23.846085,37.996814
276,472,23.844595,37.997363
276,473,23.843935,37.998294
276,474,23.843886,37.999385
276,475,23.843996,37.999515
276,476,23.844215,37.999766
276,477,23.844366,37.999927
276,478,23.844415,38.000018
276,479,23.844397,37.999987
276,480,23.844317,37.999816
276,481,23.843736,37.999095
276,482,23.844205,37.997473
276,483,23.846846,37.996665
276,484,23.848754,37.997367
276,485,23.849843,37.997817
276,486,23.849844,37.997806
276,487,23.849854,37.997825
276,488,23.850143,37.997874
276,489,23.851454,37.998874
276,490,23.852653,37.999134
276,491,23.852634,37.998184
276,492,23.855494,37.997931
276,493,23.857495,37.99792
276,494,23.858074,37.998851
276,495,23.858034,38.00093
276,496,23.857924,38.002169
276,497,23.858984,38.001849
276,498,23.862145,37.999938
276,499,23.865585,37.998458
276,500,23.868736,37.996708
276,501,23.872236,37.995269
276,502,23.874515,37.99261
276,503,23.877216,37.990829
276,504,23.880035,37.989089
276,505,23.881106,37.989929
276,506,23.881204,37.989989
276,507,23.881275,37.989959
276,508,23.881284,37.989989
276,509,23.881895,37.990532
276,510,23.881926,37.99055
276,511,23.881845,37.990378
276,512,23.881606,37.989837
276,513,23.881476,37.989887
276,514,23.881346,37.989849
276,515,23.880535,37.989017
276,516,23.880436,37.989005
276,517,23.880326,37.988986
276,518,23.878845,37.989818
276,519,23.876385,37.991416
276,520,23.875195,37.992706
276,521,23.876295,37.994445
276,522,23.876024,37.996634
276,523,23.876244,37.998615
276,524,23.875855,37.999236
276,525,23.876394,38.001067
276,526,23.876465,38.002006
276,527,23.875525,38.002284
276,528,23.875795,38.003253
276,529,23.875915,38.003795
276,530,23.875946,38.003886
276,531,23.875977,38.003886
276,532,23.874966,38.004176
276,533,23.872285,38.005027
276,534,23.872015,38.005118
276,535,23.871065,38.005298
276,536,23.868506,38.005779
276,537,23.865786,38.006217
276,538,23.862856,38.006866
276,539,23.860805,38.007266
276,540,23.860685,38.007507
276,541,23.860944,38.009006
276,542,23.861176,38.010616
276,543,23.861095,38.012126
276,544,23.860266,38.012786
276,545,23.860426,38.014167
276,546,23.860275,38.016536
276,547,23.860454,38.019385
276,548,23.860435,38.019656
276,549,23.860396,38.020038
276,550,23.860195,38.021407
276,551,23.859806,38.023028
276,552,23.859716,38.02341
276,553,23.858615,38.024059
276,554,23.855196,38.024699
276,555,23.851915,38.025718
276,556,23.850826,38.026088
276,557,23.849466,38.026519
276,558,23.846765,38.02766
276,559,23.844515,38.028941
276,560,23.843484,38.027492
276,561,23.841615,38.025641
276,562,23.838815,38.024871
276,563,23.838366,38.024039
276,564,23.838966,38.023559
276,565,23.838525,38.023398
276,566,23.837755,38.023517
276,567,23.836845,38.023696
276,568,23.836047,38.023807
276,569,23.835297,38.023807
276,570,23.834806,38.023486
276,571,23.834257,38.023097
276,572,23.834818,38.022807
276,573,23.835458,38.022926
276,574,23.835859,38.023086
276,575,23.836229,38.023155
276,576,23.836369,38.023326
276,577,23.836428,38.023437
276,578,23.835488,38.023047
276,579,23.834547,38.02293
276,580,23.834257,38.023319
276,581,23.834247,38.023319
276,582,23.834408,38.023449
276,583,23.835139,38.0237
276,584,23.836138,38.023711
276,585,23.837387,38.023433
276,586,23.838577,38.023173
276,587,23.838176,38.023693
276,588,23.839386,38.024761
276,589,23.842427,38.026042
276,590,23.844597,38.025562
276,591,23.848137,38.025043
276,592,23.848526,38.023593
276,593,23.846386,38.020385
276,594,23.844835,38.017154
276,595,23.843666,38.013935
276,596,23.843567,38.012096
276,597,23.843666,38.011565
276,598,23.843755,38.010955
276,599,23.843755,38.010936
276,600,23.845605,38.010356
276,601,23.849976,38.009597
276,602,23.854545,38.008716
276,603,23.855264,38.007354
276,604,23.855895,38.006053
276,605,23.856404,38.004932
276,606,23.856313,38.003254
276,607,23.859394,38.001593
276,608,23.862765,37.999675
276,609,23.866085,37.998157
276,610,23.869615,37.996135
276,611,23.873096,37.994354
276,612,23.876106,37.991485
276,613,23.879557,37.989265
276,614,23.880306,37.988994
276,615,23.881247,37.989924
276,616,23.881416,37.990123
276,617,23.881416,37.990104
276,618,23.880735,37.989333
276,619,23.880146,37.989062
276,620,23.878505,37.990031
276,621,23.876215,37.99155
276,622,23.875024,37.992569
276,623,23.876194,37.9943
276,624,23.876003,37.996371
276,625,23.875124,37.996173
276,626,23.873043,37.995692
276,627,23.870773,37.996154
276,628,23.870533,37.996025
276,629,23.868593,37.996844
276,630,23.865503,37.998523
276,631,23.861864,38.000041
276,632,23.858685,38.00204
276,633,23.857905,38.003821
276,634,23.858255,38.00624
276,635,23.858545,38.007201
276,636,23.858475,38.007571
276,637,23.856723,38.008082
276,638,23.856684,38.008994
276,639,23.856983,38.009745
276,640,23.856924,38.009807
276,641,23.856524,38.010047
276,642,23.854803,38.011459
276,643,23.853313,38.01461
276,644,23.852003,38.017607
276,645,23.850723,38.020316
276,646,23.849373,38.020545
276,647,23.847363,38.020926
276,648,23.846452,38.021076
276,649,23.843702,38.021385
276,650,23.840603,38.021594
276,651,23.838743,38.021484
276,652,23.838154,38.022384
276,653,23.837935,38.023162
276,654,23.838225,38.023852
276,655,23.838264,38.024131
276,656,23.838284,38.024051
276,657,23.838654,38.023601
276,658,23.838814,38.023292
276,659,23.838104,38.02341
276,660,23.837373,38.023551
276,661,23.836594,38.0237
276,662,23.835714,38.023811
276,663,23.835174,38.023521
276,664,23.834315,38.0233
276,665,23.834555,38.022899
276,666,23.835415,38.022888
276,667,23.835615,38.02322
276,668,23.835646,38.023139
276,669,23.835886,38.023029
276,670,23.836056,38.023028
276,671,23.835956,38.022998
276,672,23.835947,38.023048
276,673,23.836037,38.023098
276,674,23.836358,38.023307
276,675,23.836298,38.023418
276,676,23.835838,38.023116
276,677,23.835838,38.023097
276,678,23.835228,38.022819
276,679,23.834377,38.022979
276,680,23.834448,38.023459
276,681,23.835148,38.023799
276,682,23.836147,38.023768
276,683,23.837338,38.02357
276,684,23.838537,38.02338
276,685,23.838367,38.023761
276,686,23.839018,38.02484
276,687,23.842238,38.025859
276,688,23.844128,38.02589
276,689,23.847517,38.025218
276,690,23.848987,38.024508
276,691,23.847348,38.021609
276,692,23.845717,38.018649
276,693,23.844116,38.015529
276,694,23.843506,38.012477
276,695,23.843736,38.010879
276,696,23.843736,38.010738
276,697,23.847057,38.010036
276,698,23.851797,38.009246
276,699,23.855707,38.008334
276,700,23.859926,38.007286
276,701,23.864626,38.006427
276,702,23.868116,38.005748
276,703,23.872217,38.004996
276,704,23.875758,38.004066
276,705,23.879306,38.003795
276,706,23.880726,38.003524
276,707,23.880676,38.002174
276,708,23.880206,37.999324
276,709,23.880916,37.995716
276,710,23.881888,37.992095
276,711,23.881687,37.990436
276,712,23.881398,37.990245
276,713,23.881657,37.990444
276,714,23.881616,37.990405
276,715,23.882166,37.990635
276,716,23.882576,37.989036
276,717,23.882927,37.987716
276,718,23.882736,37.986366
276,719,23.881595,37.985637
276,720,23.879486,37.985538
276,721,23.878086,37.985397
276,722,23.877586,37.984516
276,723,23.876856,37.984034
276,724,23.876017,37.984153
276,725,23.875946,37.984142
