28,1,23.843067,37.999164
28,2,23.843657,37.998805
28,3,23.844097,37.997516
28,4,23.845387,37.996757
28,5,23.847626,37.996906
28,6,23.849736,37.997714
28,7,23.851125,37.998633
28,8,23.852584,37.999255
28,9,23.852594,37.998214
28,10,23.854846,37.997935
28,11,23.857454,37.997714
28,12,23.858234,37.999046
28,13,23.857954,38.001327
28,14,23.857973,38.002318
28,15,23.860513,38.000709
28,16,23.864143,37.999137
28,17,23.867594,37.997306
28,18,23.869983,37.996005
28,19,23.870344,37.995906
28,20,23.873125,37.994255
28,21,23.876076,37.991484
28,22,23.879576,37.989246
28,23,23.880906,37.989627
28,24,23.881365,37.990107
28,25,23.881624,37.990497
28,26,23.881615,37.990386
28,27,23.881556,37.990237
28,28,23.881346,37.989997
28,29,23.881306,37.989986
28,30,23.881796,37.990257
28,31,23.882236,37.990638
28,32,23.881786,37.992309
28,33,23.880926,37.995338
28,34,23.880186,37.998877
28,35,23.880636,38.001857
28,36,23.880636,38.003688
28,37,23.877906,38.003749
28,38,23.875646,38.00407
28,39,23.872877,38.004939
28,40,23.868486,38.00579
28,41,23.867006,38.006061
28,42,23.863646,38.00669
28,43,23.860666,38.007442
28,44,23.861018,38.009372
28,45,23.861276,38.01171
28,46,23.860417,38.013751
28,47,23.860296,38.016181
28,48,23.859297,38.0163
28,49,23.855797,38.016879
28,50,23.854308,38.017711
28,51,23.854948,38.019881
28,52,23.855488,38.021904
28,53,23.855917,38.024333
28,54,23.856737,38.024395
28,55,23.859056,38.023975
28,56,23.859657,38.024504
28,57,23.859327,38.027285
28,58,23.859148,38.030707
28,59,23.856498,38.031848
28,60,23.85649,38.032119
28,61,23.85698,38.033839
28,62,23.85412,38.036018
28,63,23.8511,38.039176
28,64,23.847592,38.041938
28,65,23.843521,38.044219
28,66,23.840231,38.0461
28,67,23.839602,38.046588
28,68,23.839861,38.04861
28,69,23.839421,38.051269
28,70,23.83876,38.051509
28,71,23.8358,38.051158
28,72,23.832621,38.051188
28,73,23.8294,38.051909
28,74,23.825001,38.05297
28,75,23.82345,38.05263
28,76,23.8198,38.052451
28,77,23.815399,38.052921
28,78,23.81214,38.053981
28,79,23.81167,38.054091
28,80,23.811639,38.054103
28,81,23.81163,38.054313
28,82,23.812071,38.055992
28,83,23.80903,38.057712
28,84,23.809021,38.060234
28,85,23.80874,38.060332
28,86,23.808731,38.060294
28,87,23.808541,38.060424
28,88,23.80835,38.060252
28,89,23.808279,38.060222
28,90,23.808559,38.060412
28,91,23.808659,38.060214
28,92,23.808578,38.057926
28,93,23.811628,38.056235
28,94,23.811317,38.054244
28,95,23.811218,38.053943
28,96,23.810108,38.051723
28,97,23.809248,38.052241
28,98,23.809858,38.05273
28,99,23.811009,38.053359
28,100,23.812559,38.053637
28,101,23.815979,38.052627
28,102,23.819658,38.052356
28,103,23.822477,38.052344
28,104,23.823337,38.052615
28,105,23.823347,38.052615
28,106,23.824487,38.053237
28,107,23.828098,38.052276
28,108,23.831607,38.051265
28,109,23.835037,38.051154
28,110,23.837098,38.051296
28,111,23.838488,38.051516
28,112,23.839577,38.049628
28,113,23.839647,38.047408
28,114,23.839388,38.047008
28,115,23.839307,38.046737
28,116,23.841308,38.045348
28,117,23.844728,38.043449
28,118,23.847969,38.04164
28,119,23.85104,38.039092
28,120,23.85465,38.035571
28,121,23.85685,38.033042
28,122,23.856349,38.032104
28,123,23.85671,38.031844
28,124,23.85911,38.030384
28,125,23.859359,38.026473
28,126,23.85953,38.024295
28,127,23.859659,38.023356
28,128,23.86014,38.021178
28,129,23.860309,38.017756
28,130,23.860309,38.013976
28,131,23.85985,38.011855
28,132,23.85771,38.011905
28,133,23.85725,38.009704
28,134,23.857821,38.008414
28,135,23.857231,38.007155
28,136,23.85548,38.007385
28,137,23.85566,38.006195
28,138,23.85648,38.005127
28,139,23.856239,38.003356
28,140,23.858749,38.002048
28,141,23.862089,37.999969
28,142,23.865579,37.998477
28,143,23.869258,37.996367
28,144,23.873259,37.994129
28,145,23.876958,37.990958
28,146,23.880169,37.989028
28,147,23.881149,37.989848
28,148,23.881219,37.989917
28,149,23.881239,37.989917
28,150,23.88143,37.990066
28,151,23.881439,37.990066
28,152,23.881979,37.990577
28,153,23.881898,37.990558
28,154,23.881819,37.990398
28,155,23.88139,37.990088
28,156,23.881331,37.990119
28,157,23.8811,37.989848
28,158,23.88008,37.989108
28,159,23.877949,37.99036
28,160,23.874468,37.992721
28,161,23.871918,37.995483
28,162,23.869047,37.996551
28,163,23.865276,37.998641
28,164,23.861156,38.000381
28,165,23.857986,38.002453
28,166,23.857967,38.005153
28,167,23.858397,38.006823
28,168,23.858397,38.006823
28,169,23.858536,38.007225
28,170,23.858545,38.007225
28,171,23.858615,38.007476
28,172,23.857167,38.007884
28,173,23.853996,38.008884
28,174,23.850086,38.009563
28,175,23.845726,38.010291
28,176,23.841215,38.010833
28,177,23.837484,38.012214
28,178,23.834795,38.013183
28,179,23.834736,38.013972
28,180,23.833555,38.014144
28,181,23.833355,38.013812
28,182,23.833284,38.013874
28,183,23.833133,38.013805
28,184,23.833022,38.013854
28,185,23.833192,38.013865
28,186,23.833212,38.013675
28,187,23.833202,38.013614
28,188,23.833163,38.013362
28,189,23.834633,38.013011
28,190,23.835102,38.012912
28,191,23.835622,38.012794
28,192,23.837103,38.012252
28,193,23.838854,38.011421
28,194,23.839294,38.011222
28,195,23.839754,38.011051
28,196,23.840765,38.01089
28,197,23.842665,38.010669
28,198,23.845715,38.010299
28,199,23.850344,38.00946
28,200,23.853363,38.008838
28,201,23.853542,38.006827
28,202,23.854603,38.004226
28,203,23.856722,38.002975
28,204,23.858372,38.002143
28,205,23.861952,37.999965
28,206,23.865442,37.998473
28,207,23.869142,37.996352
28,208,23.872472,37.994971
28,209,23.875411,37.9919
28,210,23.879611,37.989219
28,211,23.880861,37.989619
28,212,23.881212,37.989989
28,213,23.881302,37.990107
28,214,23.881401,37.990138
28,215,23.881241,37.990028
28,216,23.881191,37.990009
28,217,23.881172,37.98991
28,218,23.881061,37.989811
28,219,23.881061,37.989811
28,220,23.880951,37.9897
28,221,23.87993,37.989101
28,222,23.877731,37.99044
28,223,23.874441,37.992679
28,224,23.87248,37.995059
28,225,23.871041,37.99578
28,226,23.87013,37.996021
28,227,23.866871,37.997741
28,228,23.863321,37.999461
28,229,23.860192,38.00101
28,230,23.858371,38.002189
28,231,23.857962,38.002571
28,232,23.857953,38.005031
28,233,23.858291,38.006522
28,234,23.85835,38.006744
28,235,23.85835,38.006755
28,236,23.85849,38.007144
28,237,23.858489,38.007175
28,238,23.859779,38.007267
28,239,23.86014,38.007236
28,240,23.86031,38.007224
28,241,23.86066,38.008075
28,242,23.86104,38.009566
28,243,23.861139,38.010325
28,244,23.861109,38.010387
28,245,23.861127,38.010867
28,246,23.860498,38.012538
28,247,23.860369,38.014877
28,248,23.860419,38.018245
28,249,23.860088,38.021804
28,250,23.859659,38.023643
28,251,23.8596,38.023883
28,252,23.857889,38.024173
28,253,23.8554,38.024894
28,254,23.85577,38.026732
28,255,23.85635,38.028251
28,256,23.854879,38.028831
28,257,23.853948,38.029472
28,258,23.855157,38.030452
28,259,23.856088,38.0316
28,260,23.856088,38.031619
28,261,23.856628,38.03234
28,262,23.856928,38.033858
28,263,23.854178,38.035949
28,264,23.850937,38.03931
28,265,23.847467,38.041991
28,266,23.843696,38.044131
28,267,23.840557,38.045863
28,268,23.839586,38.047065
28,269,23.839777,38.048686
28,270,23.839678,38.049888
28,271,23.839277,38.051349
28,272,23.839077,38.051467
28,273,23.839077,38.051479
28,274,23.837806,38.051479
28,275,23.836006,38.0512
28,276,23.835596,38.05117
28,277,23.835695,38.051139
28,278,23.835615,38.050899
28,279,23.835556,38.050647
28,280,23.835445,38.050307
28,281,23.835386,38.050128
28,282,23.835467,38.050727
28,283,23.836377,38.051109
28,284,23.837777,38.05146
28,285,23.837916,38.051498
28,286,23.839066,38.051448
28,287,23.839566,38.049067
28,288,23.839485,38.047348
28,289,23.840055,38.046088
28,290,23.842875,38.044437
28,291,23.845535,38.042895
28,292,23.846766,38.042224
28,293,23.848706,38.041114
28,294,23.850916,38.039153
28,295,23.853876,38.036052
28,296,23.856676,38.033973
28,297,23.856556,38.032481
28,298,23.856436,38.03231
28,299,23.858796,38.03107
28,300,23.859147,38.02751
28,301,23.859485,38.025062
28,302,23.859485,38.02368
28,303,23.859646,38.02299
28,304,23.860035,38.021129
28,305,23.860164,38.017207
28,306,23.860134,38.013416
28,307,23.858805,38.011947
28,308,23.857325,38.010417
28,309,23.858055,38.009006
28,310,23.857694,38.008445
28,311,23.857694,38.008395
28,312,23.857254,38.007354
28,313,23.855293,38.007415
28,314,23.855793,38.005966
28,315,23.856253,38.004447
28,316,23.856293,38.003299
28,317,23.857973,38.002448
28,318,23.861533,38.000217
28,319,23.864493,37.999045
28,320,23.866891,37.997745
28,321,23.86983,37.996104
28,322,23.870181,37.995994
28,323,23.873242,37.994113
28,324,23.877432,37.990641
28,325,23.880291,37.9891
28,326,23.88117,37.989932
28,327,23.88135,37.990203
28,328,23.881368,37.990112
28,329,23.881948,37.990592
28,330,23.881838,37.990573
28,331,23.881869,37.990561
28,332,23.881427,37.990191
28,333,23.881387,37.990203
28,334,23.880758,37.989501
28,335,23.879747,37.989261
28,336,23.877188,37.990851
28,337,23.873808,37.993342
28,338,23.871128,37.995811
28,339,23.869648,37.996242
28,340,23.865898,37.998344
28,341,23.862318,37.999903
28,342,23.859129,38.001815
28,343,23.857899,38.002296
28,344,23.858279,38.000155
28,345,23.857769,37.998164
28,346,23.856578,37.997733
28,347,23.853849,37.997992
28,348,23.852721,37.998324
28,349,23.85272,37.999126
28,350,23.8521,37.999297
28,351,23.85112,37.999267
28,352,23.8501,37.999488
28,353,23.84947,37.999648
28,354,23.84944,37.999709
28,355,23.849529,38.00006
28,356,23.849699,38.000629
28,357,23.849879,38.001197
28,358,23.850057,38.001788
28,359,23.850338,38.002589
28,360,23.850368,38.00304
28,361,23.850408,38.00349
28,362,23.850418,38.003688
28,363,23.850899,38.003589
28,364,23.851589,38.00352
28,365,23.851449,38.00233
28,366,23.853501,38.001868
28,367,23.8547,38.00222
28,368,23.85457,38.003749
28,369,23.856001,38.003379
28,370,23.856571,38.003089
28,371,23.860281,38.00093
28,372,23.864201,37.99916
28,373,23.866051,37.99818
28,374,23.86899,37.99649
28,375,23.872681,37.994838
28,376,23.875289,37.99205
28,377,23.87878,37.989749
28,378,23.88034,37.9891
28,379,23.88125,37.990081
28,380,23.88125,37.989989
28,381,23.881991,37.990508
28,382,23.882021,37.99126
28,383,23.88134,37.993789
28,384,23.880479,37.996898
28,385,23.880341,38.000098
28,386,23.880711,38.00286
28,387,23.88073,38.003242
28,388,23.88072,38.003402
28,389,23.88072,38.003494
28,390,23.882049,38.003665
28,391,23.885549,38.003684
28,392,23.88982,38.004344
28,393,23.894159,38.004092
28,394,23.89827,38.003364
28,395,23.89979,38.003425
28,396,23.90054,38.004214
28,397,23.900599,38.004234
28,398,23.900808,38.004523
28,399,23.901498,38.005244
28,400,23.902859,38.005786
28,401,23.902957,38.007117
28,402,23.902968,38.007216
28,403,23.902968,38.007216
28,404,23.902987,38.007507
28,405,23.903046,38.008407
28,406,23.903196,38.009147
28,407,23.903226,38.009715
28,408,23.903337,38.010405
28,409,23.903538,38.011146
28,410,23.903519,38.011344
28,411,23.903519,38.011333
28,412,23.903578,38.011691
28,413,23.903717,38.012431
28,414,23.903767,38.012901
28,415,23.903696,38.01295
28,416,23.903767,38.01287
28,417,23.903767,38.012901
28,418,23.903767,38.01261
28,419,23.903557,38.011291
28,420,23.903317,38.010223
28,421,23.903218,38.009291
28,422,23.903227,38.009181
28,423,23.903088,38.00822
28,424,23.902998,38.006808
28,425,23.902498,38.005389
28,426,23.900938,38.004729
28,427,23.899717,38.003348
28,428,23.899708,38.003329
28,429,23.898829,38.003379
28,430,23.894709,38.0041
28,431,23.889429,38.004378
28,432,23.884939,38.003688
28,433,23.883998,38.003517
28,434,23.883299,38.003566
28,435,23.882869,38.003677
28,436,23.882071,38.003737
28,437,23.881161,38.003737
28,438,23.88076,38.00193
28,439,23.880331,37.997798
28,440,23.88158,37.993159
28,441,23.882021,37.990569
28,442,23.881401,37.990119
28,443,23.881382,37.990081
28,444,23.881413,37.990051
28,445,23.881393,37.990062
28,446,23.881354,37.98997
28,447,23.881254,37.990062
28,448,23.881143,37.989803
28,449,23.880233,37.989032
28,450,23.878763,37.989852
28,451,23.875923,37.99174
28,452,23.873303,37.99425
28,453,23.871083,37.995841
28,454,23.869642,37.996261
28,455,23.866262,37.998141
28,456,23.862531,37.99982
28,457,23.858902,38.00196
28,458,23.857872,38.003909
28,459,23.857921,38.004859
28,460,23.857992,38.00539
28,461,23.858002,38.005481
28,462,23.858113,38.005901
28,463,23.858113,38.005939
28,464,23.858223,38.006358
28,465,23.858223,38.006397
28,466,23.858362,38.006908
28,467,23.858372,38.006919
28,468,23.858522,38.00738
28,469,23.858563,38.007499
28,470,23.858563,38.007518
28,471,23.857844,38.00777
28,472,23.856064,38.008441
28,473,23.857063,38.00949
28,474,23.855513,38.01084
28,475,23.853773,38.013789
28,476,23.852043,38.017528
28,477,23.850513,38.020778
28,478,23.848633,38.020629
28,479,23.846992,38.02114
28,480,23.845062,38.0213
28,481,23.841843,38.021449
28,482,23.838522,38.021488
28,483,23.836792,38.020957
28,484,23.837002,38.022086
28,485,23.838121,38.023787
28,486,23.838341,38.024059
28,487,23.83885,38.023597
28,488,23.83832,38.023478
28,489,23.8374,38.023628
28,490,23.836361,38.023806
28,491,23.835201,38.023795
28,492,23.83427,38.023406
28,493,23.834381,38.023025
28,494,23.834141,38.023154
28,495,23.834351,38.023494
28,496,23.834739,38.023544
28,497,23.83503,38.023582
28,498,23.835229,38.023963
28,499,23.836519,38.023815
28,500,23.83759,38.023593
28,501,23.83877,38.023445
28,502,23.83837,38.023852
28,503,23.83812,38.023971
28,504,23.836809,38.02193
28,505,23.83598,38.02164
28,506,23.83614,38.021678
28,507,23.836001,38.02182
28,508,23.835861,38.02212
28,509,23.835861,38.02209
28,510,23.836061,38.022392
28,511,23.836672,38.02317
28,512,23.836822,38.023319
28,513,23.836831,38.023319
28,514,23.836061,38.022406
28,515,23.836061,38.021777
28,516,23.836781,38.020938
28,517,23.83864,38.021548
28,518,23.84231,38.021469
28,519,23.845681,38.02124
28,520,23.846941,38.021129
28,521,23.849181,38.020659
28,522,23.851299,38.019141
28,523,23.853099,38.01514
28,524,23.85495,38.011329
28,525,23.857149,38.009769
28,526,23.857989,38.008659
28,527,23.857128,38.007117
28,528,23.855259,38.007377
28,529,23.85582,38.005946
28,530,23.856461,38.005267
28,531,23.856161,38.003627
28,532,23.85762,38.002658
28,533,23.86085,38.000617
28,534,23.865009,37.998828
28,535,23.869218,37.996417
28,536,23.873338,37.994037
28,537,23.877079,37.990917
28,538,23.880379,37.989109
28,539,23.881278,37.990078
28,540,23.88196,37.990596
28,541,23.88192,37.990596
28,542,23.88145,37.990264
28,543,23.881331,37.990123
28,544,23.881331,37.990123
28,545,23.881661,37.990302
28,546,23.88216,37.990691
28,547,23.88219,37.99105
28,548,23.881641,37.993018
28,549,23.880741,37.996257
28,550,23.880322,37.999847
28,551,23.880811,38.002925
28,552,23.88087,38.003646
28,553,23.87907,38.003818
28,554,23.876079,38.004016
28,555,23.873,38.004977
28,556,23.872089,38.006339
28,557,23.870849,38.008701
28,558,23.871269,38.011791
28,559,23.871839,38.01543
28,560,23.87212,38.017669
28,561,23.868851,38.01799
28,562,23.867451,38.01657
28,563,23.866001,38.016952
28,564,23.86482,38.017993
28,565,23.863081,38.019103
28,566,23.86099,38.020122
28,567,23.86013,38.020232
28,568,23.859489,38.02043
28,569,23.857629,38.02079
28,570,23.855339,38.021159
28,571,23.853409,38.021411
28,572,23.852478,38.021541
28,573,23.851377,38.021701
28,574,23.850777,38.021873
28,575,23.851317,38.021834
28,576,23.851597,38.021796
28,577,23.851587,38.021766
28,578,23.850986,38.021876
28,579,23.850737,38.021876
28,580,23.851456,38.021686
28,581,23.852335,38.021575
28,582,23.852566,38.021545
28,583,23.852736,38.021515
28,584,23.853475,38.021415
28,585,23.854885,38.021243
28,586,23.855875,38.021095
28,587,23.856165,38.021056
28,588,23.857096,38.020908
28,589,23.858526,38.020698
28,590,23.860105,38.020267
28,591,23.860235,38.020217
28,592,23.860216,38.020179
28,593,23.860626,38.019821
28,594,23.861066,38.019691
28,595,23.861576,38.019492
28,596,23.862086,38.019271
28,597,23.862785,38.018852
28,598,23.863516,38.018332
28,599,23.864226,38.017802
28,600,23.864906,38.017223
28,601,23.865357,38.016792
28,602,23.865746,38.01636
28,603,23.866005,38.01604
28,604,23.866205,38.015799
28,605,23.866135,38.01591
28,606,23.865444,38.016768
28,607,23.864214,38.017879
28,608,23.862663,38.018989
28,609,23.861423,38.019611
28,610,23.860433,38.02003
28,611,23.858934,38.020591
28,612,23.857195,38.020922
28,613,23.855185,38.021254
28,614,23.853304,38.021484
28,615,23.852363,38.021625
28,616,23.851383,38.021766
28,617,23.850624,38.021964
28,618,23.851764,38.021823
28,619,23.851984,38.021793
28,620,23.851925,38.021762
28,621,23.851925,38.021781
28,622,23.851685,38.021842
28,623,23.850525,38.021942
28,624,23.850485,38.021972
28,625,23.850436,38.021942
28,626,23.850494,38.021952
28,627,23.851555,38.021743
28,628,23.852156,38.021522
28,629,23.850586,38.021503
28,630,23.850207,38.020873
28,631,23.848246,38.020812
28,632,23.846855,38.021113
28,633,23.845755,38.018882
28,634,23.844284,38.016223
28,635,23.843535,38.013362
28,636,23.843535,38.011844
28,637,23.843765,38.010463
28,638,23.844135,38.009834
28,639,23.844545,38.009093
28,640,23.845045,38.008182
28,641,23.845705,38.007083
28,642,23.847055,38.004592
28,643,23.847625,38.001472
28,644,23.847225,37.997821
28,645,23.845425,37.997592
28,646,23.845425,37.998802
28,647,23.844124,37.999282
28,648,23.843624,37.998313
28,649,23.843504,37.997912
28,650,23.843464,37.997912
28,651,23.843383,37.997772
28,652,23.843483,37.997772
28,653,23.843474,37.99771
28,654,23.843443,37.998042
28,655,23.843523,37.998103
28,656,23.843464,37.998073
28,657,23.843523,37.998073
