29,1,23.843233,37.998718
29,2,23.843674,37.999038
29,3,23.843914,37.997809
29,4,23.845104,37.996799
29,5,23.847235,37.996799
29,6,23.849124,37.997447
29,7,23.850466,37.998138
29,8,23.852176,37.999358
29,9,23.852596,37.998649
29,10,23.853306,37.998001
29,11,23.856775,37.997669
29,12,23.857565,37.997909
29,13,23.858315,37.999217
29,14,23.857975,38.001216
29,15,23.858315,38.002128
29,16,23.861284,38.000217
29,17,23.864605,37.998897
29,18,23.867676,37.997268
29,19,23.870016,37.995986
29,20,23.870497,37.995856
29,21,23.873137,37.994265
29,22,23.876247,37.991367
29,23,23.879957,37.989055
29,24,23.881177,37.989905
29,25,23.881227,37.990035
29,26,23.881326,37.989997
29,27,23.881307,37.989879
29,28,23.880487,37.989078
29,29,23.880428,37.989039
29,30,23.879139,37.989608
29,31,23.876369,37.991397
29,32,23.873619,37.993709
29,33,23.871189,37.995758
29,34,23.870769,37.995868
29,35,23.86941,37.99633
29,36,23.86589,37.998291
29,37,23.861851,38.00003
29,38,23.85861,38.002059
29,39,23.85789,38.004161
29,40,23.85852,38.007213
29,41,23.858579,38.007411
29,42,23.858589,38.00743
29,43,23.857769,38.007709
29,44,23.855,38.008621
29,45,23.85095,38.00941
29,46,23.84751,38.009979
29,47,23.845299,38.010337
29,48,23.842838,38.010615
29,49,23.839088,38.011386
29,50,23.835579,38.012848
29,51,23.834959,38.012966
29,52,23.83495,38.012947
29,53,23.83384,38.013198
29,54,23.830329,38.0139
29,55,23.82636,38.013919
29,56,23.82218,38.01372
29,57,23.821979,38.013721
29,58,23.82135,38.013702
29,59,23.818661,38.013171
29,60,23.81439,38.012062
29,61,23.813221,38.01179
29,62,23.81224,38.011569
29,63,23.81208,38.011539
29,64,23.811011,38.01136
29,65,23.809731,38.011028
29,66,23.80937,38.010909
29,67,23.808821,38.010669
29,68,23.80846,38.010509
29,69,23.807831,38.01028
29,70,23.807541,38.010108
29,71,23.807032,38.00988
29,72,23.806381,38.009529
29,73,23.804521,38.008697
29,74,23.803112,38.008128
29,75,23.802402,38.00909
29,76,23.802372,38.011138
29,77,23.801271,38.011218
29,78,23.800861,38.011188
29,79,23.800682,38.011416
29,80,23.800651,38.013359
29,81,23.800611,38.015647
29,82,23.800731,38.017158
29,83,23.800741,38.017207
29,84,23.800041,38.01754
29,85,23.799172,38.017459
29,86,23.796322,38.017799
29,87,23.795403,38.017619
29,88,23.793003,38.01617
29,89,23.790243,38.015071
29,90,23.787413,38.013023
29,91,23.784942,38.011241
29,92,23.782833,38.00988
29,93,23.781464,38.009971
29,94,23.780862,38.009952
29,95,23.780814,38.009921
29,96,23.779873,38.009853
29,97,23.778013,38.007941
29,98,23.776262,38.006041
29,99,23.775822,38.005462
29,100,23.774381,38.003471
29,101,23.772122,38.00082
29,102,23.769911,37.998908
29,103,23.769559,37.9985
29,104,23.768909,37.997451
29,105,23.76874,37.997222
29,106,23.768629,37.997051
29,107,23.76853,37.99689
29,108,23.76845,37.99673
29,109,23.76837,37.99657
29,110,23.768191,37.9962
29,111,23.7681,37.996002
29,112,23.76805,37.995883
29,113,23.767931,37.995632
29,114,23.767872,37.995502
29,115,23.767813,37.995353
29,116,23.767733,37.995082
29,117,23.767612,37.994651
29,118,23.767433,37.994292
29,119,23.767443,37.994273
29,120,23.767112,37.993693
29,121,23.767063,37.993644
29,122,23.766933,37.993415
29,123,23.766924,37.993396
29,124,23.766813,37.993224
29,125,23.766773,37.993106
29,126,23.766184,37.992008
29,127,23.765913,37.991477
29,128,23.765453,37.990855
29,129,23.764913,37.990127
29,130,23.764734,37.989928
29,131,23.764484,37.989589
29,132,23.764434,37.989509
29,133,23.764274,37.989379
29,134,23.764083,37.989219
29,135,23.763773,37.988838
29,136,23.763582,37.988677
29,137,23.763563,37.988597
29,138,23.763603,37.988528
29,139,23.763193,37.988147
29,140,23.763193,37.988128
29,141,23.763024,37.988017
29,142,23.762743,37.987819
29,143,23.762733,37.987758
29,144,23.762493,37.987609
29,145,23.762314,37.987479
29,146,23.762144,37.987338
29,147,23.762144,37.987319
29,148,23.761873,37.987178
29,149,23.761704,37.987246
29,150,23.761432,37.987166
29,151,23.761374,37.987247
29,152,23.761604,37.987235
29,153,23.761465,37.986915
29,154,23.761434,37.986835
29,155,23.761323,37.986595
29,156,23.761964,37.986354
29,157,23.762014,37.986434
29,158,23.762353,37.986396
29,159,23.763503,37.986118
29,160,23.763744,37.986099
29,161,23.763975,37.986079
29,162,23.765115,37.985999
29,163,23.765516,37.98643
29,164,23.767117,37.987842
29,165,23.769447,37.989543
29,166,23.772207,37.991504
29,167,23.776568,37.993495
29,168,23.778927,37.995173
29,169,23.779487,37.995544
29,170,23.781968,37.997184
29,171,23.784307,37.999064
29,172,23.786907,38.000766
29,173,23.789617,38.001784
29,174,23.790407,38.002055
29,175,23.791117,38.002296
29,176,23.791706,38.002628
29,177,23.791777,38.002677
29,178,23.793346,38.003879
29,179,23.796827,38.006008
29,180,23.801018,38.007167
29,181,23.802957,38.007846
29,182,23.807237,38.009696
29,183,23.811267,38.011188
29,184,23.811298,38.011176
29,185,23.813009,38.011557
29,186,23.817489,38.012656
29,187,23.822408,38.013587
29,188,23.828589,38.013816
29,189,23.833208,38.013217
29,190,23.837598,38.011966
29,191,23.841468,38.010757
29,192,23.845659,38.010276
29,193,23.85055,38.009407
29,194,23.855009,38.008517
29,195,23.8552,38.007106
29,196,23.85572,38.005626
29,197,23.85621,38.004157
29,198,23.857691,38.002559
29,199,23.86182,38.000068
29,200,23.86545,37.998527
29,201,23.86949,37.996226
29,202,23.873399,37.993758
29,203,23.877051,37.990909
29,204,23.88023,37.989078
29,205,23.881269,37.990096
29,206,23.88111,37.990165
29,207,23.88115,37.990115
29,208,23.881328,37.990078
29,209,23.882028,37.990638
29,210,23.881979,37.991557
29,211,23.881289,37.994079
29,212,23.880389,37.997287
29,213,23.880408,38.000277
29,214,23.880718,38.002727
29,215,23.880718,38.002765
29,216,23.880737,38.002937
29,217,23.880747,38.002998
29,218,23.880756,38.003257
29,219,23.880775,38.003287
29,220,23.880766,38.003528
29,221,23.880775,38.003528
29,222,23.879585,38.003738
29,223,23.876905,38.003749
29,224,23.875586,38.004081
29,225,23.874957,38.004241
29,226,23.873226,38.004851
29,227,23.869587,38.005611
29,228,23.866876,38.006091
29,229,23.865246,38.006351
29,230,23.862095,38.00706
29,231,23.860735,38.007781
29,232,23.861075,38.00994
29,233,23.860855,38.01229
29,234,23.860346,38.01269
29,235,23.860275,38.012943
29,236,23.860235,38.013462
29,237,23.860185,38.013351
29,238,23.858767,38.013549
29,239,23.857906,38.01448
29,240,23.858165,38.016398
29,241,23.859917,38.016257
29,242,23.859996,38.016246
29,243,23.860326,38.017047
29,244,23.860437,38.019767
29,245,23.859956,38.022316
29,246,23.859827,38.022815
29,247,23.859657,38.023696
29,248,23.857967,38.024177
29,249,23.854347,38.024905
29,250,23.852818,38.025466
29,251,23.852407,38.025584
29,252,23.851957,38.025714
29,253,23.851917,38.025725
29,254,23.851307,38.025924
29,255,23.851116,38.025985
29,256,23.850736,38.026115
29,257,23.850027,38.026336
29,258,23.847267,38.027354
29,259,23.844486,38.028964
29,260,23.843326,38.027286
29,261,23.841767,38.027736
29,262,23.839096,38.028895
29,263,23.838227,38.029277
29,264,23.838176,38.029308
29,265,23.837566,38.029578
29,266,23.837566,38.02959
29,267,23.837097,38.029491
29,268,23.835318,38.027171
29,269,23.833547,38.025062
29,270,23.832628,38.025122
29,271,23.832579,38.025481
29,272,23.831428,38.02605
29,273,23.830109,38.02687
29,274,23.828888,38.027709
29,275,23.823118,38.03247
29,276,23.822868,38.032771
29,277,23.822769,38.032882
29,278,23.823238,38.03263
29,279,23.823369,38.032538
29,280,23.830048,38.026847
29,281,23.831567,38.025947
29,282,23.832539,38.025276
29,283,23.833648,38.025306
29,284,23.835709,38.027606
29,285,23.837459,38.028057
29,286,23.84057,38.026725
29,287,23.84268,38.026447
29,288,23.844919,38.025576
29,289,23.847679,38.025207
29,290,23.847729,38.025195
29,291,23.847929,38.024654
29,292,23.848429,38.023796
29,293,23.847728,38.022155
29,294,23.847229,38.021014
29,295,23.849579,38.020656
29,296,23.851329,38.019004
29,297,23.85319,38.014896
29,298,23.855119,38.011104
29,299,23.857149,38.009605
29,300,23.85793,38.008606
29,301,23.8575,38.008205
29,302,23.857519,38.008166
29,303,23.857488,38.007648
29,304,23.855679,38.007338
29,305,23.855728,38.00616
29,306,23.856488,38.005091
29,307,23.856237,38.003322
29,308,23.859247,38.001743
29,309,23.863046,37.999614
29,310,23.867107,37.997653
29,311,23.869966,37.996055
29,312,23.871506,37.995593
29,313,23.874685,37.992454
29,314,23.879036,37.989604
29,315,23.880575,37.989314
29,316,23.881315,37.990085
29,317,23.881195,37.990054
29,318,23.880645,37.989414
29,319,23.880695,37.988674
29,320,23.883436,37.987552
29,321,23.886036,37.986114
29,322,23.889116,37.984394
29,323,23.892386,37.982161
29,324,23.894235,37.980934
29,325,23.897424,37.978885
29,326,23.901434,37.976295
29,327,23.904514,37.973155
29,328,23.905464,37.971115
29,329,23.905735,37.968352
29,330,23.907515,37.968143
29,331,23.910654,37.968173
29,332,23.914974,37.967612
29,333,23.919125,37.966594
29,334,23.921905,37.965945
29,335,23.923765,37.966995
29,336,23.926176,37.968913
29,337,23.928557,37.971293
29,338,23.928606,37.971355
29,339,23.928946,37.971675
29,340,23.930965,37.973113
29,341,23.933685,37.975902
29,342,23.934775,37.980033
29,343,23.934675,37.984092
29,344,23.936426,37.988021
29,345,23.939417,37.99142
29,346,23.940336,37.994922
29,347,23.941446,37.998572
29,348,23.941677,38.001651
29,349,23.941527,38.00191
29,350,23.941516,38.001911
29,351,23.942997,38.00262
29,352,23.946916,38.00384
29,353,23.952026,38.005389
29,354,23.956577,38.00672
29,355,23.959596,38.007869
29,356,23.957946,38.00867
29,357,23.956087,38.010841
29,358,23.952926,38.012271
29,359,23.951097,38.014793
29,360,23.950657,38.017692
29,361,23.950366,38.020511
29,362,23.950497,38.023211
29,363,23.951336,38.025421
29,364,23.951556,38.027721
29,365,23.949335,38.029132
29,366,23.948145,38.031043
29,367,23.947556,38.033122
29,368,23.946155,38.034732
29,369,23.945755,38.036041
29,370,23.945135,38.03749
29,371,23.944984,38.038951
29,372,23.942654,38.039001
29,373,23.940593,38.039039
29,374,23.938183,38.038108
29,375,23.936724,38.038329
29,376,23.935253,38.038608
29,377,23.933674,38.038806
29,378,23.932163,38.038485
29,379,23.932262,38.037875
29,380,23.932503,38.037173
29,381,23.931362,38.037173
29,382,23.930551,38.036921
29,383,23.929802,38.036342
29,384,23.929232,38.035693
29,385,23.928501,38.034873
29,386,23.928162,38.034041
29,387,23.927471,38.03366
29,388,23.926392,38.033462
29,389,23.925362,38.033301
29,390,23.924952,38.033332
29,391,23.924952,38.033301
29,392,23.925081,38.03358
29,393,23.925312,38.033778
29,394,23.925302,38.033778
29,395,23.925072,38.033569
29,396,23.926083,38.033359
29,397,23.927502,38.03361
29,398,23.928211,38.034431
29,399,23.929262,38.035701
29,400,23.930192,38.036663
29,401,23.931563,38.037143
29,402,23.932562,38.037353
29,403,23.932022,38.038333
29,404,23.933641,38.038753
29,405,23.93658,38.038272
29,406,23.939371,38.03831
29,407,23.941921,38.039142
29,408,23.944952,38.038841
29,409,23.945593,38.03548
29,410,23.947943,38.032192
29,411,23.950092,38.028422
29,412,23.951292,38.025382
29,413,23.950312,38.020694
29,414,23.950771,38.015582
29,415,23.954191,38.011722
29,416,23.957772,38.008971
29,417,23.959431,38.007663
29,418,23.955671,38.006622
29,419,23.950712,38.005073
29,420,23.945383,38.003432
29,421,23.941772,38.002322
29,422,23.941501,38.002224
29,423,23.941492,38.002224
29,424,23.941881,38.001223
29,425,23.941162,37.997665
29,426,23.939971,37.992755
29,427,23.937222,37.988906
29,428,23.935192,37.985965
29,429,23.934832,37.981174
29,430,23.933832,37.976271
29,431,23.930712,37.972941
29,432,23.930532,37.972823
29,433,23.929682,37.972255
29,434,23.927382,37.970104
29,435,23.924201,37.967265
29,436,23.922783,37.966327
29,437,23.922774,37.966327
29,438,23.922462,37.966117
29,439,23.922462,37.966117
29,440,23.921933,37.965969
29,441,23.920852,37.96622
29,442,23.917353,37.96709
29,443,23.913203,37.968131
29,444,23.910282,37.968223
29,445,23.907182,37.968192
29,446,23.905933,37.969451
29,447,23.905603,37.970999
29,448,23.904684,37.973101
29,449,23.902214,37.975864
29,450,23.898695,37.978114
29,451,23.895325,37.980285
29,452,23.891705,37.982684
29,453,23.887775,37.985194
29,454,23.884235,37.987155
29,455,23.883195,37.987696
29,456,23.880426,37.988845
29,457,23.881337,37.990016
29,458,23.881355,37.990054
29,459,23.881355,37.990085
29,460,23.881235,37.990096
29,461,23.881176,37.990085
29,462,23.881156,37.990085
29,463,23.882007,37.990725
29,464,23.881896,37.991737
29,465,23.881178,37.994365
29,466,23.880338,37.997355
29,467,23.880348,38.000376
29,468,23.880659,38.002086
29,469,23.880678,38.002567
29,470,23.880678,38.002567
29,471,23.880668,38.002685
29,472,23.880659,38.002685
29,473,23.880659,38.002784
29,474,23.880669,38.002853
29,475,23.880728,38.003104
29,476,23.880787,38.003276
29,477,23.880787,38.003314
29,478,23.880216,38.003753
29,479,23.879297,38.003753
29,480,23.876837,38.003783
29,481,23.874546,38.004375
29,482,23.875175,38.004935
29,483,23.876714,38.005546
29,484,23.877165,38.006286
29,485,23.877754,38.007045
29,486,23.878194,38.007415
29,487,23.878425,38.007564
29,488,23.878435,38.007595
29,489,23.878466,38.007655
29,490,23.878395,38.007724
29,491,23.878444,38.007713
29,492,23.878365,38.007674
29,493,23.877664,38.006915
29,494,23.876934,38.005786
29,495,23.875245,38.005077
29,496,23.874603,38.004397
29,497,23.876564,38.003856
29,498,23.876863,38.003795
29,499,23.877934,38.003757
29,500,23.878772,38.003696
29,501,23.879263,38.003696
29,502,23.880633,38.003345
29,503,23.880463,38.000785
29,504,23.880303,37.997546
29,505,23.881382,37.993606
29,506,23.882011,37.990665
29,507,23.881312,37.990005
29,508,23.881292,37.989967
29,509,23.881242,37.989917
29,510,23.881261,37.990078
29,511,23.881243,37.990066
29,512,23.881243,37.990016
29,513,23.881443,37.990107
29,514,23.881952,37.990558
29,515,23.882322,37.989887
29,516,23.882872,37.987926
29,517,23.882891,37.987887
29,518,23.884059,37.987178
29,519,23.887369,37.985339
29,520,23.891609,37.982657
29,521,23.895328,37.980197
29,522,23.899457,37.977558
29,523,23.903458,37.974658
29,524,23.905468,37.971026
29,525,23.905908,37.967628
29,526,23.906738,37.964889
29,527,23.906639,37.964248
29,528,23.903299,37.963477
29,529,23.90045,37.962516
29,530,23.900469,37.959895
29,531,23.900349,37.957324
29,532,23.900198,37.955394
29,533,23.898998,37.953254
29,534,23.897617,37.950152
29,535,23.895598,37.946082
29,536,23.893877,37.942561
29,537,23.892366,37.939311
29,538,23.890886,37.93597
29,539,23.889717,37.93383
29,540,23.887716,37.933299
29,541,23.884866,37.934871
29,542,23.883426,37.933891
29,543,23.882517,37.932319
29,544,23.883726,37.93109
29,545,23.885626,37.927749
29,546,23.883596,37.924178
29,547,23.888626,37.92234
29,548,23.891786,37.918628
29,549,23.894327,37.914408
29,550,23.894607,37.910301
29,551,23.894268,37.905582
29,552,23.894737,37.903801
29,553,23.894746,37.903801
29,554,23.893606,37.902389
29,555,23.889825,37.90013
29,556,23.886076,37.89894
29,557,23.884815,37.898399
29,558,23.883645,37.895167
29,559,23.883177,37.893027
29,560,23.883137,37.892856
29,561,23.882217,37.891475
29,562,23.881657,37.891254
29,563,23.881657,37.890563
29,564,23.881648,37.889854
29,565,23.881097,37.888385
29,566,23.880697,37.887836
29,567,23.878297,37.885707
29,568,23.874868,37.882697
29,569,23.871198,37.880126
29,570,23.868418,37.877716
29,571,23.867048,37.876804
29,572,23.864439,37.875182
29,573,23.861049,37.873375
29,574,23.859489,37.873355
29,575,23.85686,37.872665
29,576,23.853289,37.871814
29,577,23.849478,37.871185
29,578,23.845068,37.871345
29,579,23.841287,37.871505
29,580,23.837238,37.871856
29,581,23.833798,37.871078
29,582,23.831037,37.868579
29,583,23.828117,37.868869
29,584,23.824297,37.868049
29,585,23.821956,37.866218
29,586,23.819816,37.864078
29,587,23.817677,37.861278
29,588,23.815626,37.858047
29,589,23.814306,37.854686
29,590,23.811617,37.851985
29,591,23.811397,37.849364
29,592,23.814256,37.847033
29,593,23.817066,37.844753
29,594,23.817597,37.844333
29,595,23.817877,37.844104
29,596,23.817886,37.844085
29,597,23.818047,37.843955
29,598,23.818047,37.843944
29,599,23.818287,37.843754
29,600,23.818367,37.843032
29,601,23.817586,37.842482
29,602,23.816536,37.841811
29,603,23.815395,37.841121
29,604,23.814485,37.84059
29,605,23.813425,37.839961
29,606,23.810745,37.83834
29,607,23.807325,37.836189
29,608,23.805415,37.834998
29,609,23.805037,37.834758
29,610,23.804686,37.834537
29,611,23.803026,37.834418
29,612,23.802296,37.833648
29,613,23.802305,37.833618
29,614,23.802805,37.833068
29,615,23.802546,37.831298
29,616,23.801944,37.829299
29,617,23.800924,37.827098
29,618,23.800705,37.824409
29,619,23.800005,37.822299
29,620,23.797674,37.822288
29,621,23.795584,37.822288
29,622,23.794334,37.822276
29,623,23.794244,37.822276
29,624,23.793875,37.822277
29,625,23.793474,37.822608
29,626,23.793443,37.823108
29,627,23.793453,37.823219
29,628,23.793444,37.822528
29,629,23.793444,37.822516
29,630,23.794294,37.822326
29,631,23.796604,37.822307
29,632,23.798735,37.822257
29,633,23.799255,37.822257
29,634,23.800205,37.823157
29,635,23.800505,37.824798
29,636,23.800775,37.827037
29,637,23.801865,37.829269
29,638,23.803125,37.82915
29,639,23.803144,37.829181
29,640,23.803163,37.830699
29,641,23.803833,37.83271
29,642,23.804252,37.834048
29,643,23.804271,37.834098
29,644,23.806322,37.835449
29,645,23.809723,37.837577
29,646,23.813152,37.839718
29,647,23.816662,37.841796
29,648,23.818721,37.843185
29,649,23.818762,37.843246
29,650,23.816992,37.844818
29,651,23.813693,37.847499
29,652,23.810673,37.850101
29,653,23.812522,37.85266
29,654,23.814722,37.855869
29,655,23.816831,37.859749
29,656,23.819071,37.863479
29,657,23.82213,37.866229
29,658,23.825371,37.86856
29,659,23.830221,37.868018
29,660,23.833501,37.870918
29,661,23.837801,37.871547
29,662,23.842972,37.871647
29,663,23.848251,37.871116
29,664,23.853722,37.871986
29,665,23.857702,37.872257
29,666,23.858312,37.871768
29,667,23.858492,37.871719
29,668,23.861471,37.873599
29,669,23.863861,37.874881
29,670,23.865961,37.876132
29,671,23.869711,37.878833
29,672,23.87413,37.882064
29,673,23.878041,37.885486
29,674,23.880081,37.887256
29,675,23.881651,37.890136
29,676,23.8831,37.892436
29,677,23.88328,37.893237
29,678,23.884461,37.897376
29,679,23.8852,37.898788
29,680,23.889641,37.899959
29,681,23.89423,37.902869
29,682,23.894779,37.903399
29,683,23.894299,37.906341
29,684,23.895039,37.911639
29,685,23.892839,37.916999
29,686,23.889399,37.92213
29,687,23.883699,37.924121
29,688,23.885879,37.92829
29,689,23.88282,37.932003
29,690,23.88413,37.934974
29,691,23.886841,37.933555
29,692,23.889941,37.934154
29,693,23.89206,37.938655
29,694,23.89399,37.942824
29,695,23.896259,37.947375
29,696,23.898279,37.951717
29,697,23.899529,37.953819
29,698,23.900188,37.955149
29,699,23.900379,37.956829
29,700,23.900558,37.958548
29,701,23.900499,37.95983
29,702,23.900388,37.961292
29,703,23.900448,37.962729
29,704,23.902409,37.9631
29,705,23.905649,37.963951
29,706,23.906568,37.965072
29,707,23.905888,37.968151
29,708,23.905577,37.970851
29,709,23.903807,37.97438
29,710,23.899267,37.977748
29,711,23.894688,37.980697
29,712,23.890327,37.983638
29,713,23.885758,37.986308
29,714,23.881148,37.988479
29,715,23.881017,37.9897
29,716,23.881048,37.98978
29,717,23.881098,37.98983
29,718,23.881218,37.989921
29,719,23.881329,37.990051
29,720,23.881348,37.990039
29,721,23.881289,37.989959
29,722,23.881249,37.989978
29,723,23.881298,37.989997
29,724,23.882097,37.990657
29,725,23.882347,37.990539
29,726,23.882397,37.990668
29,727,23.882397,37.99068
29,728,23.882397,37.990718
29,729,23.882416,37.990748
29,730,23.882646,37.990711
29,731,23.882476,37.990741
29,732,23.882338,37.99055
29,733,23.881647,37.990321
29,734,23.881518,37.989952
29,735,23.881468,37.98994
29,736,23.881478,37.990131
29,737,23.881887,37.990489
29,738,23.881887,37.990501
29,739,23.881647,37.99034
29,740,23.881647,37.99034
29,741,23.881638,37.99023
29,742,23.880897,37.989318
29,743,23.880237,37.988936
29,744,23.879109,37.989585
29,745,23.876309,37.991435
29,746,23.873409,37.994086
29,747,23.87088,37.995856
29,748,23.87071,37.995918
29,749,23.86803,37.997188
29,750,23.864142,37.999217
29,751,23.860132,38.001106
29,752,23.858014,38.002334
29,753,23.858192,38.000526
29,754,23.857872,37.998324
29,755,23.856962,37.997702
29,756,23.854181,37.998012
29,757,23.852732,37.998333
29,758,23.852713,37.999232
29,759,23.851553,37.998912
29,760,23.850134,37.997871
29,761,23.848274,37.99718
29,762,23.846554,37.99673
29,763,23.844873,37.997138
29,764,23.844823,37.997176
29,765,23.844805,37.997138
29,766,23.844814,37.997008
29,767,23.844845,37.996997
29,768,23.846855,37.996658
29,769,23.848125,37.997066
29,770,23.848706,37.997317
29,771,23.848715,37.997337
29,772,23.848785,37.997367
29,773,23.850365,37.998069
29,774,23.852205,37.99942
29,775,23.852635,37.998507
29,776,23.854354,37.998008
29,777,23.857494,37.997809
29,778,23.858305,37.99924
29,779,23.857965,38.001491
29,780,23.859085,38.00175
29,781,23.863365,37.999449
29,782,23.867574,37.99736
29,783,23.870014,37.996029
29,784,23.871993,37.995368
29,785,23.875685,37.991798
29,786,23.880174,37.989035
29,787,23.881284,37.990047
29,788,23.881315,37.990047
