3,1,23.845047,38.018535
3,2,23.845047,38.018566
3,3,23.845047,38.018603
3,4,23.845047,38.018603
3,5,23.845167,38.018382
3,6,23.845087,38.018542
3,7,23.845467,38.019264
3,8,23.845887,38.019123
3,9,23.848206,38.018901
3,10,23.850016,38.018359
3,11,23.851785,38.017619
3,12,23.853025,38.01519
3,13,23.855224,38.010978
3,14,23.855225,38.008837
3,15,23.855064,38.008517
3,16,23.855164,38.006919
3,17,23.855734,38.0055
3,18,23.856344,38.00444
3,19,23.856874,38.002959
3,20,23.860374,38.000881
3,21,23.864074,37.999202
3,22,23.867806,37.997234
3,23,23.870976,37.995754
3,24,23.873427,37.993712
3,25,23.877797,37.990352
3,26,23.880405,37.989162
3,27,23.881204,37.99023
3,28,23.881115,37.990291
3,29,23.881115,37.99031
3,30,23.881226,37.99015
3,31,23.881226,37.990138
3,32,23.881216,37.990047
3,33,23.881176,37.990047
3,34,23.881225,37.989967
3,35,23.881006,37.989715
3,36,23.880216,37.989013
3,37,23.880457,37.988815
3,38,23.880457,37.988803
3,39,23.881808,37.988124
3,40,23.883518,37.987533
3,41,23.887228,37.985462
3,42,23.890648,37.983371
3,43,23.893198,37.981601
3,44,23.897758,37.978671
3,45,23.902708,37.97541
3,46,23.905307,37.971599
3,47,23.905708,37.968429
3,48,23.906318,37.968128
3,49,23.909659,37.968177
3,50,23.914379,37.967769
3,51,23.919008,37.966621
3,52,23.921919,37.96593
3,53,23.924679,37.964469
3,54,23.926479,37.961971
3,55,23.92676,37.96017
3,56,23.92676,37.960131
3,57,23.92887,37.959761
3,58,23.932579,37.959861
3,59,23.93623,37.960323
3,60,23.93972,37.960384
3,61,23.94342,37.960051
3,62,23.947121,37.959564
3,63,23.949181,37.959125
3,64,23.952711,37.958743
3,65,23.95734,37.957244
3,66,23.961171,37.955325
3,67,23.959199,37.952957
3,68,23.95773,37.951365
3,69,23.956419,37.949027
3,70,23.953259,37.945697
3,71,23.950199,37.942565
3,72,23.947709,37.940567
3,73,23.94438,37.937045
3,74,23.94054,37.932994
3,75,23.936501,37.928783
3,76,23.932412,37.924464
3,77,23.928381,37.920196
3,78,23.923722,37.916064
3,79,23.916972,37.914073
3,80,23.910201,37.912242
3,81,23.903961,37.909374
3,82,23.898251,37.906375
3,83,23.894921,37.903613
3,84,23.89172,37.900924
3,85,23.886749,37.898975
3,86,23.884399,37.897484
3,87,23.883329,37.893851
3,88,23.883138,37.892871
3,89,23.882299,37.89138
3,90,23.881509,37.88956
3,91,23.879441,37.886691
3,92,23.876079,37.883731
3,93,23.872169,37.88076
3,94,23.868469,37.877761
3,95,23.866718,37.876601
3,96,23.865959,37.876113
3,97,23.863288,37.874542
3,98,23.860538,37.873073
3,99,23.858537,37.871711
3,100,23.855118,37.869262
3,101,23.851658,37.866264
3,102,23.848498,37.863445
3,103,23.845108,37.861495
3,104,23.842249,37.859183
3,105,23.838268,37.857833
3,106,23.833529,37.856631
3,107,23.830738,37.85366
3,108,23.829187,37.850059
3,109,23.826597,37.847667
3,110,23.822206,37.845527
3,111,23.819387,37.843707
3,112,23.817897,37.842659
3,113,23.816868,37.841979
3,114,23.816359,37.841659
3,115,23.814619,37.840629
3,116,23.81152,37.838778
3,117,23.807939,37.836528
3,118,23.805919,37.835258
3,119,23.80525,37.834839
3,120,23.803961,37.834018
3,121,23.803782,37.8339
3,122,23.802282,37.833469
3,123,23.802702,37.832878
3,124,23.802462,37.831569
3,125,23.802391,37.831409
3,126,23.80236,37.831409
3,127,23.80241,37.831397
3,128,23.802419,37.831385
3,129,23.802389,37.831267
3,130,23.80192,37.829707
3,131,23.800881,37.827529
3,132,23.800581,37.82539
3,133,23.800152,37.822979
3,134,23.799522,37.822227
3,135,23.797882,37.822208
3,136,23.795181,37.822208
3,137,23.793482,37.822349
3,138,23.793581,37.822559
3,139,23.79347,37.822467
3,140,23.79344,37.823017
3,141,23.793449,37.823157
3,142,23.79343,37.822436
3,143,23.79346,37.822277
3,144,23.793921,37.822277
3,145,23.796079,37.822265
3,146,23.796419,37.822265
3,147,23.79679,37.822254
3,148,23.79975,37.822204
3,149,23.80019,37.823085
3,150,23.800619,37.824966
3,151,23.80196,37.825317
3,152,23.80405,37.824836
3,153,23.803811,37.822635
3,154,23.8038,37.821353
3,155,23.804229,37.821212
3,156,23.80872,37.821941
3,157,23.815371,37.822681
3,158,23.81888,37.81805
3,159,23.82164,37.814658
3,160,23.822679,37.813548
3,161,23.82659,37.810607
3,162,23.832619,37.811286
3,163,23.830278,37.814357
3,164,23.833658,37.815448
3,165,23.833538,37.820419
3,166,23.838657,37.820659
3,167,23.843737,37.82125
3,168,23.846306,37.82125
3,169,23.850015,37.823058
3,170,23.855076,37.825527
3,171,23.859294,37.827567
3,172,23.863146,37.830978
3,173,23.867466,37.835029
3,174,23.870815,37.839229
3,175,23.872296,37.843707
3,176,23.873556,37.849258
3,177,23.873796,37.854896
3,178,23.869996,37.858634
3,179,23.868837,37.862945
3,180,23.869047,37.868106
3,181,23.871526,37.871955
3,182,23.873328,37.876407
3,183,23.875196,37.880237
3,184,23.877857,37.884406
3,185,23.879287,37.886584
3,186,23.881587,37.889793
3,187,23.882978,37.891994
3,188,23.884998,37.891875
3,189,23.890309,37.889366
3,190,23.897329,37.887954
3,191,23.90444,37.887202
3,192,23.91036,37.886611
3,193,23.916521,37.885673
3,194,23.922272,37.885131
3,195,23.924492,37.884891
3,196,23.926321,37.882022
3,197,23.92636,37.878951
3,198,23.923311,37.874923
3,199,23.921261,37.871345
3,200,23.919972,37.870036
3,201,23.918803,37.869166
3,202,23.917621,37.868236
3,203,23.916231,37.867785
3,204,23.914721,37.867427
3,205,23.913129,37.867019
3,206,23.91152,37.86681
3,207,23.91061,37.867038
3,208,23.91156,37.867897
3,209,23.911131,37.868797
3,210,23.910332,37.868636
3,211,23.909132,37.868927
3,212,23.908032,37.868728
3,213,23.906992,37.868667
3,214,23.906721,37.868507
3,215,23.90674,37.868599
3,216,23.90743,37.868648
3,217,23.908341,37.868808
3,218,23.909219,37.8689
3,219,23.909879,37.868648
3,220,23.910799,37.868808
3,221,23.911308,37.868587
3,222,23.911549,37.867927
3,223,23.911048,37.867347
3,224,23.910638,37.867057
3,225,23.910979,37.866797
3,226,23.912768,37.866969
3,227,23.914226,37.867198
3,228,23.915846,37.86774
3,229,23.917496,37.868209
3,230,23.918876,37.86919
3,231,23.920317,37.87025
3,232,23.921436,37.87178
3,233,23.922657,37.874519
3,234,23.925167,37.87638
3,235,23.925917,37.87654
3,236,23.928787,37.877558
3,237,23.929428,37.876911
3,238,23.931059,37.874148
3,239,23.931589,37.874007
3,240,23.930479,37.875358
3,241,23.92828,37.879096
3,242,23.925539,37.883666
3,243,23.923069,37.885066
3,244,23.918469,37.885448
3,245,23.912258,37.886306
3,246,23.906408,37.886836
3,247,23.900938,37.887626
3,248,23.895218,37.888286
3,249,23.889497,37.889717
3,250,23.885027,37.891887
3,251,23.883017,37.892078
3,252,23.881676,37.891196
3,253,23.881656,37.890789
3,254,23.881656,37.890227
3,255,23.881586,37.889556
3,256,23.881386,37.889015
3,257,23.880256,37.887405
3,258,23.879236,37.886504
3,259,23.878095,37.884624
3,260,23.875885,37.881644
3,261,23.874245,37.877845
3,262,23.872595,37.874485
3,263,23.871254,37.871703
3,264,23.869514,37.869243
3,265,23.868595,37.866985
3,266,23.868885,37.862914
3,267,23.869115,37.859374
3,268,23.872345,37.856906
3,269,23.873646,37.853328
3,270,23.873596,37.848797
3,271,23.872566,37.844646
3,272,23.871117,37.841327
3,273,23.869537,37.837596
3,274,23.865868,37.833335
3,275,23.862318,37.829993
3,276,23.858167,37.827052
3,277,23.853098,37.824592
3,278,23.848487,37.82236
3,279,23.845198,37.821262
3,280,23.841118,37.820972
3,281,23.837648,37.820693
3,282,23.834367,37.820872
3,283,23.834337,37.817444
3,284,23.833647,37.814841
3,285,23.830246,37.813872
3,286,23.832565,37.811782
3,287,23.828806,37.81037
3,288,23.823795,37.812522
3,289,23.820595,37.816062
3,290,23.817853,37.819881
3,291,23.814734,37.822879
3,292,23.809075,37.822177
3,293,23.804714,37.821578
3,294,23.803404,37.820449
3,295,23.801233,37.820438
3,296,23.798483,37.820438
3,297,23.797323,37.821689
3,298,23.796444,37.822231
3,299,23.794984,37.822231
3,300,23.794304,37.82223
3,301,23.794134,37.822242
3,302,23.793875,37.822242
3,303,23.793486,37.822501
3,304,23.793436,37.82302
3,305,23.793436,37.823211
3,306,23.793436,37.82323
3,307,23.793436,37.822899
3,308,23.793806,37.822338
3,309,23.793806,37.822338
3,310,23.794416,37.822326
3,311,23.797167,37.822296
3,312,23.797327,37.820605
3,313,23.798397,37.819865
3,314,23.798357,37.816886
3,315,23.799378,37.817336
3,316,23.801616,37.818404
3,317,23.802046,37.818393
3,318,23.803396,37.820484
3,319,23.807297,37.821785
3,320,23.814297,37.822734
3,321,23.817988,37.819373
3,322,23.822147,37.814143
3,323,23.828126,37.810325
3,324,23.832037,37.812755
3,325,23.831437,37.814456
3,326,23.834155,37.816478
3,327,23.834016,37.820697
3,328,23.839007,37.820708
3,329,23.843976,37.821269
3,330,23.846207,37.821201
3,331,23.849987,37.823051
3,332,23.855707,37.825831
3,333,23.861077,37.82854
3,334,23.865627,37.833141
3,335,23.869808,37.837951
3,336,23.871368,37.842681
3,337,23.873409,37.846919
3,338,23.873619,37.852279
3,339,23.872228,37.857039
3,340,23.86896,37.860568
3,341,23.868478,37.86539
3,342,23.86949,37.869201
3,343,23.872039,37.872993
3,344,23.87377,37.877021
3,345,23.875491,37.880943
3,346,23.87805,37.884624
3,347,23.87908,37.886344
3,348,23.881319,37.888892
3,349,23.881748,37.891811
3,350,23.881098,37.89365
3,351,23.881148,37.895827
3,352,23.881717,37.898788
3,353,23.884327,37.898697
3,354,23.884697,37.898696
3,355,23.885327,37.900058
3,356,23.883717,37.902709
3,357,23.882495,37.90457
3,358,23.883267,37.90599
3,359,23.886707,37.908111
3,360,23.889658,37.910109
3,361,23.893438,37.911891
3,362,23.895078,37.912612
3,363,23.894638,37.912452
3,364,23.893978,37.91207
3,365,23.894788,37.911781
3,366,23.895109,37.911841
3,367,23.89395,37.91508
3,368,23.891029,37.919971
3,369,23.8857,37.92258
3,370,23.884711,37.926879
3,371,23.88559,37.929149
3,372,23.88403,37.930778
3,373,23.880609,37.934078
3,374,23.876409,37.938048
3,375,23.873109,37.941207
3,376,23.869859,37.943656
3,377,23.86619,37.946338
3,378,23.863831,37.948539
3,379,23.863032,37.949829
3,380,23.863442,37.951
3,381,23.8628,37.95193
3,382,23.8612,37.95362
3,383,23.86215,37.955059
3,384,23.862909,37.957179
3,385,23.863029,37.958721
3,386,23.86404,37.960429
3,387,23.86372,37.963531
3,388,23.863819,37.966171
3,389,23.862478,37.968551
3,390,23.862568,37.97097
3,391,23.861877,37.973239
3,392,23.862127,37.973941
3,393,23.863706,37.97589
3,394,23.865298,37.978
3,395,23.867968,37.979781
3,396,23.867138,37.984301
3,397,23.864998,37.985751
3,398,23.865398,37.987033
3,399,23.867468,37.989394
3,400,23.870138,37.990344
3,401,23.872968,37.990154
3,402,23.874788,37.992282
3,403,23.877638,37.990432
3,404,23.880338,37.989063
3,405,23.881269,37.990023
3,406,23.881309,37.990085
3,407,23.88138,37.990054
3,408,23.881321,37.989924
3,409,23.881262,37.989936
3,410,23.881031,37.989684
3,411,23.880301,37.988982
3,412,23.88007,37.989021
3,413,23.879509,37.989341
3,414,23.877878,37.99036
3,415,23.876068,37.991568
3,416,23.875057,37.99227
3,417,23.875347,37.993022
3,418,23.875347,37.993034
3,419,23.875487,37.993274
3,420,23.875307,37.993213
3,421,23.875267,37.993083
3,422,23.874787,37.992393
3,423,23.874756,37.992122
3,424,23.874756,37.99211
3,425,23.875015,37.992202
3,426,23.875546,37.99335
3,427,23.876066,37.995689
3,428,23.875276,37.996409
3,429,23.873307,37.995417
3,430,23.870886,37.996268
3,431,23.870416,37.996028
3,432,23.870386,37.996028
3,433,23.870016,37.996066
3,434,23.867457,37.997455
3,435,23.864006,37.999244
3,436,23.860286,38.000983
3,437,23.857987,38.002605
3,438,23.857986,38.002784
3,439,23.857956,38.002822
3,440,23.857896,38.004573
3,441,23.858137,38.006004
3,442,23.858208,38.006255
3,443,23.858257,38.006427
3,444,23.858257,38.006446
3,445,23.858386,38.006866
3,446,23.858397,38.006885
3,447,23.858508,38.007266
3,448,23.858508,38.007266
3,449,23.858587,38.007438
3,450,23.856768,38.008079
3,451,23.856558,38.008929
3,452,23.858898,38.010368
3,453,23.859868,38.01165
3,454,23.85974,38.01166
3,455,23.85771,38.011981
3,456,23.85512,38.011821
3,457,23.85393,38.013412
3,458,23.853618,38.014171
3,459,23.853628,38.014171
3,460,23.853378,38.01469
3,461,23.852408,38.016829
3,462,23.850918,38.020118
3,463,23.849178,38.020629
3,464,23.847498,38.020969
3,465,23.847247,38.021037
3,466,23.847189,38.02137
3,467,23.848469,38.02333
3,468,23.849248,38.02478
3,469,23.84993,38.025879
3,470,23.85012,38.026317
3,471,23.850061,38.026355
3,472,23.849641,38.026473
3,473,23.846972,38.027534
3,474,23.844671,38.028873
3,475,23.844242,38.029045
3,476,23.844192,38.029045
