30,1,23.876851,38.116103
30,2,23.876661,38.115932
30,3,23.874161,38.11592
30,4,23.872241,38.116039
30,5,23.87224,38.11806
30,6,23.871019,38.120551
30,7,23.86986,38.122969
30,8,23.867639,38.122588
30,9,23.863368,38.121677
30,10,23.858999,38.120796
30,11,23.858469,38.121516
30,12,23.856329,38.124156
30,13,23.857239,38.128394
30,14,23.859349,38.131527
30,15,23.858047,38.131396
30,16,23.855507,38.130915
30,17,23.852947,38.130416
30,18,23.848996,38.129657
30,19,23.846028,38.127936
30,20,23.843027,38.127227
30,21,23.839517,38.126476
30,22,23.837066,38.126174
30,23,23.837957,38.128104
30,24,23.839548,38.131366
30,25,23.840748,38.131458
30,26,23.840917,38.131248
30,27,23.840859,38.130859
30,28,23.840929,38.130847
30,29,23.840889,38.131267
30,30,23.840649,38.131747
30,31,23.840297,38.132877
30,32,23.842307,38.136825
30,33,23.845419,38.138766
30,34,23.845518,38.139308
30,35,23.847637,38.139407
30,36,23.853337,38.139407
30,37,23.855837,38.137077
30,38,23.856238,38.136966
30,39,23.856138,38.136966
30,40,23.856088,38.136955
30,41,23.855329,38.137584
30,42,23.852339,38.139514
30,43,23.847618,38.139453
30,44,23.845608,38.139392
30,45,23.843458,38.138141
30,46,23.841348,38.135063
30,47,23.839828,38.131873
30,48,23.840819,38.131324
30,49,23.841129,38.130916
30,50,23.841049,38.130977
30,51,23.840919,38.131217
30,52,23.840879,38.131229
30,53,23.84086,38.131229
30,54,23.8407,38.131458
30,55,23.840019,38.131789
30,56,23.839649,38.131618
30,57,23.838521,38.129378
30,58,23.836719,38.12556
30,59,23.83417,38.12197
30,60,23.830789,38.118461
30,61,23.8293,38.116809
30,62,23.829109,38.11574
30,63,23.82811,38.113891
30,64,23.826139,38.111262
30,65,23.82592,38.109813
30,66,23.82593,38.107704
30,67,23.82606,38.104964
30,68,23.826399,38.103374
30,69,23.827889,38.102103
30,70,23.827709,38.101771
30,71,23.825378,38.09973
30,72,23.824727,38.09872
30,73,23.824617,38.098491
30,74,23.823948,38.096129
30,75,23.822107,38.092739
30,76,23.820688,38.091148
30,77,23.819698,38.090266
30,78,23.818588,38.089347
30,79,23.818018,38.088886
30,80,23.817737,38.088565
30,81,23.817568,38.088313
30,82,23.816787,38.087203
30,83,23.816257,38.084365
30,84,23.814518,38.081004
30,85,23.812859,38.077773
30,86,23.812029,38.076103
30,87,23.81202,38.075614
30,88,23.812399,38.073463
30,89,23.811049,38.070922
30,90,23.810808,38.067691
30,91,23.809378,38.064322
30,92,23.808758,38.060161
30,93,23.808607,38.05923
30,94,23.809578,38.057121
30,95,23.811607,38.05522
30,96,23.810728,38.053451
30,97,23.808788,38.05038
30,98,23.807619,38.04763
30,99,23.806079,38.045428
30,100,23.804569,38.044066
30,101,23.80427,38.043605
30,102,23.80345,38.042933
30,103,23.803899,38.041522
30,104,23.806561,38.040481
30,105,23.8082,38.039703
30,106,23.808231,38.039672
30,107,23.80862,38.039882
30,108,23.809031,38.04169
30,109,23.80929,38.044559
30,110,23.809879,38.044669
30,111,23.811859,38.04415
30,112,23.81453,38.04285
30,113,23.816129,38.041751
30,114,23.81583,38.041392
30,115,23.815402,38.041511
30,116,23.815321,38.04153
30,117,23.815231,38.04143
30,118,23.815471,38.041492
30,119,23.815852,38.041511
30,120,23.81615,38.041881
30,121,23.814541,38.04288
30,122,23.810751,38.044501
30,123,23.809231,38.044971
30,124,23.80937,38.046099
30,125,23.809601,38.047538
30,126,23.808321,38.048057
30,127,23.808201,38.048636
30,128,23.80896,38.049918
30,129,23.81023,38.051727
30,130,23.81047,38.052238
30,131,23.81127,38.053828
30,132,23.810129,38.05693
30,133,23.808988,38.060741
30,134,23.809729,38.06568
30,135,23.810148,38.066642
30,136,23.810718,38.067344
30,137,23.811138,38.070052
30,138,23.811147,38.070453
30,139,23.812308,38.073093
30,140,23.812067,38.075732
30,141,23.813088,38.077892
30,142,23.814197,38.0797
30,143,23.815017,38.082278
30,144,23.816398,38.084617
30,145,23.817419,38.087967
30,146,23.819068,38.089366
30,147,23.819559,38.089877
30,148,23.821019,38.091197
30,149,23.823047,38.094066
30,150,23.824318,38.097617
30,151,23.825357,38.099948
30,152,23.825708,38.10218
30,153,23.825998,38.104499
30,154,23.825927,38.107268
30,155,23.825919,38.11005
30,156,23.826888,38.11233
30,157,23.829039,38.114852
30,158,23.828847,38.116073
30,159,23.830318,38.117874
30,160,23.834238,38.121932
30,161,23.837297,38.126781
30,162,23.839678,38.13171
30,163,23.840797,38.131328
30,164,23.840977,38.131019
30,165,23.840996,38.131049
30,166,23.841156,38.130919
30,167,23.841075,38.130919
30,168,23.840836,38.131381
30,169,23.840314,38.131862
30,170,23.839825,38.1319
30,171,23.839294,38.131019
30,172,23.837634,38.127609
30,173,23.835874,38.123878
30,174,23.832615,38.120387
30,175,23.830836,38.118686
30,176,23.828346,38.116835
30,177,23.825556,38.114184
30,178,23.824097,38.113754
30,179,23.823487,38.111964
30,180,23.820467,38.109035
30,181,23.816467,38.105223
30,182,23.810988,38.102664
30,183,23.805248,38.100364
30,184,23.799328,38.098083
30,185,23.793977,38.095314
30,186,23.791489,38.092193
30,187,23.788938,38.088874
30,188,23.785688,38.084636
30,189,23.782768,38.080855
30,190,23.780159,38.078155
30,191,23.779629,38.077296
30,192,23.780109,38.077117
30,193,23.780849,38.077926
30,194,23.78265,38.080077
30,195,23.784031,38.081878
30,196,23.785681,38.083949
30,197,23.786091,38.08441
30,198,23.786189,38.08425
30,199,23.78665,38.08438
30,200,23.787479,38.084601
30,201,23.787369,38.084621
30,202,23.786878,38.084552
30,203,23.786228,38.084281
30,204,23.786209,38.084262
30,205,23.786129,38.084231
30,206,23.786389,38.084712
30,207,23.787838,38.086612
30,208,23.789638,38.08895
30,209,23.790089,38.089679
30,210,23.790959,38.09088
30,211,23.792818,38.093371
30,212,23.797669,38.097072
30,213,23.804788,38.099834
30,214,23.811848,38.102565
30,215,23.815218,38.103514
30,216,23.815668,38.102786
30,217,23.815668,38.102774
30,218,23.815718,38.102714
30,219,23.816837,38.103324
30,220,23.819097,38.106944
30,221,23.822877,38.110523
30,222,23.826508,38.114051
30,223,23.828747,38.116301
30,224,23.832675,38.120311
30,225,23.836746,38.125461
30,226,23.839346,38.130862
30,227,23.840885,38.13127
30,228,23.841005,38.131129
30,229,23.840906,38.131038
30,230,23.840907,38.130809
30,231,23.840976,38.130748
30,232,23.840967,38.130889
30,233,23.840797,38.13145
30,234,23.840107,38.131851
30,235,23.840107,38.132499
30,236,23.841287,38.13478
30,237,23.842999,38.137859
30,238,23.845438,38.13919
30,239,23.847278,38.13943
30,240,23.849119,38.13946
30,241,23.84935,38.139621
30,242,23.84936,38.140029
30,243,23.849289,38.140079
30,244,23.849159,38.140109
30,245,23.849689,38.140097
30,246,23.84897,38.140109
30,247,23.84849,38.140109
30,248,23.848699,38.140399
30,249,23.848719,38.14043
30,250,23.848719,38.14043
30,251,23.848589,38.140399
30,252,23.848629,38.14011
30,253,23.849338,38.140048
30,254,23.849338,38.140048
30,255,23.849329,38.14006
30,256,23.849258,38.139518
30,257,23.846128,38.139468
30,258,23.845357,38.13906
30,259,23.842247,38.136939
30,260,23.839807,38.132129
30,261,23.840739,38.131469
30,262,23.840948,38.131118
30,263,23.840968,38.131107
30,264,23.841106,38.130958
30,265,23.841097,38.130927
30,266,23.841017,38.130965
30,267,23.840998,38.130965
30,268,23.840807,38.131366
30,269,23.840246,38.131865
30,270,23.839315,38.131087
30,271,23.837634,38.127597
30,272,23.835646,38.123648
30,273,23.832365,38.1202
30,274,23.828895,38.116691
30,275,23.825926,38.113712
30,276,23.822537,38.110481
30,277,23.818977,38.107081
30,278,23.816827,38.10364
30,279,23.816288,38.102702
30,280,23.816118,38.102622
30,281,23.816109,38.102622
30,282,23.815699,38.102511
30,283,23.812889,38.10123
30,284,23.810479,38.098418
30,285,23.809688,38.09571
30,286,23.809259,38.094249
30,287,23.80884,38.091228
30,288,23.80933,38.088267
30,289,23.80952,38.087089
30,290,23.810471,38.085089
30,291,23.809141,38.082679
30,292,23.807121,38.08005
30,293,23.808351,38.079852
30,294,23.810692,38.079513
30,295,23.812172,38.079333
30,296,23.813602,38.079112
30,297,23.812862,38.078014
30,298,23.811932,38.075614
30,299,23.812052,38.075134
30,300,23.81215,38.074904
30,301,23.81192,38.072856
30,302,23.810989,38.069747
30,303,23.80982,38.066386
30,304,23.80911,38.062884
30,305,23.808521,38.058956
30,306,23.808481,38.058494
30,307,23.81035,38.056823
30,308,23.81142,38.054541
30,309,23.81023,38.052031
30,310,23.808171,38.049331
30,311,23.80711,38.046161
30,312,23.80447,38.043651
30,313,23.80359,38.042872
30,314,23.80299,38.042621
30,315,23.804409,38.04132
30,316,23.807649,38.039901
30,317,23.808819,38.040412
30,318,23.80913,38.042644
30,319,23.809309,38.044684
30,320,23.809438,38.044803
30,321,23.810857,38.044433
30,322,23.813808,38.043312
30,323,23.816148,38.041862
30,324,23.815828,38.04143
30,325,23.815718,38.041281
30,326,23.815428,38.041503
30,327,23.815348,38.041533
30,328,23.815258,38.041614
30,329,23.815468,38.041473
30,330,23.815819,38.041374
30,331,23.81564,38.041423
30,332,23.81534,38.041514
30,333,23.815229,38.041515
30,334,23.81517,38.041564
30,335,23.815189,38.041594
30,336,23.81514,38.041633
30,337,23.815291,38.041584
30,338,23.8153,38.041572
30,339,23.815769,38.041401
30,340,23.81612,38.04193
30,341,23.814251,38.043052
30,342,23.812721,38.043853
30,343,23.810192,38.044661
30,344,23.809302,38.045322
30,345,23.809592,38.047252
30,346,23.80969,38.047492
30,347,23.808131,38.048141
30,348,23.80893,38.049872
30,349,23.8104,38.051963
30,350,23.81073,38.052783
30,351,23.81199,38.055854
30,352,23.808891,38.057735
30,353,23.808892,38.060096
30,354,23.809511,38.064444
30,355,23.811071,38.068194
30,356,23.81109,38.069465
30,357,23.811131,38.070964
30,358,23.81115,38.071185
30,359,23.811279,38.071704
30,360,23.811779,38.072376
30,361,23.812059,38.072708
30,362,23.812279,38.073096
30,363,23.812298,38.074397
30,364,23.812078,38.075835
30,365,23.812707,38.077327
30,366,23.813917,38.079128
30,367,23.814296,38.080195
30,368,23.814636,38.081317
30,369,23.816156,38.083946
30,370,23.816357,38.085754
30,371,23.816356,38.086265
30,372,23.816726,38.087097
30,373,23.817037,38.087566
30,374,23.817167,38.087775
30,375,23.817198,38.087794
30,376,23.816917,38.088126
30,377,23.814086,38.088416
30,378,23.810726,38.087776
30,379,23.809876,38.087596
30,380,23.809876,38.087596
30,381,23.809475,38.087558
30,382,23.805974,38.08736
30,383,23.802234,38.087211
30,384,23.801784,38.087191
30,385,23.801026,38.087173
30,386,23.800745,38.087184
30,387,23.799895,38.087516
30,388,23.797643,38.090267
30,389,23.795874,38.092486
30,390,23.794085,38.094825
30,391,23.792855,38.095893
30,392,23.793524,38.095061
30,393,23.792035,38.093131
30,394,23.790005,38.091731
30,395,23.787124,38.09143
30,396,23.783735,38.090919
30,397,23.780216,38.091621
30,398,23.779426,38.091479
30,399,23.778677,38.091258
30,400,23.777637,38.091006
30,401,23.777157,38.091037
30,402,23.776186,38.091346
30,403,23.776017,38.091464
30,404,23.775056,38.092224
30,405,23.775007,38.092234
30,406,23.772787,38.092665
30,407,23.769747,38.092266
30,408,23.769106,38.092173
30,409,23.767105,38.091903
30,410,23.766695,38.091841
30,411,23.766185,38.091773
30,412,23.765565,38.091693
30,413,23.764806,38.091602
30,414,23.764446,38.091552
30,415,23.764135,38.091514
30,416,23.763445,38.091415
30,417,23.762686,38.091323
30,418,23.762315,38.091285
30,419,23.761766,38.091205
30,420,23.761316,38.091136
30,421,23.760456,38.090835
30,422,23.760376,38.090804
30,423,23.760065,38.090663
30,424,23.759356,38.090342
30,425,23.759325,38.090343
30,426,23.757215,38.089412
30,427,23.755735,38.088913
30,428,23.755735,38.088882
30,429,23.755726,38.088882
30,430,23.755716,38.08887
30,431,23.755717,38.088988
30,432,23.755726,38.088939
30,433,23.756367,38.088977
30,434,23.758066,38.089747
30,435,23.758066,38.089747
30,436,23.759146,38.090247
30,437,23.763265,38.091358
30,438,23.768166,38.092017
30,439,23.768995,38.092128
30,440,23.770466,38.092327
30,441,23.771206,38.092437
30,442,23.771225,38.092437
30,443,23.771475,38.092467
30,444,23.772014,38.092536
30,445,23.772384,38.092597
30,446,23.773084,38.092697
30,447,23.773994,38.092826
30,448,23.774035,38.092845
30,449,23.774245,38.092906
30,450,23.774825,38.093448
30,451,23.776995,38.096439
30,452,23.779255,38.100337
30,453,23.784484,38.102988
30,454,23.788984,38.106887
30,455,23.790325,38.111846
30,456,23.789095,38.117088
30,457,23.791864,38.121959
30,458,23.793844,38.125659
30,459,23.795226,38.12538
30,460,23.797785,38.120731
30,461,23.800144,38.116481
30,462,23.802694,38.111911
30,463,23.804985,38.107791
30,464,23.807066,38.106631
30,465,23.808606,38.106402
30,466,23.809906,38.107162
30,467,23.812116,38.106521
30,468,23.814766,38.105621
30,469,23.818917,38.107841
30,470,23.823467,38.112392
30,471,23.826147,38.114772
30,472,23.829736,38.118472
30,473,23.831056,38.118953
30,474,23.833147,38.121123
30,475,23.836727,38.125812
30,476,23.839508,38.131572
30,477,23.840779,38.131473
30,478,23.840958,38.131282
30,479,23.840957,38.13119
30,480,23.841118,38.130889
30,481,23.841078,38.130927
30,482,23.841068,38.131099
30,483,23.841059,38.131118
30,484,23.840719,38.131606
30,485,23.839899,38.132087
30,486,23.840729,38.133696
30,487,23.842348,38.136904
30,488,23.845287,38.138504
30,489,23.845487,38.139224
30,490,23.845608,38.139403
30,491,23.846338,38.139415
30,492,23.849588,38.139483
30,493,23.854048,38.139113
30,494,23.856287,38.136615
30,495,23.857098,38.137275
30,496,23.858748,38.140224
30,497,23.860807,38.142616
30,498,23.862988,38.144176
30,499,23.864067,38.144374
30,500,23.864048,38.144443
30,501,23.864097,38.144443
30,502,23.863967,38.144431
30,503,23.863898,38.144511
30,504,23.863977,38.14458
30,505,23.863987,38.144591
30,506,23.864068,38.14458
30,507,23.863478,38.144389
30,508,23.862188,38.143779
30,509,23.859998,38.142078
30,510,23.858509,38.139827
30,511,23.856918,38.136817
30,512,23.857109,38.135966
30,513,23.859228,38.133548
30,514,23.859129,38.131267
30,515,23.857198,38.128306
30,516,23.856239,38.124667
30,517,23.858009,38.122627
30,518,23.85861,38.120795
30,519,23.861651,38.121444
30,520,23.86624,38.122375
30,521,23.86993,38.122855
30,522,23.871491,38.119574
30,523,23.872231,38.116343
30,524,23.87445,38.116004
30,525,23.877661,38.115943
30,526,23.88048,38.115592
30,527,23.88253,38.115081
30,528,23.882571,38.115092
30,529,23.88216,38.115203
30,530,23.88087,38.115504
30,531,23.88051,38.115505
30,532,23.880381,38.115695
30,533,23.87986,38.115733
30,534,23.877769,38.115932
30,535,23.87645,38.1169
30,536,23.87645,38.1169
30,537,23.87645,38.116912
30,538,23.876307,38.117015
