31,1,23.876354,38.116905
31,2,23.874365,38.116985
31,3,23.872555,38.116965
31,4,23.872295,38.117957
31,5,23.871115,38.120376
31,6,23.870026,38.122626
31,7,23.870025,38.122997
31,8,23.871135,38.123767
31,9,23.871885,38.125118
31,10,23.869196,38.126209
31,11,23.867166,38.12878
31,12,23.864187,38.129771
31,13,23.862778,38.130549
31,14,23.860597,38.131938
31,15,23.859666,38.131748
31,16,23.859556,38.131748
31,17,23.857487,38.131366
31,18,23.854987,38.130885
31,19,23.851027,38.129973
31,20,23.847557,38.128955
31,21,23.844367,38.127013
31,22,23.841257,38.126773
31,23,23.837446,38.126094
31,24,23.837545,38.127322
31,25,23.839165,38.13069
31,26,23.840694,38.131549
31,27,23.841135,38.130938
31,28,23.841035,38.130977
31,29,23.841116,38.131038
31,30,23.840965,38.131248
31,31,23.840946,38.131259
31,32,23.840687,38.131721
31,33,23.839928,38.131892
31,34,23.839678,38.131652
31,35,23.838808,38.12992
31,36,23.837309,38.126739
31,37,23.835259,38.123058
31,38,23.831928,38.119659
31,39,23.829378,38.11713
31,40,23.829279,38.11639
31,41,23.82914,38.115039
31,42,23.828181,38.11391
31,43,23.826589,38.111942
31,44,23.825989,38.110141
31,45,23.82597,38.107791
31,46,23.826121,38.105121
31,47,23.826339,38.103469
31,48,23.827869,38.102138
31,49,23.82799,38.101966
31,50,23.82778,38.101756
31,51,23.8258,38.100036
31,52,23.82497,38.098895
31,53,23.82587,38.098636
31,54,23.827101,38.098235
31,55,23.8281,38.097034
31,56,23.82935,38.095725
31,57,23.830629,38.094603
31,58,23.832039,38.093413
31,59,23.832489,38.093161
31,60,23.833179,38.092952
31,61,23.83375,38.092563
31,62,23.834299,38.092113
31,63,23.834849,38.091915
31,64,23.834929,38.092426
31,65,23.835008,38.093036
31,66,23.835008,38.093024
31,67,23.835178,38.092994
31,68,23.834987,38.092624
31,69,23.834788,38.091742
31,70,23.834187,38.092204
31,71,23.834066,38.092562
31,72,23.833906,38.092734
31,73,23.832506,38.093265
31,74,23.830705,38.094615
31,75,23.828797,38.096286
31,76,23.828037,38.097907
31,77,23.825388,38.098777
31,78,23.825259,38.098807
31,79,23.825038,38.098888
31,80,23.825508,38.099776
31,81,23.825727,38.101657
31,82,23.825987,38.104137
31,83,23.825946,38.107028
31,84,23.825927,38.10971
31,85,23.826569,38.111861
31,86,23.828709,38.114452
31,87,23.82911,38.116153
31,88,23.829559,38.117274
31,89,23.832789,38.120543
31,90,23.836248,38.124644
31,91,23.837948,38.128184
31,92,23.839897,38.131842
31,93,23.840847,38.131274
31,94,23.840946,38.131084
31,95,23.840946,38.131095
31,96,23.841106,38.130924
31,97,23.841106,38.130935
31,98,23.840967,38.130996
31,99,23.840977,38.130996
31,100,23.840977,38.131187
31,101,23.840665,38.131648
31,102,23.839885,38.131927
31,103,23.838967,38.130397
31,104,23.837277,38.126868
31,105,23.835167,38.12305
31,106,23.831807,38.119609
31,107,23.829185,38.117
31,108,23.829176,38.11629
31,109,23.828895,38.114699
31,110,23.827295,38.11296
31,111,23.825985,38.1105
31,112,23.826055,38.108138
31,113,23.826126,38.105487
31,114,23.826095,38.104419
31,115,23.826644,38.10316
31,116,23.827986,38.101958
31,117,23.826934,38.101047
31,118,23.825356,38.099636
31,119,23.824886,38.099055
31,120,23.824877,38.099036
31,121,23.824836,38.098975
31,122,23.824497,38.098205
31,123,23.824497,38.097686
31,124,23.825497,38.097457
31,125,23.826076,38.097026
31,126,23.826456,38.096854
31,127,23.827146,38.097884
31,128,23.827357,38.098075
31,129,23.827776,38.097804
31,130,23.828106,38.096904
31,131,23.829466,38.095572
31,132,23.830876,38.094322
31,133,23.832045,38.093254
31,134,23.833124,38.092932
31,135,23.833874,38.092365
31,136,23.834663,38.091716
31,137,23.834883,38.092426
31,138,23.834902,38.093097
31,139,23.835161,38.092967
31,140,23.835022,38.092849
31,141,23.834952,38.0917
31,142,23.83431,38.092059
31,143,23.834091,38.092627
31,144,23.833891,38.092777
31,145,23.832331,38.093307
31,146,23.831951,38.093517
31,147,23.831791,38.093627
31,148,23.83052,38.094756
31,149,23.829561,38.095588
31,150,23.82821,38.097278
31,151,23.82624,38.098506
31,152,23.82518,38.098838
31,153,23.825171,38.098849
31,154,23.824961,38.09896
31,155,23.825501,38.099662
31,156,23.825661,38.101253
31,157,23.825891,38.103762
31,158,23.825891,38.106624
31,159,23.825842,38.109294
31,160,23.826403,38.112064
31,161,23.828733,38.114765
31,162,23.829254,38.116855
31,163,23.830694,38.118415
31,164,23.834694,38.122516
31,165,23.837583,38.127547
31,166,23.839703,38.131828
31,167,23.840843,38.131297
31,168,23.840963,38.131107
31,169,23.840513,38.131465
31,170,23.840864,38.131305
31,171,23.841105,38.130924
31,172,23.840913,38.130973
31,173,23.840824,38.131251
31,174,23.840584,38.13174
31,175,23.840405,38.131809
31,176,23.839614,38.131667
31,177,23.838425,38.129275
31,178,23.836784,38.125697
31,179,23.834154,38.121966
31,180,23.831065,38.118816
31,181,23.829214,38.117823
31,182,23.826763,38.115303
31,183,23.824564,38.114013
31,184,23.823663,38.112952
31,185,23.821924,38.110484
31,186,23.818064,38.106765
31,187,23.812904,38.103415
31,188,23.806644,38.100966
31,189,23.800465,38.098548
31,190,23.794625,38.095909
31,191,23.791463,38.092227
31,192,23.788833,38.088805
31,193,23.785644,38.084624
31,194,23.782125,38.080036
31,195,23.777325,38.075935
31,196,23.770904,38.073226
31,197,23.764105,38.070526
31,198,23.759685,38.068775
31,199,23.759345,38.069144
31,200,23.759916,38.067615
31,201,23.759886,38.066726
31,202,23.759356,38.065295
31,203,23.758415,38.064254
31,204,23.758196,38.063922
31,205,23.757367,38.062831
31,206,23.756457,38.06052
31,207,23.755765,38.058921
31,208,23.755285,38.058273
31,209,23.754434,38.057082
31,210,23.752646,38.054473
31,211,23.751304,38.052371
31,212,23.751684,38.052051
31,213,23.751885,38.050941
31,214,23.751354,38.050251
31,215,23.751144,38.04993
31,216,23.751144,38.04991
31,217,23.751225,38.049979
31,218,23.751345,38.050177
31,219,23.751645,38.050178
31,220,23.752325,38.049807
31,221,23.754376,38.048686
31,222,23.755386,38.048136
31,223,23.757236,38.047515
31,224,23.757856,38.047423
31,225,23.758417,38.047263
31,226,23.758597,38.047202
31,227,23.759278,38.047042
31,228,23.759326,38.047073
31,229,23.758806,38.046542
31,230,23.758417,38.046142
31,231,23.758417,38.046031
31,232,23.758207,38.04581
31,233,23.758738,38.045131
31,234,23.759798,38.04346
31,235,23.761198,38.04227
31,236,23.762968,38.041919
31,237,23.763039,38.041748
31,238,23.762678,38.041446
31,239,23.762487,38.041286
31,240,23.762457,38.041255
31,241,23.762476,38.041267
31,242,23.762406,38.041206
31,243,23.762735,38.041545
31,244,23.762945,38.041686
31,245,23.762976,38.041736
31,246,23.762926,38.041637
31,247,23.762886,38.041606
31,248,23.762686,38.041477
31,249,23.762627,38.041427
31,250,23.762636,38.041427
31,251,23.762457,38.041286
31,252,23.762358,38.041125
