33,1,23.876121,37.984287
33,2,23.876121,37.984287
33,3,23.876022,37.984287
33,4,23.876852,37.984008
33,5,23.877493,37.984599
33,6,23.877953,37.985389
33,7,23.878924,37.98558
33,8,23.881014,37.9854
33,9,23.882454,37.985733
33,10,23.882934,37.987323
33,11,23.881815,37.988052
33,12,23.880554,37.989162
33,13,23.881214,37.989994
33,14,23.881264,37.989875
33,15,23.881263,37.990127
33,16,23.881264,37.990078
33,17,23.881474,37.990336
33,18,23.881804,37.990508
33,19,23.881804,37.990539
33,20,23.881344,37.990169
33,21,23.881334,37.99015
33,22,23.881285,37.990119
33,23,23.880535,37.989299
33,24,23.880264,37.989078
33,25,23.878975,37.989726
33,26,23.876584,37.991275
33,27,23.874635,37.992236
33,28,23.873116,37.990306
33,29,23.871046,37.990028
33,30,23.870195,37.990939
33,31,23.871556,37.99243
33,32,23.871065,37.994571
33,33,23.870255,37.995761
33,34,23.870255,37.995773
33,35,23.869934,37.996104
33,36,23.867165,37.997615
33,37,23.863664,37.999385
33,38,23.860106,38.001136
33,39,23.857926,38.002986
33,40,23.857955,38.005378
33,41,23.858527,38.007457
33,42,23.858837,38.007506
33,43,23.860627,38.007679
33,44,23.860885,38.009318
33,45,23.861135,38.011039
33,46,23.860346,38.01263
33,47,23.860355,38.014479
33,48,23.860305,38.017291
33,49,23.860296,38.020423
33,50,23.859677,38.023185
33,51,23.859606,38.023646
33,52,23.858575,38.024078
33,53,23.855005,38.024688
33,54,23.851194,38.025928
33,55,23.847574,38.027148
33,56,23.844494,38.02893
33,57,23.843365,38.027419
33,58,23.841835,38.027671
33,59,23.838724,38.029041
33,60,23.837395,38.029639
33,61,23.837376,38.029639
33,62,23.836895,38.029239
33,63,23.835255,38.027149
33,64,23.833504,38.02507
33,65,23.832744,38.025069
33,66,23.831685,38.02555
33,67,23.830454,38.026179
33,68,23.823004,38.03252
33,69,23.822894,38.032921
33,70,23.822573,38.033199
33,71,23.821272,38.034358
33,72,23.820362,38.035099
33,73,23.820362,38.035159
33,74,23.820732,38.034881
33,75,23.820732,38.034862
33,76,23.820342,38.035182
33,77,23.820192,38.0353
33,78,23.820192,38.035312
33,79,23.819952,38.035331
33,80,23.820143,38.035182
33,81,23.820173,38.035152
33,82,23.819714,38.035541
33,83,23.819745,38.035511
33,84,23.819734,38.035541
33,85,23.819935,38.035472
33,86,23.819685,38.035644
33,87,23.819756,38.035632
33,88,23.819756,38.03562
33,89,23.819466,38.035732
33,90,23.819456,38.035732
33,91,23.819376,38.035843
33,92,23.819506,38.035773
33,93,23.819435,38.035773
33,94,23.819114,38.036064
33,95,23.819133,38.036075
33,96,23.819034,38.036124
33,97,23.819074,38.036093
33,98,23.819034,38.036124
33,99,23.817145,38.037536
33,100,23.813934,38.038986
33,101,23.811824,38.039657
33,102,23.809296,38.040465
33,103,23.809256,38.040465
33,104,23.809315,38.040527
33,105,23.809895,38.040329
33,106,23.813204,38.03931
33,107,23.817463,38.03738
33,108,23.819202,38.036109
33,109,23.819283,38.036048
33,110,23.819162,38.036159
33,111,23.819261,38.03609
33,112,23.819391,38.035892
33,113,23.820721,38.034721
33,114,23.821611,38.033992
33,115,23.821751,38.033912
33,116,23.823181,38.032771
33,117,23.823181,38.032741
33,118,23.823021,38.032592
33,119,23.822962,38.032363
33,120,23.832012,38.025332
33,121,23.832903,38.024711
33,122,23.833513,38.02518
33,123,23.834864,38.026801
33,124,23.836193,38.028331
33,125,23.837084,38.02814
33,126,23.840143,38.02687
33,127,23.842173,38.025969
33,128,23.843803,38.025989
33,129,23.847263,38.02523
33,130,23.849064,38.024891
33,131,23.849074,38.024891
33,132,23.848935,38.02447
33,133,23.847485,38.021899
33,134,23.845854,38.01887
33,135,23.844244,38.015979
33,136,23.843614,38.013988
33,137,23.843565,38.013637
33,138,23.843525,38.013305
33,139,23.843475,38.012694
33,140,23.843525,38.012096
33,141,23.843525,38.012065
33,142,23.843685,38.011245
33,143,23.843695,38.010993
33,144,23.843695,38.010962
33,145,23.845746,38.010322
33,146,23.850635,38.009491
33,147,23.854975,38.008601
33,148,23.855255,38.007293
33,149,23.855825,38.005942
33,150,23.856306,38.004653
33,151,23.857216,38.002883
33,152,23.861366,38.000335
33,153,23.865717,37.998436
33,154,23.869597,37.996204
33,155,23.871755,37.995501
33,156,23.874265,37.992733
33,157,23.875745,37.991721
33,158,23.879477,37.989329
33,159,23.880577,37.98933
33,160,23.881427,37.990268
33,161,23.881638,37.99052
33,162,23.881688,37.990508
33,163,23.881878,37.9906
33,164,23.881928,37.990508
33,165,23.881758,37.990188
33,166,23.881447,37.989997
33,167,23.881366,37.990058
33,168,23.881077,37.98978
33,169,23.880216,37.98899
33,170,23.878486,37.98997
33,171,23.875967,37.991629
33,172,23.874626,37.99219
33,173,23.873187,37.990329
33,174,23.872027,37.989848
33,175,23.869966,37.99076
33,176,23.871505,37.992381
33,177,23.871216,37.994472
33,178,23.870256,37.995723
33,179,23.870256,37.995734
33,180,23.869226,37.996345
33,181,23.866236,37.998065
33,182,23.862986,37.999556
33,183,23.860146,38.001018
33,184,23.857956,38.002467
33,185,23.857886,38.004317
33,186,23.858166,38.006179
33,187,23.858236,38.006457
33,188,23.858375,38.006927
33,189,23.858385,38.006938
33,190,23.858435,38.007057
33,191,23.858524,38.007396
33,192,23.858524,38.007415
33,193,23.858224,38.007595
33,194,23.856584,38.008136
33,195,23.854574,38.008735
33,196,23.853424,38.008994
33,197,23.851645,38.009295
33,198,23.849585,38.009677
33,199,23.848255,38.009898
33,200,23.846185,38.010268
33,201,23.844526,38.01052
33,202,23.844495,38.010551
33,203,23.844015,38.010631
33,204,23.843996,38.010669
33,205,23.843725,38.010688
33,206,23.841844,38.010879
33,207,23.839204,38.011428
33,208,23.836266,38.012737
33,209,23.832455,38.013576
33,210,23.829405,38.014014
33,211,23.826015,38.013946
33,212,23.825056,38.013865
33,213,23.825006,38.013877
33,214,23.823085,38.013786
33,215,23.822305,38.013766
33,216,23.822275,38.013778
33,217,23.820565,38.013686
33,218,23.817354,38.012836
33,219,23.816163,38.012534
33,220,23.814033,38.012073
33,221,23.810725,38.011321
33,222,23.807585,38.010093
33,223,23.804754,38.008743
33,224,23.802935,38.008094
33,225,23.800635,38.007343
33,226,23.797535,38.006534
33,227,23.794875,38.005152
33,228,23.792694,38.003562
33,229,23.790744,38.002353
33,230,23.790344,38.002242
33,231,23.789894,38.002021
33,232,23.788905,38.001639
33,233,23.788164,38.001411
33,234,23.787974,38.001361
33,235,23.787532,38.001189
33,236,23.785853,38.000228
33,237,23.784141,37.999
33,238,23.783142,37.99818
33,239,23.783072,37.99813
33,240,23.781341,37.99686
33,241,23.779001,37.995421
33,242,23.776281,37.993442
33,243,23.772991,37.991771
33,244,23.770471,37.99023
33,245,23.767841,37.988601
33,246,23.767431,37.988269
33,247,23.76678,37.987677
33,248,23.76432,37.986137
33,249,23.761471,37.985008
33,250,23.76041,37.98497
33,251,23.759041,37.983688
33,252,23.7564,37.982116
33,253,23.75501,37.980735
33,254,23.75441,37.980155
33,255,23.754058,37.979976
33,256,23.75372,37.980205
33,257,23.753569,37.980273
33,258,23.754109,37.980243
33,259,23.754318,37.980403
33,260,23.75426,37.980472
33,261,23.754259,37.980483
33,262,23.754299,37.980445
33,263,23.753948,37.979957
33,264,23.752718,37.978927
33,265,23.752228,37.978488
33,266,23.750927,37.977389
33,267,23.749607,37.976428
33,268,23.749607,37.976398
33,269,23.749417,37.976157
33,270,23.749956,37.975288
33,271,23.749987,37.975196
33,272,23.751288,37.975394
33,273,23.752718,37.975726
33,274,23.753968,37.976528
33,275,23.755598,37.978496
33,276,23.757498,37.980887
33,277,23.761048,37.982028
33,278,23.761818,37.982886
33,279,23.764188,37.984928
33,280,23.765098,37.985606
33,281,23.766618,37.987147
33,282,23.768709,37.988986
33,283,23.77175,37.991088
33,284,23.7756,37.99295
33,285,23.77928,37.99554
33,286,23.78241,37.99755
33,287,23.78418,37.998961
33,288,23.784371,37.999122
33,289,23.78662,38.000613
33,290,23.79083,38.002223
33,291,23.793901,38.004303
33,292,23.794651,38.004912
33,293,23.794851,38.005024
33,294,23.797432,38.006305
33,295,23.801243,38.007324
33,296,23.801373,38.007392
33,297,23.803762,38.008273
33,298,23.807462,38.009933
33,299,23.811243,38.011283
33,300,23.815553,38.012264
33,301,23.819874,38.013454
33,302,23.823824,38.013786
33,303,23.828054,38.013926
33,304,23.832393,38.013477
33,305,23.836224,38.012656
33,306,23.840013,38.011035
33,307,23.844583,38.010516
33,308,23.849964,38.009605
33,309,23.855015,38.008606
33,310,23.858385,38.007606
33,311,23.862144,38.007007
33,312,23.866135,38.006175
33,313,23.870184,38.005424
33,314,23.874294,38.004512
33,315,23.878035,38.00384
33,316,23.881004,38.003822
33,317,23.883734,38.003543
33,318,23.884683,38.002582
33,319,23.884955,38.001632
33,320,23.884964,38.001632
33,321,23.885114,38.001552
33,322,23.886375,38.001643
33,323,23.887756,38.001773
33,324,23.889246,38.001182
33,325,23.890735,38.000171
33,326,23.890416,37.999701
33,327,23.890335,37.999591
33,328,23.890366,37.99958
33,329,23.890366,37.999549
33,330,23.890295,37.999408
33,331,23.890325,37.999388
33,332,23.890206,37.99927
33,333,23.890254,37.999339
33,334,23.890254,37.999359
33,335,23.890585,37.99971
33,336,23.890585,38.00027
33,337,23.889456,38.00101
33,338,23.887704,38.001579
33,339,23.885454,38.00135
33,340,23.884803,38.002368
33,341,23.884434,38.00336
33,342,23.884335,38.003398
33,343,23.883234,38.003517
33,344,23.882284,38.003688
33,345,23.881984,38.003749
33,346,23.880914,38.003139
33,347,23.880684,38.000648
33,348,23.880564,37.997287
33,349,23.881464,37.993827
33,350,23.882275,37.990837
33,351,23.881655,37.991687
33,352,23.881475,37.991717
33,353,23.881426,37.991706
33,354,23.881316,37.991694
33,355,23.881356,37.991584
33,356,23.881365,37.991466
33,357,23.882216,37.990608
33,358,23.882776,37.988578
33,359,23.882967,37.987849
33,360,23.882797,37.98664
33,361,23.881687,37.985752
33,362,23.879908,37.985602
33,363,23.878147,37.985602
33,364,23.877598,37.984691
33,365,23.876758,37.984149
33,366,23.87596,37.984241
33,367,23.87578,37.984351
