34,1,23.876299,37.984214
34,2,23.877249,37.984214
34,3,23.87777,37.985145
34,4,23.87839,37.985626
34,5,23.880089,37.985587
34,6,23.881729,37.985618
34,7,23.88274,37.98666
34,8,23.882469,37.987789
34,9,23.880259,37.988887
34,10,23.880928,37.989688
34,11,23.881038,37.989837
34,12,23.881058,37.989929
34,13,23.881338,37.990218
34,14,23.881449,37.990336
34,15,23.881618,37.990355
34,16,23.881717,37.990393
34,17,23.881717,37.990424
34,18,23.881658,37.990485
34,19,23.881677,37.990504
34,20,23.881458,37.990333
34,21,23.881279,37.990123
34,22,23.881319,37.990024
34,23,23.88139,37.990134
34,24,23.8813,37.990123
34,25,23.881149,37.989913
34,26,23.881131,37.989902
34,27,23.881001,37.989833
34,28,23.880241,37.989063
34,29,23.880202,37.989032
34,30,23.878971,37.989673
34,31,23.876751,37.991103
34,32,23.87467,37.992172
34,33,23.87315,37.990211
34,34,23.87093,37.990039
34,35,23.87027,37.990989
34,36,23.871959,37.99279
34,37,23.87053,37.994911
34,38,23.870289,37.995731
34,39,23.870289,37.995742
34,40,23.868849,37.996623
34,41,23.865789,37.998332
34,42,23.864938,37.998793
34,43,23.862358,37.999804
34,44,23.859438,38.001563
34,45,23.857927,38.003372
34,46,23.858187,38.005943
34,47,23.858286,38.006324
34,48,23.858345,38.006522
34,49,23.858415,38.006763
34,50,23.858415,38.006782
34,51,23.858554,38.007163
34,52,23.858505,38.007182
34,53,23.857895,38.007671
34,54,23.855595,38.00843
34,55,23.852014,38.009219
34,56,23.849424,38.009688
34,57,23.848625,38.00983
34,58,23.847485,38.010009
34,59,23.845514,38.010341
34,60,23.843324,38.010582
34,61,23.839856,38.011092
34,62,23.836405,38.012652
34,63,23.834005,38.013213
34,64,23.831594,38.013724
34,65,23.828724,38.013984
34,66,23.825634,38.013904
34,67,23.823775,38.013824
34,68,23.822735,38.013785
34,69,23.822704,38.013785
34,70,23.822404,38.013755
34,71,23.820774,38.013694
34,72,23.820484,38.013755
34,73,23.819685,38.014056
34,74,23.817736,38.014678
34,75,23.816825,38.013846
34,76,23.814895,38.013176
34,77,23.813216,38.012855
34,78,23.812654,38.012756
34,79,23.812074,38.012756
34,80,23.810394,38.013614
34,81,23.808985,38.014552
34,82,23.807624,38.015464
34,83,23.806515,38.015556
34,84,23.804995,38.015506
34,85,23.804964,38.014755
34,86,23.804835,38.013724
34,87,23.804665,38.013713
34,88,23.802814,38.013873
34,89,23.801844,38.013503
34,90,23.801683,38.013423
34,91,23.801353,38.013282
34,92,23.801193,38.013263
34,93,23.800804,38.013244
34,94,23.799253,38.012676
34,95,23.797903,38.012824
34,96,23.797342,38.012824
34,97,23.796732,38.012324
34,98,23.796353,38.011916
34,99,23.795023,38.010817
34,100,23.793563,38.011359
34,101,23.793033,38.01155
34,102,23.792645,38.011149
34,103,23.792324,38.01062
34,104,23.792235,38.010601
34,105,23.792176,38.010589
34,106,23.791694,38.010787
34,107,23.790434,38.011226
34,108,23.789514,38.011528
34,109,23.789163,38.011127
34,110,23.788623,38.009967
34,111,23.788204,38.009147
34,112,23.788173,38.009135
34,113,23.787954,38.008864
34,114,23.787915,38.008864
34,115,23.787594,38.008545
34,116,23.787474,38.008323
34,117,23.787223,38.007972
34,118,23.787193,38.007922
34,119,23.786963,38.007541
34,120,23.786783,38.007289
34,121,23.786632,38.007129
34,122,23.786083,38.006378
34,123,23.785784,38.005988
34,124,23.785654,38.005767
34,125,23.785364,38.005397
34,126,23.785244,38.005218
34,127,23.784535,38.004218
34,128,23.784214,38.003708
34,129,23.782913,38.003348
34,130,23.781353,38.002128
34,131,23.778624,38.001388
34,132,23.777224,38.001426
34,133,23.776293,38.001037
34,134,23.774862,38.001659
34,135,23.774813,38.001658
34,136,23.774532,38.001758
34,137,23.773613,38.002158
34,138,23.773492,38.002147
34,139,23.772602,38.001437
34,140,23.769972,37.999038
34,141,23.767911,37.995578
34,142,23.767101,37.993907
34,143,23.766892,37.993518
34,144,23.766411,37.992508
34,145,23.76604,37.991618
34,146,23.764791,37.98981
34,147,23.764431,37.989471
34,148,23.76395,37.98878
34,149,23.76239,37.98738
34,150,23.760521,37.985401
34,151,23.760481,37.985401
34,152,23.759991,37.98495
34,153,23.759522,37.98458
34,154,23.759392,37.984542
34,155,23.757702,37.983253
34,156,23.755522,37.981631
34,157,23.753322,37.979461
34,158,23.750572,37.977241
34,159,23.747813,37.975372
34,160,23.747741,37.975334
34,161,23.746971,37.974803
34,162,23.743931,37.972732
34,163,23.741141,37.970782
34,164,23.739799,37.969993
34,165,23.73974,37.969963
34,166,23.73855,37.969394
34,167,23.73749,37.968513
34,168,23.73481,37.967681
34,169,23.734079,37.967349
34,170,23.731669,37.966819
34,171,23.728468,37.965381
34,172,23.727407,37.964862
34,173,23.726677,37.963771
34,174,23.725416,37.96273
34,175,23.725136,37.962661
34,176,23.725006,37.962741
34,177,23.724526,37.96242
34,178,23.721845,37.960472
34,179,23.718756,37.958293
34,180,23.718025,37.957904
34,181,23.717356,37.957374
34,182,23.716695,37.956893
34,183,23.716646,37.956882
34,184,23.716507,37.956974
34,185,23.716196,37.957183
34,186,23.716427,37.957332
34,187,23.716177,37.957232
34,188,23.716118,37.957213
34,189,23.716099,37.957183
34,190,23.716198,37.956744
34,191,23.715998,37.956485
34,192,23.714748,37.955554
34,193,23.714168,37.956073
34,194,23.712679,37.954872
34,195,23.713499,37.95346
34,196,23.713689,37.953299
34,197,23.7145,37.9537
34,198,23.715281,37.954402
34,199,23.714951,37.955303
34,200,23.717451,37.957271
34,201,23.720531,37.959689
34,202,23.723162,37.961269
34,203,23.723291,37.961268
34,204,23.723461,37.961306
34,205,23.723702,37.961398
34,206,23.723751,37.96141
34,207,23.724441,37.96181
34,208,23.72445,37.96181
34,209,23.724541,37.961909
34,210,23.72491,37.962181
34,211,23.724991,37.962181
34,212,23.725691,37.962772
34,213,23.726431,37.96337
34,214,23.726742,37.963939
34,215,23.726742,37.963939
34,216,23.72746,37.964579
34,217,23.72755,37.964618
34,218,23.728281,37.964919
34,219,23.728312,37.964931
34,220,23.728962,37.965122
34,221,23.729273,37.965202
34,222,23.729702,37.965293
34,223,23.730572,37.965763
34,224,23.730603,37.965751
34,225,23.731302,37.966301
34,226,23.732033,37.966842
34,227,23.732223,37.96688
34,228,23.732883,37.967041
34,229,23.733923,37.967132
34,230,23.733954,37.967143
34,231,23.734573,37.967482
34,232,23.734814,37.967624
34,233,23.735745,37.967784
34,234,23.736163,37.967815
34,235,23.737095,37.968055
34,236,23.737974,37.968715
34,237,23.738044,37.968776
34,238,23.739704,37.969744
34,239,23.741854,37.971076
34,240,23.744003,37.972476
34,241,23.744053,37.972507
34,242,23.745842,37.973746
34,243,23.746493,37.974208
34,244,23.748703,37.9757
34,245,23.749092,37.97597
34,246,23.749092,37.975982
34,247,23.750532,37.976981
34,248,23.751292,37.977549
34,249,23.75271,37.978751
34,250,23.75354,37.979453
34,251,23.75466,37.980563
34,252,23.75477,37.980655
34,253,23.75597,37.981875
34,254,23.757669,37.983035
34,255,23.75915,37.984096
34,256,23.760939,37.985088
34,257,23.762379,37.985679
34,258,23.762429,37.985717
34,259,23.762838,37.985916
34,260,23.762919,37.985916
34,261,23.763578,37.985977
34,262,23.764849,37.985877
34,263,23.765258,37.986407
34,264,23.766869,37.988098
34,265,23.769249,37.989578
34,266,23.771728,37.991489
34,267,23.775288,37.99306
34,268,23.780018,37.995872
34,269,23.782368,37.997444
34,270,23.784018,37.998783
34,271,23.784027,37.998783
34,272,23.786198,38.000301
34,273,23.790357,38.00201
34,274,23.792088,38.00291
34,275,23.793678,38.004081
34,276,23.795429,38.005412
34,277,23.798858,38.006713
34,278,23.801009,38.007163
34,279,23.804518,38.008464
34,280,23.807968,38.010093
34,281,23.811188,38.011203
34,282,23.811198,38.011203
34,283,23.812668,38.011554
34,284,23.817019,38.012603
34,285,23.8198,38.013404
34,286,23.823779,38.013706
34,287,23.824209,38.013717
34,288,23.827379,38.013846
34,289,23.83145,38.013606
34,290,23.83277,38.013336
34,291,23.835339,38.012786
34,292,23.838468,38.011547
34,293,23.842619,38.010646
34,294,23.847148,38.010024
34,295,23.852569,38.009094
34,296,23.854839,38.008025
34,297,23.85495,38.006366
34,298,23.85586,38.005298
34,299,23.85615,38.003787
34,300,23.857781,38.002498
34,301,23.861191,38.000328
34,302,23.864881,37.998817
34,303,23.868431,37.996868
34,304,23.870281,37.995937
34,305,23.87322,37.994117
34,306,23.87715,37.990787
34,307,23.88018,37.988967
34,308,23.881201,37.989929
34,309,23.881231,37.989917
34,310,23.881231,37.989917
34,311,23.881342,37.990078
34,312,23.881292,37.990096
34,313,23.881213,37.989924
34,314,23.881182,37.989886
34,315,23.881022,37.989756
34,316,23.880262,37.989036
34,317,23.880222,37.989035
34,318,23.878622,37.989905
34,319,23.876152,37.991515
34,320,23.874522,37.992084
34,321,23.872872,37.989993
34,322,23.870882,37.990123
34,323,23.870462,37.991191
34,324,23.872161,37.99311
34,325,23.870343,37.995078
34,326,23.870272,37.995749
34,327,23.868903,37.996558
34,328,23.866022,37.998168
34,329,23.862562,37.999709
34,330,23.859173,38.001678
34,331,23.857823,38.003227
34,332,23.858001,38.005748
34,333,23.858282,38.006766
34,334,23.858282,38.006778
34,335,23.858393,38.00716
34,336,23.858362,38.007159
34,337,23.858353,38.00719
34,338,23.859722,38.007221
34,339,23.860293,38.00719
34,340,23.860312,38.00719
34,341,23.860531,38.007701
34,342,23.860891,38.00954
34,343,23.861091,38.01126
34,344,23.860182,38.012771
34,345,23.860342,38.014281
34,346,23.860222,38.016742
34,347,23.860383,38.019233
34,348,23.860373,38.019713
34,349,23.860353,38.019885
34,350,23.860113,38.021525
34,351,23.859592,38.023837
34,352,23.859281,38.026767
34,353,23.859142,38.029846
34,354,23.857332,38.031535
34,355,23.856441,38.031837
34,356,23.856541,38.032244
34,357,23.85692,38.033836
34,358,23.85473,38.035507
34,359,23.851831,38.038077
34,360,23.849161,38.040847
34,361,23.847802,38.041766
34,362,23.845861,38.042785
34,363,23.843252,38.044196
34,364,23.841532,38.042685
34,365,23.840101,38.041964
34,366,23.838391,38.043326
34,367,23.837339,38.044185
34,368,23.836288,38.044303
34,369,23.834448,38.042995
34,370,23.832348,38.041434
34,371,23.831787,38.041045
34,372,23.830557,38.040194
34,373,23.830347,38.040156
34,374,23.829987,38.041316
34,375,23.829326,38.043548
34,376,23.828238,38.043586
34,377,23.825697,38.042366
34,378,23.823146,38.041114
34,379,23.821966,38.040523
34,380,23.819675,38.040542
34,381,23.819465,38.040252
34,382,23.818226,38.040381
34,383,23.816076,38.042053
34,384,23.813476,38.043533
34,385,23.810226,38.044673
34,386,23.807577,38.045513
34,387,23.807297,38.045623
34,388,23.807278,38.045623
34,389,23.807219,38.046024
34,390,23.807317,38.046202
34,391,23.807317,38.046202
34,392,23.806297,38.046722
34,393,23.804327,38.04766
34,394,23.802047,38.048759
34,395,23.799368,38.04951
34,396,23.796398,38.049842
34,397,23.794979,38.049922
34,398,23.794979,38.050181
34,399,23.79513,38.050421
34,400,23.795849,38.050594
34,401,23.796678,38.051482
34,402,23.797129,38.052574
34,403,23.797479,38.053313
34,404,23.797979,38.054412
34,405,23.798118,38.054744
34,406,23.798178,38.054904
34,407,23.798637,38.055873
34,408,23.800068,38.055614
34,409,23.801588,38.055163
34,410,23.801168,38.054793
34,411,23.801039,38.054695
34,412,23.801049,38.054724
34,413,23.801168,38.054854
34,414,23.801128,38.054935
34,415,23.801009,38.054805
34,416,23.800958,38.054786
34,417,23.801029,38.055007
34,418,23.801369,38.055106
34,419,23.801668,38.055305
34,420,23.801767,38.055366
34,421,23.802208,38.055717
34,422,23.802267,38.055736
34,423,23.802477,38.055706
34,424,23.802707,38.055507
34,425,23.802927,38.055335
34,426,23.803048,38.055286
34,427,23.803318,38.055137
34,428,23.803528,38.055118
34,429,23.803769,38.05508
34,430,23.804058,38.055049
34,431,23.804447,38.055037
34,432,23.804577,38.054988
34,433,23.804567,38.054508
34,434,23.805156,38.054366
34,435,23.805888,38.054168
34,436,23.806297,38.053989
34,437,23.806978,38.05389
34,438,23.807129,38.053779
34,439,23.807909,38.0535
34,440,23.808119,38.05339
34,441,23.808739,38.053191
34,442,23.808898,38.05313
34,443,23.809269,38.053069
34,444,23.809568,38.05294
34,445,23.809639,38.052921
34,446,23.809939,38.052829
34,447,23.810728,38.0531
34,448,23.810879,38.05342
34,449,23.811589,38.053859
34,450,23.813648,38.053378
34,451,23.814558,38.053058
34,452,23.817599,38.052528
34,453,23.821188,38.052337
34,454,23.824028,38.053607
34,455,23.826517,38.052787
34,456,23.830226,38.051609
34,457,23.831987,38.051258
34,458,23.834257,38.051146
34,459,23.834578,38.051166
34,460,23.835598,38.051215
34,461,23.837438,38.051437
34,462,23.837679,38.051475
34,463,23.838058,38.051566
34,464,23.839188,38.051288
34,465,23.839628,38.048476
34,466,23.839428,38.047187
34,467,23.839847,38.046286
34,468,23.842887,38.044479
34,469,23.846598,38.042369
34,470,23.847677,38.0418
34,471,23.850247,38.039779
34,472,23.853727,38.036208
34,473,23.857076,38.033489
34,474,23.856947,38.031738
34,475,23.859096,38.030738
34,476,23.859226,38.027618
34,477,23.859627,38.025249
34,478,23.859717,38.023089
34,479,23.861146,38.022548
34,480,23.861646,38.020816
34,481,23.863157,38.019237
34,482,23.865328,38.017486
34,483,23.866737,38.016345
34,484,23.868328,38.018077
34,485,23.871927,38.017726
34,486,23.872048,38.017215
34,487,23.871477,38.013645
34,488,23.870897,38.009906
34,489,23.872057,38.006916
34,490,23.872057,38.005115
34,491,23.873046,38.004917
34,492,23.873607,38.004756
34,493,23.874887,38.004325
34,494,23.876577,38.003917
34,495,23.877086,38.003837
34,496,23.877537,38.003875
34,497,23.878968,38.003886
34,498,23.880278,38.003886
34,499,23.880577,38.003726
34,500,23.880577,38.002475
34,501,23.880467,38.001224
34,502,23.880276,37.997962
34,503,23.881336,37.994033
34,504,23.882107,37.990963
34,505,23.881438,37.990211
34,506,23.881258,37.990119
34,507,23.880719,37.989689
34,508,23.880049,37.989238
34,509,23.878309,37.99023
34,510,23.875688,37.991969
34,511,23.875029,37.992439
34,512,23.875709,37.993648
34,513,23.87611,37.995639
34,514,23.875271,37.996398
34,515,23.87314,37.99562
34,516,23.87013,37.996002
34,517,23.86787,37.997051
34,518,23.86528,37.998488
34,519,23.86289,37.999549
34,520,23.860059,38.001041
34,521,23.857919,38.002772
34,522,23.857939,38.005023
34,523,23.858389,38.006854
34,524,23.858389,38.006873
34,525,23.858539,38.007373
34,526,23.85857,38.007373
34,527,23.85866,38.007442
34,528,23.86018,38.007251
34,529,23.860411,38.007251
34,530,23.86042,38.007251
34,531,23.86067,38.007762
34,532,23.861,38.009414
34,533,23.861179,38.011084
34,534,23.86031,38.012633
34,535,23.86031,38.013225
34,536,23.860319,38.015094
34,537,23.860319,38.017746
34,538,23.860359,38.019656
34,539,23.860369,38.019755
34,540,23.860178,38.021274
34,541,23.859688,38.023296
34,542,23.858386,38.024047
34,543,23.854797,38.024688
34,544,23.851427,38.025817
34,545,23.850456,38.026168
34,546,23.848566,38.026767
34,547,23.845806,38.028217
34,548,23.844227,38.028785
34,549,23.843276,38.027194
34,550,23.842226,38.027514
34,551,23.839186,38.028865
34,552,23.837566,38.029575
34,553,23.837535,38.029574
34,554,23.836867,38.028983
34,555,23.835217,38.026935
34,556,23.833836,38.025394
34,557,23.832877,38.024925
34,558,23.832226,38.024962
34,559,23.832105,38.025012
34,560,23.832047,38.025013
34,561,23.831797,38.025173
34,562,23.831275,38.025542
34,563,23.830576,38.026004
34,564,23.829916,38.026615
34,565,23.828936,38.027316
34,566,23.827786,38.028427
34,567,23.827156,38.029216
34,568,23.826295,38.029876
34,569,23.824816,38.031127
34,570,23.823836,38.032028
34,571,23.823076,38.032038
34,572,23.822996,38.03213
34,573,23.822676,38.03242
34,574,23.822155,38.032852
34,575,23.821804,38.033031
34,576,23.821745,38.033069
34,577,23.821625,38.033149
34,578,23.821514,38.033119
34,579,23.821534,38.033168
34,580,23.821523,38.03313
34,581,23.821523,38.0331
34,582,23.821563,38.033069
34,583,23.821715,38.033119
34,584,23.821854,38.03308
34,585,23.822033,38.033019
34,586,23.821894,38.033038
34,587,23.821953,38.033038
34,588,23.821753,38.033077
34,589,23.821802,38.033058
34,590,23.822552,38.032489
34,591,23.823501,38.032229
34,592,23.824711,38.031169
34,593,23.826382,38.029769
34,594,23.827572,38.028709
34,595,23.828802,38.027439
34,596,23.829862,38.026607
34,597,23.831062,38.025726
34,598,23.832511,38.025184
34,599,23.833141,38.024852
34,600,23.833941,38.025932
34,601,23.835211,38.02716
34,602,23.836602,38.028331
34,603,23.839241,38.027339
34,604,23.842111,38.026019
34,605,23.842831,38.02658
34,606,23.845591,38.025432
34,607,23.84901,38.024932
34,608,23.848221,38.022972
34,609,23.846241,38.020141
34,610,23.845381,38.01802
34,611,23.84415,38.015449
34,612,23.843561,38.012828
34,613,23.843542,38.012638
34,614,23.843542,38.012286
34,615,23.843721,38.011596
34,616,23.843741,38.011417
34,617,23.843741,38.011405
34,618,23.843771,38.010925
34,619,23.846802,38.010223
34,620,23.850382,38.009574
34,621,23.853901,38.008933
34,622,23.854832,38.007682
34,623,23.855112,38.006641
34,624,23.855852,38.005862
34,625,23.856502,38.00524
34,626,23.856262,38.00373
34,627,23.857852,38.00262
34,628,23.862034,38.000091
34,629,23.866034,37.998332
34,630,23.870033,37.996112
34,631,23.873783,37.993323
34,632,23.874563,37.992621
34,633,23.877403,37.990733
34,634,23.880373,37.989082
34,635,23.880472,37.98912
34,636,23.880633,37.989299
34,637,23.881413,37.99002
34,638,23.881382,37.989959
34,639,23.881533,37.989841
34,640,23.881032,37.989409
34,641,23.880842,37.989299
34,642,23.879982,37.989158
34,643,23.877842,37.990478
34,644,23.875233,37.992286
34,645,23.875842,37.993655
34,646,23.876114,37.995986
34,647,23.876314,37.998508
34,648,23.875914,37.999279
34,649,23.876644,38.001456
34,650,23.877014,38.002715
34,651,23.876693,38.003096
34,652,23.875874,38.003375
34,653,23.875963,38.003727
34,654,23.875932,38.003936
34,655,23.875042,38.004188
34,656,23.874891,38.004699
34,657,23.875931,38.005389
34,658,23.87692,38.00561
34,659,23.87704,38.005981
34,660,23.87745,38.006683
34,661,23.87788,38.006713
34,662,23.87793,38.006743
34,663,23.877689,38.006893
34,664,23.87768,38.006931
34,665,23.877409,38.00672
34,666,23.877329,38.00658
34,667,23.877329,38.00658
34,668,23.876959,38.00579
34,669,23.876089,38.005569
34,670,23.874979,38.004897
34,671,23.874529,38.004619
34,672,23.875809,38.00418
34,673,23.87711,38.00389
34,674,23.877939,38.00394
34,675,23.878629,38.00394
34,676,23.87961,38.003978
34,677,23.88072,38.003749
34,678,23.88052,38.0013
34,679,23.88026,37.997951
34,680,23.881241,37.994399
34,681,23.88211,37.991149
34,682,23.881441,37.990348
34,683,23.881401,37.990169
34,684,23.881391,37.99002
34,685,23.880802,37.989559
34,686,23.879602,37.989249
34,687,23.879563,37.989101
34,688,23.879543,37.989089
34,689,23.880154,37.98904
34,690,23.881134,37.989929
34,691,23.881325,37.99002
34,692,23.881315,37.99002
34,693,23.881275,37.990058
34,694,23.880356,37.989138
34,695,23.879666,37.989379
34,696,23.877535,37.990699
34,697,23.875025,37.99242
34,698,23.875614,37.99351
34,699,23.876124,37.995601
34,700,23.876093,37.997931
34,701,23.875923,37.998683
34,702,23.876083,38.000003
34,703,23.876663,38.001655
34,704,23.876904,38.002567
34,705,23.876263,38.003116
34,706,23.875812,38.003448
34,707,23.875782,38.003898
34,708,23.874511,38.004306
34,709,23.875062,38.004848
34,710,23.876181,38.0056
34,711,23.8769,38.005718
34,712,23.877319,38.006469
34,713,23.87788,38.006748
34,714,23.87795,38.006816
34,715,23.877751,38.006957
34,716,23.877701,38.006996
34,717,23.87734,38.006534
34,718,23.87734,38.006534
34,719,23.877091,38.005912
34,720,23.876091,38.005542
34,721,23.87453,38.004501
34,722,23.874941,38.004291
34,723,23.87824,38.003803
34,724,23.879221,38.003803
34,725,23.880651,38.003803
34,726,23.880751,38.003711
34,727,23.88071,38.0018
34,728,23.88021,37.99829
34,729,23.881352,37.994052
34,730,23.882151,37.990844
34,731,23.881531,37.990275
34,732,23.8815,37.990097
34,733,23.88139,37.990035
34,734,23.881439,37.989986
34,735,23.88127,37.989844
34,736,23.881039,37.989715
34,737,23.880687,37.989383
34,738,23.880318,37.989112
34,739,23.880298,37.989124
34,740,23.879339,37.989592
34,741,23.877048,37.991061
34,742,23.874989,37.992641
34,743,23.876169,37.994372
34,744,23.87595,37.996753
34,745,23.876159,37.998313
34,746,23.875799,37.999114
34,747,23.876469,38.001105
34,748,23.876958,38.002597
34,749,23.876699,38.003158
34,750,23.875909,38.003368
34,751,23.875929,38.003928
34,752,23.875349,38.00418
34,753,23.873009,38.004982
34,754,23.871969,38.006092
34,755,23.871239,38.008083
34,756,23.871008,38.010673
34,757,23.871459,38.013423
34,758,23.871838,38.015903
34,759,23.871977,38.016872
34,760,23.871766,38.017822
34,761,23.868677,38.018123
34,762,23.867588,38.017013
34,763,23.866219,38.016822
34,764,23.865118,38.017852
34,765,23.863777,38.018832
34,766,23.861767,38.019794
34,767,23.860497,38.020385
34,768,23.859967,38.020484
34,769,23.859236,38.020694
34,770,23.857626,38.020954
34,771,23.856526,38.021151
34,772,23.855406,38.021312
34,773,23.854486,38.021381
34,774,23.853256,38.021571
34,775,23.852316,38.021731
34,776,23.851476,38.021811
34,777,23.850686,38.021911
34,778,23.850046,38.021911
34,779,23.849457,38.02201
34,780,23.849318,38.02206
34,781,23.849308,38.02206
34,782,23.848787,38.022048
34,783,23.848278,38.022048
34,784,23.847898,38.022079
34,785,23.847867,38.022079
34,786,23.847148,38.02217
34,787,23.846239,38.022342
34,788,23.845199,38.022453
34,789,23.84395,38.022643
34,790,23.84287,38.022693
34,791,23.842881,38.022574
34,792,23.84353,38.022495
34,793,23.843771,38.022475
34,794,23.843762,38.022475
34,795,23.843941,38.022358
34,796,23.84382,38.022357
34,797,23.844351,38.022296
34,798,23.844872,38.022216
34,799,23.845232,38.022147
34,800,23.845651,38.022186
34,801,23.845393,38.022197
34,802,23.844572,38.022308
34,803,23.844202,38.022376
34,804,23.844183,38.022376
34,805,23.843412,38.022437
34,806,23.842753,38.022647
34,807,23.842793,38.022666
34,808,23.843313,38.022678
34,809,23.844704,38.022578
34,810,23.846085,38.022406
34,811,23.847425,38.022178
34,812,23.848286,38.022048
34,813,23.849365,38.02201
34,814,23.850046,38.021869
34,815,23.851085,38.021769
34,816,23.852346,38.021548
34,817,23.854268,38.021209
34,818,23.857487,38.020679
34,819,23.860198,38.020088
34,820,23.860597,38.020267
34,821,23.862068,38.019675
34,822,23.864468,38.018237
34,823,23.866058,38.016937
34,824,23.867588,38.016807
34,825,23.868438,38.018066
34,826,23.871778,38.017745
34,827,23.871859,38.015907
34,828,23.871298,38.012286
34,829,23.870829,38.009295
34,830,23.872129,38.007145
34,831,23.871799,38.005516
34,832,23.871799,38.005485
34,833,23.872678,38.005024
34,834,23.874159,38.004622
34,835,23.87661,38.004001
34,836,23.879289,38.00378
34,837,23.879891,38.00381
34,838,23.880411,38.00381
34,839,23.88062,38.003219
34,840,23.880562,38.001319
34,841,23.880201,37.99829
34,842,23.881151,37.994731
34,843,23.882101,37.991282
34,844,23.882881,37.988494
34,845,23.883041,37.987853
34,846,23.882881,37.986804
34,847,23.881871,37.985824
34,848,23.88023,37.985744
34,849,23.878349,37.985824
34,850,23.877738,37.984874
34,851,23.877088,37.984084
34,852,23.876059,37.984256
34,853,23.875979,37.984268
