35,1,23.876974,37.983939
35,2,23.877594,37.984771
35,3,23.877995,37.985442
35,4,23.879095,37.985583
35,5,23.881375,37.985492
35,6,23.882663,37.986323
35,7,23.882814,37.987674
35,8,23.880483,37.988773
35,9,23.880965,37.989662
35,10,23.881205,37.989913
35,11,23.881235,37.989913
35,12,23.881355,37.990085
35,13,23.881124,37.990337
35,14,23.881124,37.990226
35,15,23.881325,37.990054
35,16,23.881355,37.990054
35,17,23.880455,37.989093
35,18,23.879415,37.989463
35,19,23.876926,37.991054
35,20,23.875037,37.992633
35,21,23.876267,37.994514
35,22,23.875986,37.996982
35,23,23.875996,37.998683
35,24,23.876196,38.000213
35,25,23.876767,38.002174
35,26,23.876806,38.003154
35,27,23.875857,38.003395
35,28,23.875896,38.003665
35,29,23.875937,38.003856
35,30,23.874666,38.004264
35,31,23.872415,38.005015
35,32,23.869646,38.005546
35,33,23.867716,38.005904
35,34,23.865906,38.006206
35,35,23.863796,38.006667
35,36,23.860876,38.007266
35,37,23.860876,38.008426
35,38,23.861216,38.010448
35,39,23.860735,38.012317
35,40,23.860464,38.013968
35,41,23.860353,38.016769
35,42,23.860453,38.01947
35,43,23.860283,38.020801
35,44,23.859832,38.02283
35,45,23.859703,38.025592
35,46,23.859262,38.028583
35,47,23.858972,38.030975
35,48,23.858813,38.031036
35,49,23.858603,38.031116
35,50,23.857822,38.031394
35,51,23.857804,38.031425
35,52,23.856503,38.031806
35,53,23.856492,38.031817
35,54,23.856733,38.032439
35,55,23.856603,38.034141
35,56,23.853693,38.036212
35,57,23.850804,38.039363
35,58,23.847893,38.041694
35,59,23.847843,38.041732
35,60,23.846443,38.042453
35,61,23.843264,38.044333
35,62,23.840873,38.045634
35,63,23.839773,38.046436
35,64,23.839773,38.046447
35,65,23.839043,38.046366
35,66,23.837313,38.045066
35,67,23.835352,38.043597
35,68,23.832842,38.041778
35,69,23.831263,38.040557
35,70,23.830593,38.040076
35,71,23.830583,38.040065
35,72,23.830173,38.040706
35,73,23.829954,38.041236
35,74,23.829734,38.041687
35,75,23.829605,38.042056
35,76,23.829355,38.042834
35,77,23.829165,38.043536
35,78,23.828295,38.043456
35,79,23.825575,38.042174
35,80,23.822756,38.040775
35,81,23.821396,38.040244
35,82,23.819576,38.040393
35,83,23.819246,38.039985
35,84,23.817026,38.041316
35,85,23.814466,38.042895
35,86,23.812996,38.043696
35,87,23.812996,38.043735
35,88,23.812586,38.043914
35,89,23.810045,38.044654
35,90,23.809194,38.044875
35,91,23.808396,38.045184
35,92,23.807806,38.045394
35,93,23.807627,38.045486
35,94,23.807596,38.045497
35,95,23.806375,38.045246
35,96,23.805046,38.043846
35,97,23.804006,38.042834
35,98,23.803075,38.042823
35,99,23.802965,38.042861
35,100,23.802795,38.04288
35,101,23.801535,38.043479
35,102,23.802244,38.045131
35,103,23.802263,38.04647
35,104,23.802374,38.046458
35,105,23.802244,38.046528
35,106,23.802694,38.047218
35,107,23.803074,38.047088
35,108,23.803104,38.047088
35,109,23.803194,38.047069
35,110,23.803864,38.046718
35,111,23.804724,38.045948
35,112,23.805404,38.045516
35,113,23.805564,38.045318
35,114,23.805805,38.045039
35,115,23.805875,38.045009
35,116,23.805946,38.045047
35,117,23.806227,38.045165
35,118,23.806526,38.045455
35,119,23.806496,38.045345
35,120,23.805306,38.044036
35,121,23.804105,38.042968
35,122,23.803226,38.041839
35,123,23.805686,38.041008
35,124,23.807926,38.039867
35,125,23.808237,38.039707
35,126,23.808477,38.039687
35,127,23.808998,38.041575
35,128,23.809278,38.044326
35,129,23.810329,38.044554
35,130,23.81366,38.043353
35,131,23.816379,38.041683
35,132,23.818831,38.040084
35,133,23.820052,38.040393
35,134,23.821972,38.040484
35,135,23.824052,38.041575
35,136,23.827282,38.043216
35,137,23.829082,38.043838
35,138,23.829622,38.041816
35,139,23.829882,38.040896
35,140,23.830032,38.040447
35,141,23.830063,38.040397
35,142,23.831231,38.040778
35,143,23.833212,38.04219
35,144,23.835543,38.04383
35,145,23.837773,38.045452
35,146,23.839093,38.046382
35,147,23.839122,38.046394
35,148,23.841084,38.045326
35,149,23.843214,38.044227
35,150,23.846474,38.042327
35,151,23.849903,38.040015
35,152,23.852533,38.037227
35,153,23.855493,38.034767
35,154,23.856714,38.032695
35,155,23.854824,38.030147
35,156,23.853504,38.029315
35,157,23.851185,38.027107
35,158,23.849535,38.025237
35,159,23.849335,38.024967
35,160,23.848345,38.023136
35,161,23.847956,38.022433
35,162,23.847506,38.021835
35,163,23.847065,38.021255
35,164,23.848455,38.020645
35,165,23.850465,38.020763
35,166,23.851706,38.018134
35,167,23.853245,38.014632
35,168,23.854744,38.011401
35,169,23.856384,38.010131
35,170,23.857114,38.009612
35,171,23.857905,38.009093
35,172,23.858084,38.008872
35,173,23.857794,38.008571
35,174,23.857794,38.008532
35,175,23.857514,38.008224
35,176,23.857532,38.008106
35,177,23.857242,38.007174
35,178,23.855272,38.007274
35,179,23.855812,38.005862
35,180,23.856321,38.004592
35,181,23.856151,38.003402
35,182,23.856942,38.002941
35,183,23.856932,38.002891
35,184,23.85732,38.00273
35,185,23.86059,38.00075
35,186,23.86402,37.99924
35,187,23.867288,37.99755
35,188,23.871639,37.99554
35,189,23.87513,37.99216
35,190,23.879349,37.989398
35,191,23.8809,37.989619
35,192,23.8813,37.989989
35,193,23.881349,37.989951
35,194,23.88125,37.989963
35,195,23.881161,37.990062
35,196,23.88089,37.989654
35,197,23.88027,37.989093
35,198,23.878959,37.989753
35,199,23.876649,37.991253
35,200,23.87502,37.992663
35,201,23.8762,37.994434
35,202,23.87598,37.997264
35,203,23.876501,37.999335
35,204,23.877572,38.000328
35,205,23.8794,38.001617
35,206,23.87943,38.002406
35,207,23.87939,38.002475
35,208,23.879421,38.002666
35,209,23.879502,38.002666
35,210,23.879483,38.002524
35,211,23.879531,38.002586
35,212,23.879443,38.002597
35,213,23.879443,38.002586
35,214,23.879692,38.002574
35,215,23.879732,38.002543
35,216,23.879831,38.002513
35,217,23.879501,38.002574
35,218,23.879502,38.002605
35,219,23.879621,38.002605
35,220,23.879621,38.002605
35,221,23.879341,38.002594
35,222,23.87885,38.002582
35,223,23.879042,38.002612
35,224,23.879301,38.002643
35,225,23.87935,38.002612
35,226,23.87932,38.002384
35,227,23.878981,38.001544
35,228,23.87874,38.000964
35,229,23.88029,38.000933
35,230,23.879992,37.998443
35,231,23.88087,37.995193
35,232,23.881981,37.991272
35,233,23.88154,37.99039
35,234,23.881522,37.990352
35,235,23.881422,37.990081
35,236,23.881261,37.990062
35,237,23.881132,37.989932
35,238,23.880602,37.989432
35,239,23.879513,37.989383
35,240,23.877182,37.990832
35,241,23.874882,37.992503
35,242,23.875933,37.994003
35,243,23.875952,37.996291
35,244,23.874961,37.996063
35,245,23.872961,37.995742
35,246,23.870432,37.996051
35,247,23.870161,37.996032
35,248,23.86775,37.997302
35,249,23.864759,37.998881
35,250,23.86221,37.9999
35,251,23.85921,38.001731
35,252,23.857889,38.003329
35,253,23.858089,38.00584
35,254,23.858249,38.006561
35,255,23.858349,38.0069
35,256,23.858438,38.007201
35,257,23.858448,38.007213
35,258,23.858997,38.007441
35,259,23.860027,38.007343
35,260,23.860456,38.007434
35,261,23.860746,38.008822
35,262,23.861057,38.010341
35,263,23.861107,38.01202
35,264,23.860327,38.01372
35,265,23.860246,38.016601
35,266,23.860407,38.019542
35,267,23.860317,38.020362
35,268,23.859867,38.022571
35,269,23.859627,38.023662
35,270,23.859627,38.0237
35,271,23.857626,38.024241
35,272,23.854486,38.024832
35,273,23.850906,38.026035
35,274,23.850676,38.026115
35,275,23.848695,38.026756
35,276,23.845945,38.028137
35,277,23.844095,38.028624
35,278,23.842905,38.027236
35,279,23.840505,38.028278
35,280,23.837546,38.029586
35,281,23.837475,38.029617
35,282,23.836765,38.028957
35,283,23.835146,38.026916
35,284,23.833845,38.025565
35,285,23.833305,38.024844
35,286,23.832935,38.024783
35,287,23.832805,38.024822
35,288,23.832775,38.024852
35,289,23.832725,38.02489
35,290,23.832735,38.024878
35,291,23.832985,38.024829
35,292,23.833725,38.02566
35,293,23.835405,38.027392
35,294,23.836685,38.028412
35,295,23.839044,38.027461
35,296,23.841826,38.02618
35,297,23.842476,38.02632
35,298,23.844227,38.025882
35,299,23.847587,38.025234
35,300,23.849247,38.025004
35,301,23.850798,38.025283
35,302,23.851408,38.025825
35,303,23.853168,38.025306
35,304,23.855949,38.024707
35,305,23.858799,38.024058
35,306,23.859799,38.022468
35,307,23.860319,38.018867
35,308,23.860248,38.014918
35,309,23.859848,38.01171
35,310,23.860288,38.010749
35,311,23.859218,38.009837
35,312,23.857998,38.008208
35,313,23.857859,38.008079
35,314,23.857689,38.007499
35,315,23.856048,38.00714
35,316,23.855349,38.006148
35,317,23.856279,38.005279
35,318,23.85622,38.00349
35,319,23.857891,38.002497
35,320,23.860632,38.00074
35,321,23.864271,37.99916
35,322,23.867712,37.997352
35,323,23.871601,37.995601
35,324,23.874342,37.992732
35,325,23.878072,37.990253
35,326,23.880352,37.989143
35,327,23.881283,37.990112
35,328,23.881332,37.989921
35,329,23.881962,37.990489
35,330,23.881841,37.990501
35,331,23.881852,37.990539
35,332,23.881422,37.990077
35,333,23.881342,37.990078
35,334,23.881832,37.990497
35,335,23.881971,37.991046
35,336,23.88149,37.992908
35,337,23.880772,37.995627
35,338,23.880111,37.998439
35,339,23.880521,38.001048
35,340,23.880972,38.002368
35,341,23.882431,38.00233
35,342,23.88401,38.001972
35,343,23.884759,38.001941
35,344,23.884479,38.00328
35,345,23.885629,38.003711
35,346,23.88904,38.004242
35,347,23.89237,38.004402
35,348,23.896909,38.003623
35,349,23.8972,38.004504
35,350,23.89745,38.005744
35,351,23.89778,38.006713
35,352,23.89789,38.007415
35,353,23.8981,38.007335
35,354,23.898609,38.007334
35,355,23.899068,38.007335
35,356,23.899489,38.007346
35,357,23.899929,38.007365
35,358,23.900499,38.007426
35,359,23.900119,38.007438
35,360,23.90013,38.007427
35,361,23.899438,38.007366
35,362,23.897919,38.007304
35,363,23.897468,38.005416
35,364,23.897148,38.003844
35,365,23.897078,38.003654
35,366,23.896167,38.003753
35,367,23.891999,38.004524
35,368,23.889839,38.004405
35,369,23.887369,38.004017
35,370,23.884039,38.003486
35,371,23.881119,38.003737
35,372,23.880928,38.003726
35,373,23.880718,38.002055
35,374,23.880219,37.998905
35,375,23.881109,37.994865
35,376,23.882121,37.991127
35,377,23.88163,37.990348
35,378,23.8815,37.990058
35,379,23.881441,37.990027
35,380,23.881971,37.990699
35,381,23.881861,37.990631
35,382,23.881331,37.990169
35,383,23.88117,37.989978
35,384,23.881151,37.989989
35,385,23.881191,37.98994
35,386,23.881481,37.99031
35,387,23.882101,37.990741
35,388,23.88203,37.991282
35,389,23.8815,37.993194
35,390,23.880751,37.995944
35,391,23.88013,37.998633
35,392,23.880471,38.000865
35,393,23.880821,38.002456
35,394,23.882172,38.002494
35,395,23.884031,38.002063
35,396,23.884661,38.002204
35,397,23.88446,38.003265
35,398,23.884451,38.003486
35,399,23.88586,38.003764
35,400,23.88915,38.004314
35,401,23.892631,38.004405
35,402,23.897312,38.003573
35,403,23.899961,38.003165
35,404,23.903672,38.002727
35,405,23.907961,38.002628
35,406,23.91185,38.001979
35,407,23.912781,38.000328
35,408,23.91399,37.999786
35,409,23.91601,37.999286
35,410,23.9159,37.999274
35,411,23.9156,37.999404
35,412,23.9139,37.999854
35,413,23.91242,38.001125
35,414,23.91222,38.001574
35,415,23.91229,38.001414
35,416,23.911911,38.002025
35,417,23.908811,38.002616
35,418,23.904433,38.002677
35,419,23.900532,38.003108
35,420,23.899351,38.003257
35,421,23.89615,38.003798
35,422,23.89143,38.004649
35,423,23.88994,38.004451
35,424,23.88699,38.004001
35,425,23.88357,38.003562
35,426,23.882699,38.00376
35,427,23.88187,38.003829
35,428,23.88087,38.003738
35,429,23.880751,38.001487
35,430,23.88039,37.997886
35,431,23.88155,37.993545
35,432,23.882151,37.990814
35,433,23.881811,37.991034
35,434,23.881401,37.990813
35,435,23.881321,37.990753
35,436,23.881311,37.990741
35,437,23.881182,37.990409
35,438,23.881412,37.990237
35,439,23.881413,37.990226
35,440,23.881332,37.990054
35,441,23.881403,37.990005
35,442,23.881394,37.989993
35,443,23.881273,37.990054
35,444,23.881343,37.989974
35,445,23.880674,37.989246
35,446,23.880354,37.988986
35,447,23.879474,37.989406
35,448,23.877094,37.990924
35,449,23.874975,37.992523
35,450,23.876144,37.994193
35,451,23.875984,37.996524
35,452,23.876204,37.998324
35,453,23.875833,37.999274
35,454,23.876514,38.001296
35,455,23.876854,38.002394
35,456,23.876664,38.003086
35,457,23.875773,38.003364
35,458,23.875772,38.003395
35,459,23.875853,38.003593
35,460,23.875541,38.004054
35,461,23.873531,38.004725
35,462,23.871981,38.005157
35,463,23.871901,38.005508
35,464,23.872101,38.007369
35,465,23.870891,38.009547
35,466,23.871292,38.012138
35,467,23.871722,38.014808
35,468,23.871972,38.016437
35,469,23.872191,38.017566
35,470,23.869051,38.017924
35,471,23.867642,38.016913
35,472,23.866211,38.016693
35,473,23.865212,38.017593
35,474,23.86453,38.018191
35,475,23.863121,38.019092
35,476,23.861801,38.019782
35,477,23.861582,38.019893
35,478,23.861572,38.019912
35,479,23.861002,38.02011
35,480,23.860351,38.020251
35,481,23.858193,38.020442
35,482,23.854422,38.021083
35,483,23.85238,38.021483
35,484,23.85116,38.021694
35,485,23.84984,38.021892
35,486,23.848619,38.022021
35,487,23.847399,38.022163
35,488,23.846889,38.022273
35,489,23.84601,38.022403
35,490,23.845171,38.022544
35,491,23.84395,38.022705
35,492,23.842821,38.022743
35,493,23.842991,38.022583
35,494,23.84411,38.022411
35,495,23.84531,38.022293
35,496,23.84518,38.022293
35,497,23.84551,38.022151
35,498,23.845861,38.02212
35,499,23.845861,38.022139
35,500,23.845472,38.02222
35,501,23.844062,38.022441
35,502,23.842753,38.02264
35,503,23.842782,38.022731
35,504,23.843964,38.02272
35,505,23.843955,38.022838
35,506,23.844054,38.022857
35,507,23.844054,38.022869
35,508,23.844273,38.022719
35,509,23.845762,38.022468
35,510,23.847272,38.022216
35,511,23.848392,38.022166
35,512,23.849721,38.021957
35,513,23.850961,38.021766
35,514,23.852263,38.021575
35,515,23.853671,38.021316
35,516,23.857403,38.020755
35,517,23.860203,38.020053
35,518,23.862164,38.019652
35,519,23.864704,38.018024
35,520,23.866194,38.016742
35,521,23.867693,38.017311
35,522,23.869112,38.01802
35,523,23.869513,38.018
35,524,23.871462,38.017802
35,525,23.871921,38.016601
35,526,23.871261,38.012309
35,527,23.870771,38.008449
35,528,23.871801,38.005699
35,529,23.871792,38.005569
35,530,23.872221,38.005081
35,531,23.87417,38.004581
35,532,23.87614,38.004031
35,533,23.87779,38.003852
35,534,23.878299,38.003863
35,535,23.879179,38.003863
35,536,23.880069,38.003882
35,537,23.88068,38.003181
35,538,23.88035,38.000713
35,539,23.880541,37.996643
35,540,23.881641,37.992713
35,541,23.881821,37.990634
35,542,23.88171,37.990543
35,543,23.8817,37.990493
35,544,23.88136,37.990042
35,545,23.881261,37.990081
35,546,23.881202,37.98989
35,547,23.880583,37.98936
35,548,23.880512,37.989292
35,549,23.880512,37.98928
35,550,23.880413,37.989138
35,551,23.879503,37.98944
35,552,23.877564,37.99066
35,553,23.875124,37.992332
35,554,23.875824,37.993811
35,555,23.876024,37.996222
35,556,23.876185,37.99869
35,557,23.875784,37.999171
35,558,23.876385,38.000782
35,559,23.876915,38.00223
35,560,23.876764,38.003002
35,561,23.875885,38.003352
35,562,23.875885,38.003513
35,563,23.875885,38.003913
35,564,23.874346,38.004432
35,565,23.871876,38.005332
35,566,23.872116,38.007343
35,567,23.870895,38.009734
35,568,23.871305,38.012393
35,569,23.871726,38.015132
35,570,23.871895,38.016544
35,571,23.871885,38.017703
35,572,23.868595,38.018024
35,573,23.867405,38.016593
35,574,23.865785,38.017135
35,575,23.864894,38.017925
35,576,23.863565,38.018862
35,577,23.862396,38.019424
35,578,23.862496,38.019412
35,579,23.862385,38.019451
35,580,23.862375,38.019469
35,581,23.861986,38.019668
35,582,23.861937,38.019687
35,583,23.861937,38.019706
35,584,23.861816,38.019805
35,585,23.861466,38.019965
35,586,23.861425,38.019896
35,587,23.861815,38.019699
35,588,23.863446,38.018897
35,589,23.865126,38.017627
35,590,23.865905,38.017005
35,591,23.866495,38.016357
35,592,23.866476,38.016387
35,593,23.866796,38.016307
35,594,23.867966,38.017947
35,595,23.870575,38.017886
35,596,23.872125,38.017696
35,597,23.871684,38.015174
35,598,23.870995,38.010883
35,599,23.871765,38.007743
35,600,23.871746,38.005461
35,601,23.871756,38.005451
35,602,23.871835,38.005198
35,603,23.874065,38.004649
35,604,23.876036,38.004108
35,605,23.877176,38.003726
35,606,23.876536,38.002006
35,607,23.875865,37.999564
35,608,23.876217,37.998744
35,609,23.875918,37.996894
35,610,23.875647,37.993655
35,611,23.874997,37.992774
35,612,23.876615,37.991256
35,613,23.880146,37.989085
35,614,23.880526,37.989364
35,615,23.881306,37.990093
35,616,23.881325,37.990062
35,617,23.881414,37.990051
35,618,23.881396,37.990051
35,619,23.881346,37.989902
35,620,23.881207,37.989852
35,621,23.880426,37.989074
35,622,23.879887,37.989296
35,623,23.877777,37.990596
35,624,23.875427,37.992217
35,625,23.875667,37.993469
35,626,23.876189,37.995647
35,627,23.876139,37.998008
35,628,23.875839,37.998896
35,629,23.876058,38.000178
35,630,23.876669,38.001869
35,631,23.876219,38.00214
35,632,23.875488,38.002528
35,633,23.875747,38.003569
35,634,23.875938,38.003978
35,635,23.875759,38.004077
35,636,23.874048,38.004588
35,637,23.870357,38.0055
35,638,23.866457,38.006171
35,639,23.863626,38.006739
35,640,23.860006,38.007419
35,641,23.856595,38.008197
35,642,23.853506,38.009048
35,643,23.849577,38.009719
35,644,23.848096,38.009971
35,645,23.847097,38.010112
35,646,23.844807,38.010482
35,647,23.842146,38.01076
35,648,23.838495,38.01176
35,649,23.835255,38.012999
35,650,23.833355,38.013401
35,651,23.833336,38.013401
35,652,23.832007,38.013679
35,653,23.831115,38.0139
35,654,23.829275,38.014072
35,655,23.827355,38.014011
35,656,23.827185,38.014022
35,657,23.827033,38.014011
35,658,23.826433,38.01398
35,659,23.825992,38.013999
35,660,23.825352,38.013968
35,661,23.824871,38.013969
35,662,23.823061,38.013888
35,663,23.823061,38.0139
35,664,23.8225,38.013839
35,665,23.82028,38.013667
35,666,23.81887,38.013316
35,667,23.818071,38.013156
35,668,23.817701,38.013118
35,669,23.817312,38.012958
35,670,23.817082,38.012938
35,671,23.815571,38.012477
35,672,23.815021,38.012428
35,673,23.81467,38.012367
35,674,23.813381,38.012027
35,675,23.813131,38.011966
35,676,23.813041,38.011947
35,677,23.811342,38.011668
35,678,23.810632,38.011439
35,679,23.809103,38.010959
35,680,23.808752,38.01081
35,681,23.808622,38.010749
35,682,23.807942,38.010459
35,683,23.807352,38.010169
35,684,23.807293,38.010131
35,685,23.806373,38.009631
35,686,23.805654,38.00933
35,687,23.805464,38.009299
35,688,23.803644,38.00848
35,689,23.802475,38.008018
35,690,23.800536,38.007327
35,691,23.800014,38.007178
35,692,23.798574,38.006808
35,693,23.796064,38.005897
35,694,23.795414,38.005446
35,695,23.794325,38.004668
35,696,23.793495,38.004078
35,697,23.793264,38.003936
35,698,23.793024,38.003726
35,699,23.791824,38.002707
35,700,23.791213,38.002437
35,701,23.790454,38.002185
35,702,23.790095,38.002055
35,703,23.789493,38.001826
35,704,23.788714,38.001555
35,705,23.788433,38.001525
35,706,23.787723,38.001273
35,707,23.786924,38.000835
35,708,23.786185,38.000434
35,709,23.784843,37.999584
35,710,23.784334,37.999183
35,711,23.782983,37.998084
35,712,23.780563,37.996383
35,713,23.780113,37.996112
35,714,23.779123,37.995521
35,715,23.776594,37.993579
35,716,23.773304,37.991939
35,717,23.771514,37.991001
35,718,23.769726,37.98957
35,719,23.767255,37.98806
35,720,23.765485,37.98672
35,721,23.764216,37.986289
35,722,23.764015,37.986228
35,723,23.761705,37.98545
35,724,23.760854,37.985141
35,725,23.759924,37.98424
35,726,23.758184,37.98299
35,727,23.756704,37.982181
35,728,23.756525,37.98207
35,729,23.755174,37.98077
35,730,23.754284,37.979991
35,731,23.754044,37.980029
35,732,23.753883,37.979938
35,733,23.753784,37.980018
35,734,23.753713,37.979739
35,735,23.752254,37.978457
35,736,23.751283,37.977668
35,737,23.750593,37.977206
35,738,23.750294,37.976985
35,739,23.749784,37.976646
35,740,23.749615,37.976535
35,741,23.749415,37.976375
35,742,23.749945,37.975463
35,743,23.750715,37.975345
35,744,23.751785,37.975566
35,745,23.754665,37.976985
35,746,23.755875,37.979526
35,747,23.757235,37.980807
35,748,23.758224,37.981208
35,749,23.761595,37.982608
35,750,23.761906,37.983009
35,751,23.762936,37.98352
35,752,23.765245,37.98595
35,753,23.767225,37.988109
35,754,23.770075,37.989928
35,755,23.774055,37.992118
35,756,23.778165,37.994738
35,757,23.781546,37.996829
35,758,23.784715,37.99932
35,759,23.788395,38.00133
35,760,23.791106,38.002291
35,761,23.792305,38.003093
35,762,23.794565,38.004783
35,763,23.797975,38.006423
35,764,23.802086,38.007564
35,765,23.806366,38.009334
35,766,23.810917,38.011123
35,767,23.815647,38.012233
35,768,23.815768,38.012244
35,769,23.818586,38.013045
35,770,23.822696,38.013667
35,771,23.828266,38.013847
35,772,23.833277,38.013217
35,773,23.837597,38.011997
35,774,23.841917,38.010756
35,775,23.846527,38.010166
35,776,23.852506,38.009135
35,777,23.854816,38.007773
35,778,23.855146,38.006202
35,779,23.856247,38.00529
35,780,23.856117,38.003429
35,781,23.858936,38.001888
35,782,23.862986,37.999629
35,783,23.867086,37.997649
35,784,23.869936,37.996059
35,785,23.870246,37.995978
35,786,23.873066,37.994388
35,787,23.874447,37.992607
35,788,23.876337,37.991324
35,789,23.879717,37.989185
35,790,23.880805,37.989554
35,791,23.881167,37.989963
35,792,23.881185,37.989994
35,793,23.881225,37.990004
35,794,23.881346,37.990085
35,795,23.881916,37.990824
35,796,23.881275,37.991657
35,797,23.881365,37.991718
35,798,23.881503,37.991717
35,799,23.881824,37.991336
35,800,23.882425,37.989925
35,801,23.882974,37.987956
35,802,23.882805,37.986617
35,803,23.881695,37.985778
35,804,23.880434,37.985668
35,805,23.878624,37.985679
35,806,23.877875,37.985111
35,807,23.877384,37.98423
35,808,23.876404,37.984248
35,809,23.876003,37.984218
35,810,23.875972,37.984107
