36,1,23.876133,37.984237
36,2,23.877143,37.983928
36,3,23.877674,37.98484
36,4,23.878405,37.985611
36,5,23.880366,37.985541
36,6,23.882095,37.98558
36,7,23.882795,37.98659
36,8,23.883005,37.98751
36,9,23.881744,37.988101
36,10,23.880484,37.989093
36,11,23.881224,37.989864
36,12,23.881323,37.990024
36,13,23.881473,37.990172
36,14,23.881543,37.990222
36,15,23.881545,37.990291
36,16,23.881374,37.990112
36,17,23.881304,37.990013
36,18,23.881183,37.989821
36,19,23.881174,37.989821
36,20,23.880464,37.989162
36,21,23.879604,37.989311
36,22,23.877454,37.990661
36,23,23.875084,37.992313
36,24,23.875034,37.992644
36,25,23.876194,37.994376
36,26,23.875975,37.996788
36,27,23.876245,37.998569
36,28,23.875955,37.99961
36,29,23.876436,38.001129
36,30,23.876516,38.001979
36,31,23.875585,38.002159
36,32,23.875595,38.002757
36,33,23.875955,38.003756
36,34,23.875696,38.003997
36,35,23.874737,38.004268
36,36,23.873746,38.004619
36,37,23.871447,38.00521
36,38,23.868566,38.005721
36,39,23.866417,38.006103
36,40,23.863657,38.006671
36,41,23.861387,38.007159
36,42,23.860696,38.007518
36,43,23.861116,38.009059
36,44,23.861295,38.010791
36,45,23.860556,38.012481
36,46,23.860497,38.014213
36,47,23.860377,38.016963
36,48,23.860466,38.019583
36,49,23.860466,38.019675
36,50,23.860446,38.019824
36,51,23.860177,38.021533
36,52,23.859667,38.023655
36,53,23.859676,38.025066
36,54,23.859306,38.027534
36,55,23.859106,38.030124
36,56,23.858006,38.031253
36,57,23.857166,38.031543
36,58,23.856846,38.031661
36,59,23.856547,38.032092
36,60,23.857156,38.03332
36,61,23.857175,38.033401
36,62,23.855966,38.034591
36,63,23.853497,38.03646
36,64,23.851246,38.03897
36,65,23.848717,38.041201
36,66,23.845367,38.043083
36,67,23.843937,38.043964
36,68,23.841927,38.044982
36,69,23.840037,38.046203
36,70,23.839657,38.046504
36,71,23.839648,38.046504
36,72,23.839237,38.046505
36,73,23.837647,38.045264
36,74,23.836937,38.044734
36,75,23.836307,38.044284
36,76,23.833917,38.042503
36,77,23.832037,38.041141
36,78,23.831726,38.04092
36,79,23.831406,38.040698
36,80,23.831294,38.040618
36,81,23.831135,38.040508
36,82,23.830984,38.040416
36,83,23.830744,38.040244
36,84,23.830433,38.040065
36,85,23.830203,38.040214
36,86,23.830162,38.040313
36,87,23.830112,38.040492
36,88,23.829982,38.040843
36,89,23.829924,38.041004
36,90,23.829864,38.041164
36,91,23.829834,38.041415
36,92,23.829674,38.042056
36,93,23.829454,38.042648
36,94,23.828865,38.043639
36,95,23.826555,38.042621
36,96,23.824066,38.0414
36,97,23.822096,38.040401
36,98,23.820505,38.040352
36,99,23.820285,38.040389
36,100,23.820005,38.04045
36,101,23.819845,38.040461
36,102,23.819466,38.040462
36,103,23.818686,38.040183
36,104,23.816425,38.041804
36,105,23.813905,38.043304
36,106,23.810816,38.044506
36,107,23.809317,38.044784
36,108,23.809117,38.043204
36,109,23.808937,38.041766
36,110,23.808697,38.040336
36,111,23.808857,38.040218
36,112,23.808746,38.040218
36,113,23.808706,38.040187
36,114,23.808536,38.039947
36,115,23.808706,38.040225
36,116,23.808706,38.040195
36,117,23.808866,38.040095
36,118,23.809086,38.040027
36,119,23.809666,38.039855
36,120,23.811966,38.039176
36,121,23.815506,38.037948
36,122,23.817276,38.036906
36,123,23.819145,38.035415
36,124,23.820105,38.034083
36,125,23.820814,38.033332
36,126,23.820855,38.034034
36,127,23.819334,38.035495
36,128,23.815994,38.037887
36,129,23.815214,38.038207
36,130,23.815214,38.038196
36,131,23.814234,38.038585
36,132,23.810694,38.039786
36,133,23.810364,38.039977
36,134,23.810383,38.039977
36,135,23.810602,38.039939
36,136,23.810673,38.039859
36,137,23.810883,38.039729
36,138,23.813812,38.038791
36,139,23.818401,38.036323
36,140,23.820831,38.034183
36,141,23.821541,38.033592
36,142,23.823051,38.032321
36,143,23.831282,38.025703
36,144,23.832392,38.025154
36,145,23.832852,38.024814
36,146,23.833761,38.025653
36,147,23.835031,38.026954
36,148,23.836201,38.028274
36,149,23.83683,38.028286
36,150,23.83943,38.027244
36,151,23.84215,38.026015
36,152,23.84342,38.026225
36,153,23.84699,38.025264
36,154,23.84925,38.024913
36,155,23.85102,38.025302
36,156,23.852371,38.025051
36,157,23.853821,38.024631
36,158,23.8535,38.023661
36,159,23.853071,38.022643
36,160,23.853642,38.021891
36,161,23.855141,38.021553
36,162,23.854981,38.020534
36,163,23.85454,38.019042
36,164,23.854089,38.016341
36,165,23.85635,38.01358
36,166,23.857651,38.012
36,167,23.857311,38.010031
36,168,23.857792,38.009132
36,169,23.857891,38.00859
36,170,23.857841,38.008498
36,171,23.857681,38.008246
36,172,23.85765,38.008136
36,173,23.857281,38.007224
36,174,23.855301,38.007304
36,175,23.855831,38.005843
36,176,23.85633,38.004561
36,177,23.857121,38.002902
36,178,23.861089,38.000423
36,179,23.86508,37.998733
36,180,23.86906,37.996475
36,181,23.870121,37.996012
36,182,23.873001,37.994502
36,183,23.876482,37.991263
36,184,23.880121,37.989013
36,185,23.881191,37.989951
36,186,23.881311,37.99018
36,187,23.881361,37.9901
36,188,23.881401,37.9901
36,189,23.88117,37.98991
36,190,23.881179,37.989989
36,191,23.881179,37.990028
36,192,23.88105,37.989879
36,193,23.88105,37.989867
36,194,23.88077,37.989516
36,195,23.880239,37.989028
36,196,23.879349,37.989447
36,197,23.876309,37.991447
36,198,23.875279,37.993045
36,199,23.876019,37.995884
36,200,23.876058,37.998633
36,201,23.876089,38.000125
36,202,23.876709,38.001975
36,203,23.877138,38.003326
36,204,23.876948,38.003597
36,205,23.874468,38.004226
36,206,23.871988,38.004997
36,207,23.869999,38.005386
36,208,23.868009,38.005767
36,209,23.86549,38.006176
36,210,23.86194,38.006976
36,211,23.860831,38.008124
36,212,23.861181,38.010776
36,213,23.860291,38.013034
36,214,23.86026,38.015983
36,215,23.86037,38.017883
36,216,23.86039,38.019561
36,217,23.86039,38.019591
36,218,23.860279,38.020541
36,219,23.859729,38.023002
36,220,23.859659,38.025012
36,221,23.859229,38.028274
36,222,23.858731,38.031012
36,223,23.857,38.031635
36,224,23.85679,38.032676
36,225,23.855529,38.034835
36,226,23.852169,38.037807
36,227,23.849379,38.040717
36,228,23.847788,38.041816
36,229,23.845698,38.042914
36,230,23.841836,38.045123
36,231,23.840156,38.046222
36,232,23.839897,38.047691
36,233,23.839626,38.050109
36,234,23.839496,38.050948
36,235,23.839136,38.051398
36,236,23.839136,38.051417
36,237,23.838047,38.051479
36,238,23.835327,38.05117
36,239,23.834686,38.05117
36,240,23.834677,38.051189
36,241,23.833557,38.05117
36,242,23.830847,38.05149
36,243,23.827446,38.052631
36,244,23.825815,38.052859
36,245,23.824764,38.053699
36,246,23.825353,38.05479
36,247,23.825903,38.056449
36,248,23.826214,38.05741
36,249,23.826124,38.05741
36,250,23.826105,38.057479
36,251,23.826086,38.057323
36,252,23.825537,38.056014
36,253,23.825027,38.054313
36,254,23.825258,38.053012
36,255,23.828838,38.052131
36,256,23.830578,38.051562
36,257,23.832777,38.051204
36,258,23.833777,38.051174
36,259,23.835796,38.051212
36,260,23.836546,38.051261
36,261,23.837276,38.05139
36,262,23.839157,38.051311
36,263,23.839546,38.049289
36,264,23.839617,38.04758
36,265,23.839358,38.0471
36,266,23.839597,38.046477
36,267,23.842367,38.044707
36,268,23.846037,38.042659
36,269,23.849167,38.04084
36,270,23.852197,38.0377
36,271,23.855716,38.03472
36,272,23.856916,38.033171
36,273,23.857126,38.031673
36,274,23.859096,38.030002
36,275,23.859408,38.02629
36,276,23.859497,38.02423
36,277,23.859516,38.024001
36,278,23.859945,38.022113
36,279,23.860306,38.018192
36,280,23.860286,38.014072
36,281,23.859796,38.011722
36,282,23.860317,38.01073
36,283,23.859466,38.010009
36,284,23.858416,38.008899
36,285,23.857867,38.008258
36,286,23.857727,38.00811
36,287,23.857707,38.008091
36,288,23.857689,38.007682
36,289,23.85645,38.00706
36,290,23.855169,38.006518
36,291,23.85591,38.005329
36,292,23.856248,38.003891
36,293,23.857979,38.00249
36,294,23.861898,38.000099
36,295,23.865719,37.998446
36,296,23.868908,37.996627
36,297,23.872658,37.994949
36,298,23.875297,37.992088
36,299,23.878837,37.989776
36,300,23.880728,37.989497
36,301,23.881107,37.989856
36,302,23.881107,37.990516
36,303,23.881218,37.990626
36,304,23.881227,37.990626
36,305,23.881467,37.990897
36,306,23.881838,37.990436
36,307,23.881838,37.990424
36,308,23.881838,37.990424
36,309,23.881828,37.990424
36,310,23.881858,37.990585
36,311,23.881418,37.990234
36,312,23.881359,37.990123
36,313,23.881399,37.990073
36,314,23.88192,37.990474
36,315,23.882111,37.990665
36,316,23.881851,37.991855
36,317,23.881182,37.994296
36,318,23.880371,37.997165
36,319,23.880232,37.999793
36,320,23.880642,38.001853
36,321,23.881602,38.002261
36,322,23.883322,38.002169
36,323,23.884771,38.001681
36,324,23.884672,38.002281
36,325,23.884542,38.003139
36,326,23.885372,38.003459
36,327,23.888351,38.003971
36,328,23.890352,38.00434
36,329,23.891533,38.004451
36,330,23.892053,38.004401
36,331,23.895474,38.00381
36,332,23.898723,38.00323
36,333,23.901144,38.002979
36,334,23.904943,38.002628
36,335,23.908873,38.002547
36,336,23.912302,38.000999
36,337,23.916052,37.999198
36,338,23.918331,37.998618
36,339,23.919651,37.998268
36,340,23.919552,37.998279
36,341,23.918262,37.998687
36,342,23.917603,37.999057
36,343,23.917513,37.999057
36,344,23.916723,37.999087
36,345,23.913563,37.999919
36,346,23.911753,38.002139
36,347,23.908142,38.002609
36,348,23.904253,38.002677
36,349,23.900762,38.003078
36,350,23.898712,38.003337
36,351,23.895302,38.003959
36,352,23.892431,38.004539
36,353,23.892412,38.00455
36,354,23.892353,38.004668
36,355,23.892134,38.004729
36,356,23.892134,38.004699
36,357,23.892153,38.004718
36,358,23.892353,38.004528
36,359,23.892214,38.004528
36,360,23.891014,38.004618
36,361,23.890924,38.004619
36,362,23.889925,38.004447
36,363,23.888695,38.004257
36,364,23.887313,38.004058
36,365,23.886764,38.003978
36,366,23.886344,38.003829
36,367,23.885795,38.003749
36,368,23.885595,38.003737
36,369,23.884855,38.003608
36,370,23.884676,38.003608
36,371,23.883745,38.003516
36,372,23.883486,38.003566
36,373,23.882925,38.003715
36,374,23.882685,38.003745
36,375,23.881984,38.003783
36,376,23.881464,38.003814
36,377,23.880915,38.003093
36,378,23.880684,38.000613
36,379,23.880674,37.996925
36,380,23.881753,37.992823
36,381,23.882004,37.990592
36,382,23.881494,37.99029
36,383,23.881395,37.990291
36,384,23.881186,37.990371
36,385,23.881426,37.991031
36,386,23.881537,37.991561
36,387,23.881506,37.991611
36,388,23.881546,37.991642
36,389,23.881636,37.991592
36,390,23.881645,37.99158
36,391,23.881925,37.99092
36,392,23.881426,37.990199
36,393,23.881485,37.990058
36,394,23.881365,37.989967
36,395,23.881384,37.990196
36,396,23.881545,37.990295
36,397,23.881593,37.990325
36,398,23.882013,37.990684
36,399,23.882072,37.990744
36,400,23.881773,37.991965
36,401,23.881143,37.994224
36,402,23.880425,37.996833
36,403,23.880045,37.999114
36,404,23.880495,38.001292
36,405,23.881045,38.002204
36,406,23.882235,38.002265
36,407,23.884125,38.001876
36,408,23.884654,38.002074
36,409,23.884335,38.003436
36,410,23.885394,38.003726
36,411,23.888615,38.004214
36,412,23.892614,38.004375
36,413,23.897194,38.003566
36,414,23.901644,38.002956
36,415,23.906303,38.002666
36,416,23.911342,38.002334
36,417,23.914174,37.999725
36,418,23.915853,37.999286
36,419,23.915733,37.999336
36,420,23.914132,37.999786
36,421,23.912412,38.001117
36,422,23.912283,38.001499
36,423,23.912274,38.001499
36,424,23.912332,38.001357
36,425,23.912352,38.001357
36,426,23.912041,38.001868
36,427,23.908571,38.00262
36,428,23.9043,38.00267
36,429,23.899891,38.003158
36,430,23.894602,38.004058
36,431,23.889402,38.004337
36,432,23.884302,38.003558
36,433,23.881203,38.003787
36,434,23.880842,38.003349
36,435,23.880552,38.000568
36,436,23.880703,37.996597
36,437,23.881633,37.993106
36,438,23.882154,37.990744
36,439,23.882044,37.990634
36,440,23.881415,37.990153
36,441,23.881495,37.990073
36,442,23.881315,37.989974
36,443,23.881284,37.990013
36,444,23.880335,37.989044
36,445,23.880224,37.989032
36,446,23.879333,37.989512
36,447,23.877162,37.990902
36,448,23.875313,37.992202
36,449,23.875423,37.993171
36,450,23.876182,37.995322
36,451,23.875482,37.996631
36,452,23.873573,37.995349
36,453,23.870514,37.99615
36,454,23.870474,37.996139
36,455,23.870353,37.996078
36,456,23.868124,37.997176
36,457,23.864734,37.998984
36,458,23.860824,38.000674
36,459,23.857994,38.002334
36,460,23.858225,38.000656
36,461,23.858166,37.998805
36,462,23.857617,37.997886
36,463,23.856556,37.997824
36,464,23.853885,37.998084
36,465,23.852744,37.998355
36,466,23.852665,37.999015
36,467,23.852175,37.999385
36,468,23.850624,37.998325
36,469,23.849454,37.997684
36,470,23.847765,37.997036
36,471,23.846085,37.996814
36,472,23.844595,37.997363
36,473,23.843935,37.998294
36,474,23.843886,37.999385
36,475,23.843996,37.999515
36,476,23.844215,37.999766
36,477,23.844366,37.999927
36,478,23.844415,38.000018
36,479,23.844397,37.999987
36,480,23.844317,37.999816
36,481,23.843736,37.999095
36,482,23.844205,37.997473
36,483,23.846846,37.996665
36,484,23.848754,37.997367
36,485,23.849843,37.997817
36,486,23.849844,37.997806
36,487,23.849854,37.997825
36,488,23.850143,37.997874
36,489,23.851454,37.998874
36,490,23.852653,37.999134
36,491,23.852634,37.998184
36,492,23.855494,37.997931
36,493,23.857495,37.99792
36,494,23.858074,37.998851
36,495,23.858034,38.00093
36,496,23.857924,38.002169
36,497,23.858984,38.001849
36,498,23.862145,37.999938
36,499,23.865585,37.998458
36,500,23.868736,37.996708
36,501,23.872236,37.995269
36,502,23.874515,37.99261
36,503,23.877216,37.990829
36,504,23.880035,37.989089
36,505,23.881106,37.989929
36,506,23.881204,37.989989
36,507,23.881275,37.989959
36,508,23.881284,37.989989
36,509,23.881895,37.990532
36,510,23.881926,37.99055
36,511,23.881845,37.990378
36,512,23.881606,37.989837
36,513,23.881476,37.989887
36,514,23.881346,37.989849
36,515,23.880535,37.989017
36,516,23.880436,37.989005
36,517,23.880326,37.988986
36,518,23.878845,37.989818
36,519,23.876385,37.991416
36,520,23.875195,37.992706
36,521,23.876295,37.994445
36,522,23.876024,37.996634
36,523,23.876244,37.998615
36,524,23.875855,37.999236
36,525,23.876394,38.001067
36,526,23.876465,38.002006
36,527,23.875525,38.002284
36,528,23.875795,38.003253
36,529,23.875915,38.003795
36,530,23.875946,38.003886
36,531,23.875977,38.003886
36,532,23.874966,38.004176
36,533,23.872285,38.005027
36,534,23.872015,38.005118
36,535,23.871065,38.005298
36,536,23.868506,38.005779
36,537,23.865786,38.006217
36,538,23.862856,38.006866
36,539,23.860805,38.007266
36,540,23.860685,38.007507
36,541,23.860944,38.009006
36,542,23.861176,38.010616
36,543,23.861095,38.012126
36,544,23.860266,38.012786
36,545,23.860426,38.014167
36,546,23.860275,38.016536
36,547,23.860454,38.019385
36,548,23.860435,38.019656
36,549,23.860396,38.020038
36,550,23.860195,38.021407
36,551,23.859806,38.023028
36,552,23.859716,38.02341
36,553,23.858615,38.024059
36,554,23.855196,38.024699
36,555,23.851915,38.025718
36,556,23.850826,38.026088
36,557,23.849466,38.026519
36,558,23.846765,38.02766
36,559,23.844515,38.028941
36,560,23.843484,38.027492
36,561,23.841615,38.025641
36,562,23.838815,38.024871
36,563,23.838366,38.024039
36,564,23.838966,38.023559
36,565,23.838525,38.023398
36,566,23.837755,38.023517
36,567,23.836845,38.023696
36,568,23.836047,38.023807
36,569,23.835297,38.023807
36,570,23.834806,38.023486
36,571,23.834257,38.023097
36,572,23.834818,38.022807
36,573,23.835458,38.022926
36,574,23.835859,38.023086
36,575,23.836229,38.023155
36,576,23.836369,38.023326
36,577,23.836428,38.023437
36,578,23.835488,38.023047
36,579,23.834547,38.02293
36,580,23.834257,38.023319
36,581,23.834247,38.023319
36,582,23.834408,38.023449
36,583,23.835139,38.0237
36,584,23.836138,38.023711
36,585,23.837387,38.023433
36,586,23.838577,38.023173
36,587,23.838176,38.023693
36,588,23.839386,38.024761
36,589,23.842427,38.026042
36,590,23.844597,38.025562
36,591,23.848137,38.025043
36,592,23.848526,38.023593
36,593,23.846386,38.020385
36,594,23.844835,38.017154
36,595,23.843666,38.013935
36,596,23.843567,38.012096
36,597,23.843666,38.011565
36,598,23.843755,38.010955
36,599,23.843755,38.010936
36,600,23.845605,38.010356
36,601,23.849976,38.009597
36,602,23.854545,38.008716
36,603,23.855264,38.007354
36,604,23.855895,38.006053
36,605,23.856404,38.004932
36,606,23.856313,38.003254
36,607,23.859394,38.001593
36,608,23.862765,37.999675
36,609,23.866085,37.998157
36,610,23.869615,37.996135
36,611,23.873096,37.994354
36,612,23.876106,37.991485
36,613,23.879557,37.989265
36,614,23.880306,37.988994
36,615,23.881247,37.989924
36,616,23.881416,37.990123
36,617,23.881416,37.990104
36,618,23.880735,37.989333
36,619,23.880146,37.989062
36,620,23.878505,37.990031
36,621,23.876215,37.99155
36,622,23.875024,37.992569
36,623,23.876194,37.9943
36,624,23.876003,37.996371
36,625,23.875124,37.996173
36,626,23.873043,37.995692
36,627,23.870773,37.996154
36,628,23.870533,37.996025
36,629,23.868593,37.996844
36,630,23.865503,37.998523
36,631,23.861864,38.000041
36,632,23.858685,38.00204
36,633,23.857905,38.003821
36,634,23.858255,38.00624
36,635,23.858545,38.007201
36,636,23.858475,38.007571
36,637,23.856723,38.008082
36,638,23.856684,38.008994
36,639,23.856983,38.009745
36,640,23.856924,38.009807
36,641,23.856524,38.010047
36,642,23.854803,38.011459
36,643,23.853313,38.01461
36,644,23.852003,38.017607
36,645,23.850723,38.020316
36,646,23.849373,38.020545
36,647,23.847363,38.020926
36,648,23.846452,38.021076
36,649,23.843702,38.021385
36,650,23.840603,38.021594
36,651,23.838743,38.021484
36,652,23.838154,38.022384
36,653,23.837935,38.023162
36,654,23.838225,38.023852
36,655,23.838264,38.024131
36,656,23.838284,38.024051
36,657,23.838654,38.023601
36,658,23.838814,38.023292
36,659,23.838104,38.02341
36,660,23.837373,38.023551
36,661,23.836594,38.0237
36,662,23.835714,38.023811
36,663,23.835174,38.023521
36,664,23.834315,38.0233
36,665,23.834555,38.022899
36,666,23.835415,38.022888
36,667,23.835615,38.02322
36,668,23.835646,38.023139
36,669,23.835886,38.023029
36,670,23.836056,38.023028
36,671,23.835956,38.022998
36,672,23.835947,38.023048
36,673,23.836037,38.023098
36,674,23.836358,38.023307
36,675,23.836298,38.023418
36,676,23.835838,38.023116
36,677,23.835838,38.023097
36,678,23.835228,38.022819
36,679,23.834377,38.022979
36,680,23.834448,38.023459
36,681,23.835148,38.023799
36,682,23.836147,38.023768
36,683,23.837338,38.02357
36,684,23.838537,38.02338
36,685,23.838367,38.023761
36,686,23.839018,38.02484
36,687,23.842238,38.025859
36,688,23.844128,38.02589
36,689,23.847517,38.025218
36,690,23.848987,38.024508
36,691,23.847348,38.021609
36,692,23.845717,38.018649
36,693,23.844116,38.015529
36,694,23.843506,38.012477
36,695,23.843736,38.010879
36,696,23.843736,38.010738
36,697,23.847057,38.010036
36,698,23.851797,38.009246
36,699,23.855707,38.008334
36,700,23.859926,38.007286
36,701,23.864626,38.006427
36,702,23.868116,38.005748
36,703,23.872217,38.004996
36,704,23.875758,38.004066
36,705,23.879306,38.003795
36,706,23.880726,38.003524
36,707,23.880676,38.002174
36,708,23.880206,37.999324
36,709,23.880916,37.995716
36,710,23.881888,37.992095
36,711,23.881687,37.990436
36,712,23.881398,37.990245
36,713,23.881657,37.990444
36,714,23.881616,37.990405
36,715,23.882166,37.990635
36,716,23.882576,37.989036
36,717,23.882927,37.987716
36,718,23.882736,37.986366
36,719,23.881595,37.985637
36,720,23.879486,37.985538
36,721,23.878086,37.985397
36,722,23.877586,37.984516
36,723,23.876856,37.984034
36,724,23.876017,37.984153
36,725,23.875946,37.984142
