37,1,23.876163,37.984233
37,2,23.877033,37.983913
37,3,23.877563,37.984615
37,4,23.878054,37.985446
37,5,23.879423,37.985484
37,6,23.881504,37.985553
37,7,23.882784,37.986533
37,8,23.883015,37.987552
37,9,23.883024,37.98759
37,10,23.880933,37.988551
37,11,23.880284,37.989032
37,12,23.880363,37.989013
37,13,23.880363,37.989024
37,14,23.881193,37.989963
37,15,23.881184,37.990023
37,16,23.881255,37.990013
37,17,23.881214,37.98984
37,18,23.881165,37.98986
37,19,23.880385,37.989089
37,20,23.879305,37.98952
37,21,23.877014,37.990982
37,22,23.874973,37.992553
37,23,23.876133,37.994262
37,24,23.875923,37.996723
37,25,23.874634,37.995613
37,26,23.873043,37.995673
37,27,23.870503,37.995994
37,28,23.870483,37.996013
37,29,23.870424,37.995994
37,30,23.868444,37.996913
37,31,23.865074,37.998733
37,32,23.861164,38.000362
37,33,23.858013,38.002422
37,34,23.857933,38.004561
37,35,23.858512,38.007141
37,36,23.858562,38.007411
37,37,23.858562,38.007423
37,38,23.857552,38.007754
37,39,23.854641,38.008693
37,40,23.850411,38.009513
37,41,23.84873,38.009822
37,42,23.84708,38.010101
37,43,23.84515,38.010421
37,44,23.842791,38.010673
37,45,23.839111,38.011444
37,46,23.835751,38.012855
37,47,23.83399,38.013236
37,48,23.8312,38.013827
37,49,23.82778,38.013999
37,50,23.824449,38.013858
37,51,23.82367,38.01382
37,52,23.822409,38.013751
37,53,23.818829,38.013141
37,54,23.816409,38.012451
37,55,23.815938,38.012352
37,56,23.812729,38.011642
37,57,23.810918,38.011272
37,58,23.81,38.011032
37,59,23.809439,38.010852
37,60,23.809269,38.010784
37,61,23.808869,38.010623
37,62,23.808418,38.010451
37,63,23.808387,38.010414
37,64,23.808187,38.010333
37,65,23.807468,38.009982
37,66,23.807348,38.009922
37,67,23.807318,38.009903
37,68,23.807138,38.00981
37,69,23.806808,38.00965
37,70,23.806478,38.009478
37,71,23.806318,38.009368
37,72,23.806278,38.009349
37,73,23.806219,38.009318
37,74,23.805849,38.009139
37,75,23.805528,38.008941
37,76,23.805449,38.00894
37,77,23.805178,38.008861
37,78,23.804718,38.008632
37,79,23.804688,38.00862
37,80,23.804237,38.00838
37,81,23.803966,38.008209
37,82,23.803837,38.00817
37,83,23.803476,38.008052
37,84,23.802946,38.008014
37,85,23.802196,38.009063
37,86,23.801866,38.010161
37,87,23.801636,38.011062
37,88,23.801605,38.011733
37,89,23.801605,38.011844
37,90,23.801525,38.012374
37,91,23.801395,38.012905
37,92,23.801405,38.013045
37,93,23.801165,38.013137
37,94,23.800724,38.013156
37,95,23.800604,38.013167
37,96,23.800054,38.013076
37,97,23.798374,38.012615
37,98,23.797014,38.012523
37,99,23.796104,38.011543
37,100,23.795544,38.011104
37,101,23.794874,38.010844
37,102,23.792904,38.011546
37,103,23.792164,38.010406
37,104,23.791013,38.008705
37,105,23.790954,38.008586
37,106,23.790844,38.008445
37,107,23.790814,38.008376
37,108,23.790773,38.008284
37,109,23.790093,38.007205
37,110,23.789253,38.006027
37,111,23.787924,38.006858
37,112,23.787303,38.007449
37,113,23.787294,38.00748
37,114,23.787164,38.00759
37,115,23.786945,38.007369
37,116,23.786745,38.007079
37,117,23.786295,38.006408
37,118,23.786165,38.006198
37,119,23.785595,38.005447
37,120,23.785206,38.004886
37,121,23.784845,38.004405
37,122,23.783895,38.003135
37,123,23.782276,38.003295
37,124,23.780536,38.001624
37,125,23.777657,38.001304
37,126,23.776377,38.001174
37,127,23.774736,38.001754
37,128,23.774436,38.001823
37,129,23.774297,38.001834
37,130,23.774198,38.001796
37,131,23.773359,38.002067
37,132,23.77166,38.000278
37,133,23.770179,37.999049
37,134,23.769939,37.998778
37,135,23.769539,37.99834
37,136,23.768479,37.996238
37,137,23.768139,37.995658
37,138,23.767809,37.995067
37,139,23.767349,37.994117
37,140,23.76717,37.993766
37,141,23.76685,37.993174
37,142,23.76671,37.992953
37,143,23.766571,37.992602
37,144,23.766531,37.992431
37,145,23.766442,37.99218
37,146,23.766361,37.992099
37,147,23.766281,37.99192
37,148,23.766161,37.991599
37,149,23.765541,37.990748
37,150,23.765112,37.990157
37,151,23.765042,37.990157
37,152,23.764711,37.989768
37,153,23.764641,37.989677
37,154,23.764101,37.989036
37,155,23.76324,37.988258
37,156,23.762751,37.987838
37,157,23.762491,37.98764
37,158,23.762251,37.987499
37,159,23.76194,37.987197
37,160,23.76164,37.987297
37,161,23.761541,37.987334
37,162,23.761421,37.987334
37,163,23.760952,37.987365
37,164,23.760893,37.987395
37,165,23.761013,37.987224
37,166,23.761203,37.987162
37,167,23.761364,37.987144
37,168,23.761404,37.986983
37,169,23.761404,37.986903
37,170,23.761265,37.986423
37,171,23.761945,37.986251
37,172,23.761995,37.986239
37,173,23.764105,37.985938
37,174,23.765955,37.986777
37,175,23.767374,37.988327
37,176,23.770384,37.990188
37,177,23.774235,37.99226
37,178,23.777565,37.994281
37,179,23.777904,37.994541
37,180,23.778123,37.9947
37,181,23.779943,37.995768
37,182,23.781125,37.996509
37,183,23.783125,37.998038
37,184,23.785456,37.999919
37,185,23.785964,38.00022
37,186,23.787555,38.001132
37,187,23.790516,38.002124
37,188,23.792536,38.003265
37,189,23.795856,38.005634
37,190,23.799816,38.006904
37,191,23.801096,38.007175
37,192,23.801136,38.007163
37,193,23.803267,38.007922
37,194,23.807057,38.009593
37,195,23.808636,38.010363
37,196,23.809116,38.010635
37,197,23.810547,38.011066
37,198,23.810577,38.011066
37,199,23.812696,38.011534
37,200,23.816376,38.012393
37,201,23.818635,38.013042
37,202,23.819197,38.013214
37,203,23.821516,38.013564
37,204,23.825356,38.013755
37,205,23.829115,38.013793
37,206,23.830814,38.013674
37,207,23.832094,38.013373
37,208,23.835314,38.012733
37,209,23.839544,38.011013
37,210,23.844194,38.010413
37,211,23.849285,38.009593
37,212,23.854205,38.008712
37,213,23.855003,38.007411
37,214,23.855743,38.006091
37,215,23.856404,38.004962
37,216,23.856404,38.003154
37,217,23.860193,38.000976
37,218,23.864423,37.999015
37,219,23.868223,37.996974
37,220,23.870422,37.995864
37,221,23.873342,37.993903
37,222,23.874373,37.992614
37,223,23.877043,37.990844
37,224,23.880243,37.988975
37,225,23.881202,37.989955
37,226,23.881832,37.990554
37,227,23.881333,37.991614
37,228,23.881422,37.991603
37,229,23.881362,37.991604
37,230,23.881333,37.991614
37,231,23.881373,37.991614
37,232,23.881512,37.991603
37,233,23.881862,37.991115
37,234,23.881644,37.990215
37,235,23.881483,37.990024
37,236,23.881403,37.990035
37,237,23.881384,37.990314
37,238,23.881564,37.990493
37,239,23.881643,37.990493
37,240,23.881883,37.990641
37,241,23.881874,37.990604
37,242,23.881855,37.990512
37,243,23.881385,37.990142
37,244,23.881286,37.990131
37,245,23.881077,37.989811
37,246,23.880266,37.98907
37,247,23.880126,37.989071
37,248,23.878375,37.990089
37,249,23.875745,37.991839
37,250,23.875375,37.993121
37,251,23.876156,37.995341
37,252,23.875465,37.996592
37,253,23.873485,37.995322
37,254,23.870525,37.996124
37,255,23.870494,37.996124
37,256,23.868515,37.996902
37,257,23.865225,37.998683
37,258,23.861604,38.000163
37,259,23.858564,38.002094
37,260,23.857874,38.003955
37,261,23.858253,38.006354
37,262,23.858454,38.007156
37,263,23.858463,38.007167
37,264,23.858113,38.007617
37,265,23.856083,38.008369
37,266,23.857002,38.009318
37,267,23.856232,38.010188
37,268,23.854391,38.012157
37,269,23.852781,38.015758
37,270,23.851261,38.019099
37,271,23.850381,38.020709
37,272,23.848553,38.020538
37,273,23.846873,38.021037
37,274,23.844652,38.021297
37,275,23.841843,38.021377
37,276,23.838912,38.021556
37,277,23.837923,38.021254
37,278,23.837072,38.020744
37,279,23.837143,38.020183
37,280,23.836803,38.020072
37,281,23.836613,38.020213
37,282,23.837023,38.020095
37,283,23.837062,38.020866
37,284,23.839233,38.021667
37,285,23.841744,38.021445
37,286,23.844953,38.021335
37,287,23.846664,38.020915
37,288,23.845554,38.018584
37,289,23.844164,38.015884
37,290,23.843655,38.014312
37,291,23.843615,38.013881
37,292,23.843574,38.013561
37,293,23.843574,38.013549
37,294,23.843494,38.012588
37,295,23.843513,38.012237
37,296,23.843513,38.012187
37,297,23.843693,38.011249
37,298,23.843723,38.01115
37,299,23.844192,38.010551
37,300,23.848082,38.009951
37,301,23.852972,38.009093
37,302,23.854952,38.008124
37,303,23.855022,38.006404
37,304,23.855873,38.005355
37,305,23.856184,38.003856
37,306,23.857753,38.002574
37,307,23.860135,38.001075
37,308,23.864294,37.999145
37,309,23.867883,37.997226
37,310,23.872284,37.995196
37,311,23.874384,37.992667
37,312,23.876854,37.991016
37,313,23.879934,37.989105
37,314,23.881184,37.989936
37,315,23.881214,37.989936
37,316,23.881254,37.989917
37,317,23.881254,37.989917
37,318,23.881374,37.990127
37,319,23.881215,37.990096
37,320,23.881075,37.989837
37,321,23.880245,37.989036
37,322,23.878876,37.989757
37,323,23.876375,37.991386
37,324,23.875034,37.992355
37,325,23.875524,37.993396
37,326,23.876085,37.995628
37,327,23.875326,37.996508
37,328,23.873167,37.995559
37,329,23.870576,37.996181
37,330,23.870547,37.996181
37,331,23.868576,37.996909
37,332,23.865236,37.99871
37,333,23.861536,38.000228
37,334,23.858196,38.002337
37,335,23.857897,38.004409
37,336,23.858236,38.006309
37,337,23.858335,38.006729
37,338,23.858335,38.006739
37,339,23.858446,38.00711
37,340,23.858455,38.00719
37,341,23.858455,38.00719
37,342,23.859146,38.007419
37,343,23.860336,38.007301
37,344,23.860515,38.007441
37,345,23.860836,38.009021
37,346,23.861136,38.01073
37,347,23.860735,38.012328
37,348,23.860383,38.014007
37,349,23.860254,38.016548
37,350,23.860414,38.019427
37,351,23.860334,38.020278
37,352,23.860034,38.021979
37,353,23.859634,38.02341
37,354,23.859604,38.023608
37,355,23.857464,38.024249
37,356,23.854074,38.02499
37,357,23.850865,38.02605
37,358,23.850633,38.02613
37,359,23.848894,38.026698
37,360,23.846064,38.028079
37,361,23.844204,38.028869
37,362,23.843183,38.027179
37,363,23.841373,38.027919
37,364,23.838734,38.029067
37,365,23.837564,38.029597
37,366,23.837534,38.029617
37,367,23.837065,38.029486
37,368,23.836574,38.028785
37,369,23.835894,38.027935
37,370,23.834355,38.026306
37,371,23.832985,38.024894
37,372,23.832365,38.025504
37,373,23.831474,38.025924
37,374,23.830624,38.026424
37,375,23.831053,38.026184
37,376,23.831454,38.025912
37,377,23.831814,38.025691
37,378,23.832254,38.025519
37,379,23.832455,38.025508
37,380,23.831455,38.02605
37,381,23.830045,38.026889
37,382,23.828846,38.02774
37,383,23.823196,38.03276
37,384,23.822956,38.032588
37,385,23.822996,38.03268
37,386,23.823095,38.03265
37,387,23.823315,38.032589
37,388,23.822964,38.03252
37,389,23.822964,38.032557
37,390,23.822825,38.032699
37,391,23.822805,38.03276
37,392,23.822885,38.032692
37,393,23.823126,38.032531
37,394,23.823006,38.03255
37,395,23.823237,38.032469
37,396,23.830996,38.026249
37,397,23.832455,38.025496
37,398,23.832945,38.024795
37,399,23.833445,38.025054
37,400,23.833815,38.025695
37,401,23.834364,38.026336
37,402,23.835054,38.027015
37,403,23.836014,38.028083
37,404,23.837334,38.028072
37,405,23.838993,38.027449
37,406,23.841623,38.026248
37,407,23.842832,38.026649
37,408,23.844673,38.025668
37,409,23.847893,38.025199
37,410,23.848953,38.024978
37,411,23.849144,38.024806
37,412,23.848425,38.023345
37,413,23.846904,38.021075
37,414,23.845415,38.018165
37,415,23.844105,38.015457
37,416,23.843535,38.012935
37,417,23.843624,38.011596
37,418,23.844294,38.010485
37,419,23.848323,38.009875
37,420,23.853143,38.009056
37,421,23.854874,38.007907
37,422,23.855074,38.006255
37,423,23.855765,38.005385
37,424,23.856335,38.004405
37,425,23.856174,38.003406
37,426,23.858875,38.001975
37,427,23.862726,37.999743
37,428,23.866236,37.998134
37,429,23.869665,37.996165
37,430,23.869915,37.996066
37,431,23.872915,37.994636
37,432,23.874485,37.992614
37,433,23.875915,37.991645
37,434,23.879625,37.989295
37,435,23.881196,37.989894
37,436,23.881325,37.990005
37,437,23.881374,37.989974
37,438,23.881393,37.990116
37,439,23.881283,37.990047
37,440,23.881332,37.989967
37,441,23.881122,37.989566
37,442,23.880302,37.988895
37,443,23.878763,37.989795
37,444,23.876334,37.991393
37,445,23.875244,37.992805
37,446,23.876295,37.994746
37,447,23.876024,37.997116
37,448,23.876033,37.998657
37,449,23.875914,37.999397
37,450,23.876024,37.999675
37,451,23.876505,38.001185
37,452,23.876644,38.001987
37,453,23.875623,38.002098
37,454,23.875704,38.002769
37,455,23.875964,38.003547
37,456,23.875643,38.003967
37,457,23.874301,38.004467
37,458,23.871022,38.005336
37,459,23.866892,38.006107
37,460,23.864252,38.006595
37,461,23.861572,38.007175
37,462,23.859593,38.007434
37,463,23.859282,38.007526
37,464,23.856901,38.008117
37,465,23.853432,38.009079
37,466,23.849432,38.009758
37,467,23.847181,38.010077
37,468,23.845722,38.010306
37,469,23.844162,38.010497
37,470,23.841751,38.010749
37,471,23.838612,38.011619
37,472,23.835871,38.01279
37,473,23.833882,38.013198
37,474,23.833841,38.013217
37,475,23.83373,38.013229
37,476,23.831591,38.013678
37,477,23.83074,38.01385
37,478,23.827681,38.013949
37,479,23.825621,38.013889
37,480,23.82451,38.01382
37,481,23.82304,38.013751
37,482,23.823021,38.013763
37,483,23.82129,38.013644
37,484,23.817751,38.012836
37,485,23.814161,38.011924
37,486,23.813492,38.011783
37,487,23.81182,38.011383
37,488,23.811771,38.011401
37,489,23.810353,38.0111
37,490,23.809622,38.010901
37,491,23.808993,38.010661
37,492,23.808382,38.010383
37,493,23.808203,38.010283
37,494,23.807453,38.009902
37,495,23.806624,38.009521
37,496,23.806614,38.009521
37,497,23.805945,38.009212
37,498,23.804544,38.008563
37,499,23.804535,38.008563
37,500,23.804324,38.008502
37,501,23.804255,38.008491
37,502,23.803705,38.008262
37,503,23.803526,38.008193
37,504,23.801957,38.007552
37,505,23.801897,38.007552
37,506,23.800876,38.00722
37,507,23.800566,38.007141
37,508,23.800374,38.007102
37,509,23.800105,38.007052
37,510,23.799804,38.006961
37,511,23.799524,38.0069
37,512,23.799004,38.006782
37,513,23.798615,38.006633
37,514,23.798195,38.006453
37,515,23.797825,38.006363
37,516,23.797445,38.006252
37,517,23.796985,38.006092
37,518,23.796855,38.00603
37,519,23.795925,38.005649
37,520,23.795315,38.005278
37,521,23.794476,38.00471
37,522,23.794426,38.00471
37,523,23.794186,38.00455
37,524,23.793926,38.004378
37,525,23.792656,38.003398
37,526,23.792575,38.003337
37,527,23.792305,38.003139
37,528,23.791254,38.0023
37,529,23.790323,38.001998
37,530,23.789533,38.001758
37,531,23.789303,38.001678
37,532,23.789062,38.001578
37,533,23.786972,38.00072
37,534,23.786741,38.00064
37,535,23.786411,38.000491
37,536,23.7856,38.000053
37,537,23.785031,37.999713
37,538,23.783612,37.998584
37,539,23.783171,37.998226
37,540,23.782291,37.997554
37,541,23.779381,37.995655
37,542,23.77745,37.994315
37,543,23.774009,37.992156
37,544,23.772989,37.991645
37,545,23.772049,37.991157
37,546,23.771489,37.990825
37,547,23.770628,37.990123
37,548,23.770428,37.989913
37,549,23.769457,37.989283
37,550,23.768827,37.988944
37,551,23.768167,37.988586
37,552,23.767767,37.988334
37,553,23.767218,37.987903
37,554,23.766379,37.987243
37,555,23.765688,37.986651
37,556,23.765038,37.98632
37,557,23.763088,37.98558
37,558,23.761639,37.984908
37,559,23.760309,37.984698
37,560,23.75918,37.98355
37,561,23.756791,37.982249
37,562,23.756639,37.982249
37,563,23.755589,37.981319
37,564,23.754527,37.980357
37,565,23.754328,37.980487
37,566,23.754288,37.980487
37,567,23.753868,37.980178
37,568,23.753717,37.980269
37,569,23.753698,37.980209
37,570,23.753609,37.980197
37,571,23.753828,37.980006
37,572,23.753828,37.980006
37,573,23.753648,37.979674
37,574,23.752588,37.978706
37,575,23.752277,37.978404
37,576,23.751898,37.978034
37,577,23.749937,37.976616
37,578,23.749737,37.976485
37,579,23.749697,37.976485
37,580,23.749466,37.976325
37,581,23.749996,37.975333
37,582,23.750916,37.975322
37,583,23.752136,37.975593
37,584,23.754236,37.976635
37,585,23.755386,37.977504
37,586,23.755457,37.977622
37,587,23.755966,37.979842
37,588,23.757425,37.980823
37,589,23.757444,37.980823
37,590,23.758524,37.981273
37,591,23.761564,37.982555
37,592,23.761885,37.982963
37,593,23.762295,37.983284
37,594,23.764215,37.985114
37,595,23.765365,37.986106
37,596,23.767206,37.987758
37,597,23.769417,37.989356
37,598,23.770018,37.989825
37,599,23.772348,37.991344
37,600,23.775478,37.992763
37,601,23.777967,37.994624
37,602,23.778918,37.995235
37,603,23.780238,37.996005
37,604,23.781178,37.996616
37,605,23.782038,37.997238
37,606,23.784197,37.998927
37,607,23.786537,38.000499
37,608,23.789318,38.001689
37,609,23.790758,38.00223
37,610,23.791967,38.00299
37,611,23.792397,38.003291
37,612,23.794107,38.004562
37,613,23.795948,38.00574
37,614,23.798418,38.006611
37,615,23.800888,38.007159
37,616,23.804378,38.008448
37,617,23.807638,38.009967
37,618,23.810447,38.011066
37,619,23.810718,38.011127
37,620,23.812168,38.011466
37,621,23.815288,38.012187
37,622,23.818098,38.012965
37,623,23.821398,38.013614
37,624,23.825608,38.013835
37,625,23.829887,38.013854
37,626,23.830388,38.013823
37,627,23.832197,38.013473
37,628,23.834418,38.013011
37,629,23.838087,38.011752
37,630,23.841467,38.010791
37,631,23.844897,38.010421
37,632,23.849396,38.009631
37,633,23.854446,38.008712
37,634,23.855156,38.007422
37,635,23.855766,38.006122
37,636,23.856457,38.005111
37,637,23.856197,38.00331
37,638,23.859068,38.001811
37,639,23.862497,37.999782
37,640,23.865649,37.99842
37,641,23.869068,37.996459
37,642,23.870807,37.995819
37,643,23.873478,37.993659
37,644,23.876139,37.9915
37,645,23.879239,37.98949
37,646,23.880749,37.989528
37,647,23.881309,37.990177
37,648,23.88139,37.990157
37,649,23.88122,37.990257
37,650,23.8812,37.990416
37,651,23.881101,37.990577
37,652,23.881441,37.990638
37,653,23.881422,37.991519
37,654,23.881532,37.991599
37,655,23.881523,37.991679
37,656,23.881644,37.991691
37,657,23.882183,37.99079
37,658,23.882664,37.989051
37,659,23.882934,37.987392
37,660,23.882515,37.985831
37,661,23.880995,37.985641
37,662,23.878935,37.985721
37,663,23.877985,37.985313
37,664,23.877505,37.984454
37,665,23.876595,37.984256
37,666,23.876113,37.984244
37,667,23.876133,37.984363
37,668,23.876003,37.984374
