38,1,23.876661,37.984012
38,2,23.877472,37.984413
38,3,23.878021,37.985381
38,4,23.879242,37.98553
38,5,23.881252,37.985381
38,6,23.882532,37.98579
38,7,23.882922,37.987308
38,8,23.88129,37.988307
38,9,23.88063,37.989299
38,10,23.881371,37.99007
38,11,23.881509,37.99023
38,12,23.8815,37.990111
38,13,23.8822,37.990653
38,14,23.88195,37.991672
38,15,23.881321,37.993953
38,16,23.880562,37.996643
38,17,23.880142,37.99919
38,18,23.880543,38.001159
38,19,23.880662,38.00336
38,20,23.880703,38.003478
38,21,23.878893,38.003639
38,22,23.875674,38.00394
38,23,23.872463,38.00495
38,24,23.871933,38.005092
38,25,23.870683,38.005332
38,26,23.867214,38.005961
38,27,23.862914,38.006794
38,28,23.860716,38.007243
38,29,23.858674,38.007514
38,30,23.854935,38.008594
38,31,23.850695,38.009433
38,32,23.846834,38.010062
38,33,23.844244,38.010432
38,34,23.841454,38.010741
38,35,23.837994,38.011882
38,36,23.834565,38.01303
38,37,23.833424,38.013271
38,38,23.830623,38.01385
38,39,23.825492,38.013881
38,40,23.820793,38.01366
38,41,23.820503,38.013648
38,42,23.818443,38.013099
38,43,23.814342,38.012031
38,44,23.810602,38.01118
38,45,23.807062,38.00975
38,46,23.803883,38.008319
38,47,23.799424,38.006968
38,48,23.795063,38.005229
38,49,23.792304,38.003199
38,50,23.789323,38.001811
38,51,23.786714,38.001251
38,52,23.784325,38.002399
38,53,23.783856,38.002639
38,54,23.783454,38.002837
38,55,23.782554,38.003287
38,56,23.781744,38.002578
38,57,23.779675,38.001388
38,58,23.777284,38.001327
38,59,23.776425,38.002757
38,60,23.775774,38.004416
38,61,23.775734,38.004436
38,62,23.775644,38.004424
38,63,23.775715,38.004394
38,64,23.775734,38.004382
38,65,23.775694,38.004501
38,66,23.775734,38.00444
38,67,23.776634,38.002029
38,68,23.777263,38.000697
38,69,23.778013,37.998748
38,70,23.778914,37.996608
38,71,23.779293,37.995807
38,72,23.779293,37.995795
38,73,23.780903,37.996406
38,74,23.783934,37.998687
38,75,23.787794,38.001166
38,76,23.788944,38.001537
38,77,23.792064,38.002845
38,78,23.795735,38.005577
38,79,23.800865,38.007118
38,80,23.806036,38.009147
38,81,23.811975,38.011367
38,82,23.818236,38.012909
38,83,23.824067,38.013686
38,84,23.830276,38.013785
38,85,23.831076,38.013687
38,86,23.834305,38.012996
38,87,23.838394,38.011546
38,88,23.842954,38.010596
38,89,23.848165,38.009826
38,90,23.853885,38.008846
38,91,23.857185,38.007835
38,92,23.860125,38.007254
38,93,23.864624,38.006446
38,94,23.869534,38.005508
38,95,23.874773,38.004317
38,96,23.879723,38.003806
38,97,23.880672,38.002178
38,98,23.880164,37.998385
38,99,23.881353,37.993907
38,100,23.882063,37.990676
38,101,23.881283,37.990276
38,102,23.881332,37.990695
38,103,23.881332,37.990684
38,104,23.881832,37.990882
38,105,23.881382,37.990153
38,106,23.881311,37.990093
38,107,23.881311,37.990104
38,108,23.881512,37.990245
38,109,23.881792,37.990905
38,110,23.881462,37.991237
38,111,23.881492,37.991607
38,112,23.881973,37.990588
38,113,23.881683,37.990447
38,114,23.881664,37.990458
38,115,23.881565,37.990348
38,116,23.881285,37.990078
38,117,23.881255,37.990016
38,118,23.882075,37.990616
38,119,23.882074,37.991115
38,120,23.881995,37.991485
38,121,23.881784,37.992206
38,122,23.881195,37.994358
38,123,23.880344,37.997417
38,124,23.880474,38.000606
38,125,23.880774,38.003386
38,126,23.880774,38.003456
38,127,23.880573,38.003654
38,128,23.878113,38.003722
38,129,23.874372,38.004394
38,130,23.871933,38.005145
38,131,23.871063,38.005306
38,132,23.867652,38.005927
38,133,23.863323,38.006747
38,134,23.860723,38.007266
38,135,23.859033,38.007525
38,136,23.854734,38.008716
38,137,23.849794,38.009646
38,138,23.845653,38.010307
38,139,23.842783,38.010646
38,140,23.838783,38.011558
38,141,23.834404,38.013118
38,142,23.833474,38.013316
38,143,23.831614,38.013724
38,144,23.827123,38.013984
38,145,23.822183,38.013774
38,146,23.817543,38.012885
38,147,23.812702,38.011707
38,148,23.812022,38.011546
38,149,23.809191,38.010775
38,150,23.804991,38.008796
38,151,23.802132,38.007686
38,152,23.801802,38.007567
38,153,23.798422,38.006686
38,154,23.795801,38.005725
38,155,23.79363,38.004176
38,156,23.790651,38.002246
38,157,23.787362,38.001125
38,158,23.786112,38.001613
38,159,23.783972,38.002673
38,160,23.783731,38.002765
38,161,23.782652,38.003314
38,162,23.781872,38.002623
38,163,23.779791,38.001422
38,164,23.77708,38.001491
38,165,23.776242,38.003311
38,166,23.775773,38.004421
38,167,23.775713,38.00447
38,168,23.775623,38.004531
38,169,23.775734,38.004451
38,170,23.775574,38.004581
38,171,23.775623,38.004569
38,172,23.776034,38.003558
38,173,23.776743,38.001769
38,174,23.776813,38.001609
38,175,23.776974,38.000869
38,176,23.778913,38.00135
38,177,23.781784,38.002669
38,178,23.784365,38.002379
38,179,23.786575,38.0013
38,180,23.786575,38.0013
38,181,23.787515,38.00109
38,182,23.789396,38.001712
38,183,23.790907,38.002193
38,184,23.792297,38.003081
38,185,23.794887,38.005031
38,186,23.798088,38.006461
38,187,23.801388,38.007293
38,188,23.805249,38.008803
38,189,23.806608,38.009444
38,190,23.809389,38.010745
38,191,23.813209,38.011664
38,192,23.815189,38.012114
38,193,23.81863,38.013053
38,194,23.82122,38.013564
38,195,23.82381,38.013675
38,196,23.82838,38.013835
38,197,23.83021,38.013797
38,198,23.83114,38.013637
38,199,23.832031,38.013457
38,200,23.834061,38.013027
38,201,23.837651,38.011917
38,202,23.838661,38.011436
38,203,23.8392,38.011207
38,204,23.840111,38.010929
38,205,23.84097,38.010818
38,206,23.84333,38.010566
38,207,23.847281,38.010005
38,208,23.852411,38.009105
38,209,23.854921,38.008006
38,210,23.85502,38.006354
38,211,23.85586,38.005264
38,212,23.85623,38.003963
38,213,23.857629,38.002574
38,214,23.86137,38.000243
38,215,23.86523,37.998622
38,216,23.86898,37.996501
38,217,23.87006,37.996002
38,218,23.87237,37.995113
38,219,23.87433,37.992694
38,220,23.8759,37.991634
38,221,23.879829,37.989166
38,222,23.881159,37.989936
38,223,23.881588,37.990355
38,224,23.881607,37.990367
38,225,23.881666,37.990429
38,226,23.881486,37.991039
38,227,23.881477,37.991687
38,228,23.881486,37.991676
38,229,23.882027,37.990615
38,230,23.881477,37.990283
38,231,23.881497,37.990253
38,232,23.881376,37.990112
38,233,23.881317,37.990032
38,234,23.881447,37.990051
38,235,23.881496,37.990119
38,236,23.881956,37.990477
38,237,23.881975,37.990508
38,238,23.882056,37.991077
38,239,23.881546,37.993007
38,240,23.880797,37.995716
38,241,23.880156,37.998397
38,242,23.880506,38.000735
38,243,23.880846,38.002387
38,244,23.882646,38.002337
38,245,23.884466,38.001746
38,246,23.884756,38.001987
38,247,23.884515,38.002906
38,248,23.884905,38.003448
38,249,23.887794,38.003929
38,250,23.891425,38.00447
38,251,23.895975,38.003711
38,252,23.900536,38.003009
38,253,23.905025,38.002601
38,254,23.909665,38.00249
38,255,23.912617,38.000449
38,256,23.916947,37.998958
38,257,23.922077,37.99781
38,258,23.927307,37.997821
38,259,23.932337,37.99876
38,260,23.936986,38.000629
38,261,23.941286,38.002059
38,262,23.944706,38.00315
38,263,23.948916,38.004451
38,264,23.953625,38.00553
38,265,23.957714,38.006832
38,266,23.961414,38.007979
38,267,23.965485,38.00859
38,268,23.969824,38.010398
38,269,23.973003,38.011589
38,270,23.975883,38.013717
38,271,23.976633,38.014285
38,272,23.977684,38.015883
38,273,23.977255,38.015872
38,274,23.977225,38.015842
38,275,23.977255,38.01591
38,276,23.977274,38.016002
38,277,23.977743,38.016082
38,278,23.977463,38.015331
38,279,23.975092,38.01311
38,280,23.971003,38.010742
38,281,23.966392,38.009082
38,282,23.961872,38.008022
38,283,23.957342,38.006831
38,284,23.952902,38.0055
38,285,23.948471,38.004352
38,286,23.943601,38.002853
38,287,23.939161,38.001521
38,288,23.934622,37.999473
38,289,23.929502,37.998004
38,290,23.923883,37.997596
38,291,23.918523,37.998596
38,292,23.913384,37.999976
38,293,23.910123,38.002525
38,294,23.905535,38.002654
38,295,23.900974,38.003054
38,296,23.897514,38.003554
38,297,23.893394,38.004306
38,298,23.891714,38.004585
38,299,23.890964,38.004573
38,300,23.889294,38.004314
38,301,23.888554,38.004173
38,302,23.888054,38.004092
38,303,23.887234,38.003974
38,304,23.887194,38.003962
38,305,23.886262,38.003822
38,306,23.885942,38.003772
38,307,23.885612,38.003703
38,308,23.884872,38.003592
38,309,23.884213,38.003482
38,310,23.883723,38.00347
38,311,23.882492,38.003722
38,312,23.881271,38.003783
38,313,23.880951,38.003783
38,314,23.88076,38.002334
38,315,23.880229,37.999244
38,316,23.88093,37.995593
38,317,23.88141,37.993785
38,318,23.882021,37.991554
38,319,23.882002,37.990561
38,320,23.881452,37.990191
38,321,23.881422,37.990211
38,322,23.881203,37.99039
38,323,23.881122,37.990322
38,324,23.881273,37.990271
38,325,23.881874,37.990722
38,326,23.881335,37.991233
38,327,23.881464,37.991714
38,328,23.881444,37.991702
38,329,23.881716,37.991473
38,330,23.881876,37.990943
38,331,23.881746,37.991005
38,332,23.881845,37.990985
38,333,23.881706,37.990455
38,334,23.881697,37.990455
38,335,23.881456,37.990054
38,336,23.881456,37.990043
38,337,23.881357,37.989982
38,338,23.881678,37.99039
38,339,23.881737,37.990402
38,340,23.881777,37.990432
38,341,23.881906,37.990523
38,342,23.881897,37.990542
38,343,23.881336,37.990081
38,344,23.881297,37.990081
38,345,23.880476,37.989193
38,346,23.880137,37.989021
38,347,23.878585,37.989932
38,348,23.876107,37.991573
38,349,23.875206,37.992923
38,350,23.876186,37.994372
38,351,23.875977,37.996341
38,352,23.874996,37.996063
38,353,23.873097,37.995624
38,354,23.870466,37.996006
38,355,23.869217,37.996364
38,356,23.866346,37.998005
38,357,23.863346,37.999435
38,358,23.860216,38.000995
38,359,23.857956,38.002726
38,360,23.857956,38.005118
38,361,23.858406,38.006919
38,362,23.858505,38.00719
38,363,23.858366,38.007541
38,364,23.857006,38.007941
38,365,23.854086,38.008841
38,366,23.849815,38.009593
38,367,23.846395,38.010154
38,368,23.843845,38.010505
38,369,23.840826,38.010856
38,370,23.837647,38.012107
38,371,23.834797,38.013046
38,372,23.835107,38.013797
38,373,23.835089,38.013835
38,374,23.834608,38.014033
38,375,23.834257,38.014114
38,376,23.834157,38.014194
38,377,23.833707,38.014232
38,378,23.833517,38.01422
38,379,23.833406,38.013999
38,380,23.833327,38.013869
38,381,23.833107,38.013881
38,382,23.832996,38.013911
38,383,23.832866,38.013923
38,384,23.833005,38.013832
38,385,23.833055,38.013923
38,386,23.833005,38.013885
38,387,23.832926,38.013835
38,388,23.832926,38.013847
38,389,23.833015,38.013938
38,390,23.832975,38.013976
38,391,23.833086,38.013938
38,392,23.833067,38.013926
38,393,23.832877,38.013888
38,394,23.832886,38.0139
38,395,23.832985,38.013931
38,396,23.833025,38.013931
38,397,23.833005,38.013812
38,398,23.832947,38.013953
38,399,23.832956,38.013934
38,400,23.833176,38.013923
38,401,23.833256,38.013904
38,402,23.833215,38.013652
38,403,23.833196,38.013652
38,404,23.833526,38.013251
38,405,23.836557,38.012542
38,406,23.838448,38.011622
38,407,23.838947,38.011413
38,408,23.839487,38.011203
38,409,23.840737,38.010944
38,410,23.842336,38.010733
38,411,23.844628,38.010463
38,412,23.848756,38.009753
38,413,23.853808,38.008895
38,414,23.854887,38.008037
38,415,23.855026,38.006385
38,416,23.855877,38.005286
38,417,23.856217,38.003848
38,418,23.857635,38.002597
38,419,23.858866,38.001987
38,420,23.862415,37.999866
38,421,23.865924,37.998325
38,422,23.869625,37.996223
38,423,23.870036,37.996063
38,424,23.872036,37.995372
38,425,23.874386,37.992702
38,426,23.875436,37.992
38,427,23.878576,37.989951
38,428,23.880327,37.98907
38,429,23.881338,37.990039
38,430,23.881397,37.990027
38,431,23.881378,37.990016
38,432,23.880978,37.989505
38,433,23.880549,37.989097
38,434,23.880378,37.988986
38,435,23.879398,37.989517
38,436,23.877138,37.990966
38,437,23.875168,37.992347
38,438,23.875217,37.992877
38,439,23.876287,37.994738
38,440,23.875718,37.99678
38,441,23.874167,37.995269
38,442,23.870886,37.996311
38,443,23.870587,37.996169
38,444,23.869526,37.996318
38,445,23.866676,37.997898
38,446,23.864136,37.999198
38,447,23.861474,38.000217
38,448,23.858434,38.002166
38,449,23.858015,38.001746
38,450,23.858385,37.999915
38,451,23.857895,37.998374
38,452,23.857494,37.997623
38,453,23.855684,37.997814
38,454,23.852734,37.998023
38,455,23.852715,37.998473
38,456,23.852634,37.999355
38,457,23.851684,37.998946
38,458,23.850266,37.997867
38,459,23.849306,37.997535
38,460,23.848847,37.997356
38,461,23.847956,37.996975
38,462,23.846855,37.996642
38,463,23.845415,37.996753
38,464,23.844696,37.997054
38,465,23.844816,37.997005
38,466,23.844817,37.997097
38,467,23.845557,37.996696
38,468,23.846906,37.996615
38,469,23.847666,37.996867
38,470,23.848125,37.996986
38,471,23.849466,37.997577
38,472,23.850536,37.998187
38,473,23.851706,37.999007
38,474,23.852575,37.999228
38,475,23.852616,37.998329
38,476,23.854136,37.99797
38,477,23.857296,37.9976
38,478,23.857965,37.998519
38,479,23.858085,38.000628
38,480,23.857907,38.002219
38,481,23.857907,38.002239
38,482,23.858125,38.00225
38,483,23.860907,38.000469
38,484,23.864946,37.998767
38,485,23.868717,37.996665
38,486,23.872917,37.994586
38,487,23.874637,37.992496
38,488,23.877598,37.990527
38,489,23.880197,37.988986
38,490,23.880987,37.989765
38,491,23.881006,37.990356
38,492,23.881197,37.990626
38,493,23.881166,37.990615
38,494,23.881047,37.990344
38,495,23.881167,37.989974
38,496,23.881207,37.989944
38,497,23.881256,37.990005
38,498,23.880787,37.989624
38,499,23.880787,37.989624
38,500,23.880506,37.989333
38,501,23.879406,37.989493
38,502,23.877035,37.990992
38,503,23.874905,37.992572
38,504,23.876034,37.994151
38,505,23.875944,37.996513
38,506,23.874683,37.995742
38,507,23.873024,37.995704
38,508,23.870514,37.996184
38,509,23.869293,37.996425
38,510,23.866194,37.998176
38,511,23.862403,37.999866
38,512,23.858984,38.001914
38,513,23.857865,38.004004
38,514,23.857934,38.005016
38,515,23.857934,38.005016
38,516,23.857994,38.005496
38,517,23.857994,38.005508
38,518,23.858034,38.005687
38,519,23.858093,38.005927
38,520,23.858093,38.005939
38,521,23.858112,38.006279
38,522,23.858131,38.006308
38,523,23.858242,38.006629
38,524,23.858292,38.006739
38,525,23.85831,38.006759
38,526,23.85844,38.007228
38,527,23.85846,38.007247
38,528,23.858499,38.007407
38,529,23.85989,38.007358
38,530,23.86027,38.007319
38,531,23.860569,38.00759
38,532,23.860858,38.009243
38,533,23.86109,38.010921
38,534,23.860569,38.012462
38,535,23.860229,38.013084
38,536,23.86031,38.014892
38,537,23.860279,38.017341
38,538,23.860378,38.019629
38,539,23.860378,38.019778
38,540,23.860119,38.021479
38,541,23.859629,38.02359
38,542,23.859419,38.02626
38,543,23.859199,38.02909
38,544,23.858888,38.030971
38,545,23.857218,38.031593
38,546,23.856478,38.031832
38,547,23.856378,38.031951
38,548,23.857079,38.033301
38,549,23.855188,38.035121
38,550,23.852278,38.037741
38,551,23.849848,38.040313
38,552,23.847368,38.042052
38,553,23.844269,38.043773
38,554,23.840908,38.045661
38,555,23.840658,38.045832
38,556,23.840097,38.046241
38,557,23.839897,38.04639
38,558,23.839817,38.04645
38,559,23.840388,38.047252
38,560,23.842217,38.048503
38,561,23.843897,38.049545
38,562,23.845216,38.050735
38,563,23.846567,38.051963
38,564,23.848617,38.052584
38,565,23.851378,38.052436
38,566,23.853057,38.053275
38,567,23.854088,38.053134
38,568,23.855018,38.054305
38,569,23.857229,38.056087
38,570,23.857988,38.057597
38,571,23.858558,38.059058
38,572,23.858838,38.05923
38,573,23.859348,38.059562
38,574,23.859258,38.05955
38,575,23.859039,38.059821
38,576,23.858879,38.06
38,577,23.858888,38.060081
38,578,23.859228,38.059821
38,579,23.858769,38.059211
38,580,23.858019,38.059241
38,581,23.857667,38.057692
38,582,23.857098,38.055663
38,583,23.854978,38.053862
38,584,23.854048,38.053332
38,585,23.850859,38.052474
38,586,23.847418,38.052405
38,587,23.844838,38.050296
38,588,23.841847,38.048186
38,589,23.839796,38.046897
38,590,23.839777,38.046886
38,591,23.839737,38.046416
38,592,23.842427,38.044666
38,593,23.844026,38.043834
38,594,23.846987,38.042125
38,595,23.848436,38.041305
38,596,23.849966,38.040046
38,597,23.853037,38.036796
38,598,23.856487,38.034156
38,599,23.856487,38.032306
38,600,23.854208,38.029575
38,601,23.851458,38.027453
38,602,23.849588,38.025253
38,603,23.849329,38.024883
38,604,23.847849,38.022174
38,605,23.84643,38.020293
38,606,23.84519,38.017623
38,607,23.84384,38.014552
38,608,23.84354,38.012893
38,609,23.84351,38.012752
38,610,23.843589,38.011833
38,611,23.84362,38.011821
38,612,23.843811,38.010699
38,613,23.847601,38.01002
38,614,23.8523,38.009211
38,615,23.854962,38.008281
38,616,23.855032,38.00661
38,617,23.855732,38.00539
38,618,23.856191,38.004009
38,619,23.857492,38.0027
38,620,23.859953,38.001208
38,621,23.863952,37.99929
38,622,23.867812,37.997268
38,623,23.870964,37.995788
38,624,23.873284,37.994018
38,625,23.876123,37.991496
38,626,23.879614,37.989265
38,627,23.881024,37.989776
38,628,23.881183,37.990585
38,629,23.881255,37.990664
38,630,23.881273,37.990664
38,631,23.881154,37.990505
38,632,23.881303,37.990226
38,633,23.881304,37.989917
38,634,23.881284,37.989978
38,635,23.881405,37.989738
38,636,23.881315,37.989818
38,637,23.881115,37.989768
38,638,23.880335,37.989028
38,639,23.879595,37.989348
38,640,23.877184,37.99089
38,641,23.874924,37.99256
38,642,23.876074,37.994189
38,643,23.875953,37.99681
38,644,23.876253,37.99855
38,645,23.875763,37.999
38,646,23.876312,38.000659
38,647,23.876731,38.002071
38,648,23.875523,38.002162
38,649,23.875843,38.003181
38,650,23.875923,38.003829
38,651,23.874474,38.004317
38,652,23.872203,38.005046
38,653,23.871914,38.005256
38,654,23.872163,38.007087
38,655,23.870795,38.008728
38,656,23.871165,38.011516
38,657,23.871594,38.014186
38,658,23.871893,38.016216
38,659,23.872143,38.017627
38,660,23.869092,38.017967
38,661,23.867603,38.017005
38,662,23.866003,38.016974
38,663,23.864573,38.018096
38,664,23.862602,38.019378
38,665,23.860412,38.020419
38,666,23.860333,38.020301
38,667,23.861443,38.0195
38,668,23.862743,38.018798
38,669,23.863344,38.01839
38,670,23.863344,38.018378
38,671,23.863424,38.018317
38,672,23.864664,38.017325
38,673,23.864803,38.017185
38,674,23.864812,38.017185
38,675,23.864893,38.017165
38,676,23.864893,38.017196
38,677,23.864843,38.017234
38,678,23.864994,38.017025
38,679,23.865154,38.016834
38,680,23.865034,38.016974
38,681,23.865004,38.017093
38,682,23.865263,38.016822
38,683,23.865272,38.016841
38,684,23.864803,38.017272
38,685,23.864803,38.017303
38,686,23.863675,38.018271
38,687,23.862004,38.019301
38,688,23.860434,38.019931
38,689,23.861905,38.019851
38,690,23.863843,38.01876
38,691,23.865583,38.017409
38,692,23.866634,38.016418
38,693,23.867895,38.017677
38,694,23.869995,38.017928
38,695,23.872256,38.017589
38,696,23.871666,38.01448
38,697,23.871056,38.01063
38,698,23.870916,38.00825
38,699,23.871095,38.008102
38,700,23.871095,38.008052
38,701,23.871296,38.008003
38,702,23.871977,38.006221
38,703,23.871947,38.00518
38,704,23.874857,38.00436
38,705,23.877996,38.00383
38,706,23.879716,38.003791
38,707,23.880266,38.00378
38,708,23.882776,38.003639
38,709,23.884507,38.003306
38,710,23.884895,38.001765
38,711,23.886335,38.001575
38,712,23.888535,38.001625
38,713,23.890264,38.000484
38,714,23.890746,37.999973
38,715,23.890355,37.999572
38,716,23.890307,37.999424
38,717,23.890056,37.999202
38,718,23.890177,37.999301
38,719,23.890516,37.999602
38,720,23.890615,37.999702
38,721,23.890825,37.9999
38,722,23.889785,38.000732
38,723,23.888275,38.001643
38,724,23.885985,38.001422
38,725,23.884905,38.002254
38,726,23.884535,38.003322
38,727,23.882795,38.003581
38,728,23.880875,38.003543
38,729,23.880754,38.001735
38,730,23.880225,37.998725
38,731,23.881103,37.995006
38,732,23.882063,37.991465
38,733,23.881474,37.990295
38,734,23.881393,37.990146
38,735,23.881254,37.990066
38,736,23.881884,37.990897
38,737,23.881353,37.991607
38,738,23.881384,37.991638
38,739,23.881374,37.991539
38,740,23.881914,37.990889
38,741,23.881514,37.990218
38,742,23.881393,37.990088
38,743,23.881274,37.990169
