39,1,23.881021,37.989814
39,2,23.880472,37.989284
39,3,23.880173,37.989055
39,4,23.878553,37.989974
39,5,23.875883,37.991744
39,6,23.873623,37.993625
39,7,23.872543,37.995055
39,8,23.869013,37.996547
39,9,23.865643,37.998427
39,10,23.862162,37.999908
39,11,23.859112,38.001769
39,12,23.857942,38.00267
39,13,23.857942,38.004989
39,14,23.858492,38.007148
39,15,23.858562,38.007369
39,16,23.858513,38.007488
39,17,23.857063,38.007896
39,18,23.854282,38.008777
39,19,23.850142,38.009548
39,20,23.846423,38.010157
39,21,23.843902,38.010508
39,22,23.840573,38.010898
39,23,23.836982,38.012397
39,24,23.833563,38.013278
39,25,23.833532,38.01329
39,26,23.831031,38.013808
39,27,23.826363,38.013877
39,28,23.822113,38.013686
39,29,23.817642,38.012847
39,30,23.812992,38.011718
39,31,23.812141,38.011508
39,32,23.809452,38.010818
39,33,23.806263,38.009307
39,34,23.803333,38.008098
39,35,23.802374,38.007739
39,36,23.799673,38.006961
39,37,23.796432,38.005919
39,38,23.794392,38.004669
39,39,23.792041,38.002849
39,40,23.789562,38.001819
39,41,23.787363,38.000961
39,42,23.785352,38.001892
39,43,23.782722,38.0032
39,44,23.782202,38.00304
39,45,23.780631,38.001479
39,46,23.777511,38.001171
39,47,23.776442,38.002749
39,48,23.775813,38.004348
39,49,23.775701,38.004387
39,50,23.775652,38.004696
39,51,23.775662,38.004577
39,52,23.776,38.003627
39,53,23.77676,38.001605
39,54,23.777669,38.001315
39,55,23.780979,38.001865
39,56,23.78229,38.003344
39,57,23.785108,38.002006
39,58,23.786799,38.001166
39,59,23.788118,38.001365
39,60,23.791559,38.002605
39,61,23.794909,38.005126
39,62,23.799538,38.006934
39,63,23.804166,38.008445
39,64,23.806788,38.009635
39,65,23.809267,38.010795
39,66,23.813356,38.011794
39,67,23.817766,38.012935
39,68,23.822556,38.013743
39,69,23.827585,38.013965
39,70,23.833195,38.013324
39,71,23.838314,38.011672
39,72,23.843013,38.010654
39,73,23.847954,38.009925
39,74,23.853353,38.008995
39,75,23.854793,38.007693
39,76,23.855093,38.006224
39,77,23.855922,38.005313
39,78,23.856163,38.003845
39,79,23.858213,38.002327
39,80,23.861803,38.000095
39,81,23.865654,37.998454
39,82,23.869264,37.996364
39,83,23.872804,37.994743
39,84,23.876005,37.991592
39,85,23.879775,37.989173
39,86,23.880966,37.989715
39,87,23.881006,37.990245
39,88,23.881056,37.990245
39,89,23.881195,37.990127
39,90,23.881145,37.990088
39,91,23.881315,37.990119
39,92,23.881297,37.990081
39,93,23.881226,37.9901
39,94,23.881306,37.990169
39,95,23.881936,37.99076
39,96,23.881765,37.991851
39,97,23.881065,37.994411
39,98,23.880215,37.997531
39,99,23.880325,38.000651
39,100,23.880615,38.003261
39,101,23.880635,38.003562
39,102,23.880555,38.003741
39,103,23.878355,38.003761
39,104,23.874815,38.004261
39,105,23.871815,38.005198
39,106,23.868755,38.005748
39,107,23.864595,38.0065
39,108,23.860836,38.0073
39,109,23.860496,38.007361
39,110,23.857697,38.007781
39,111,23.853567,38.009021
39,112,23.849107,38.009791
39,113,23.845087,38.010432
39,114,23.841176,38.010863
39,115,23.837026,38.012423
39,116,23.831877,38.013682
39,117,23.826286,38.014003
39,118,23.822157,38.013805
39,119,23.821106,38.013724
39,120,23.816857,38.012695
39,121,23.812367,38.011615
39,122,23.807806,38.010154
39,123,23.804377,38.008544
39,124,23.800077,38.007133
39,125,23.795948,38.005851
39,126,23.792889,38.003681
39,127,23.789509,38.00188
39,128,23.786748,38.001258
39,129,23.783569,38.002819
39,130,23.78237,38.003379
39,131,23.78112,38.001807
39,132,23.77811,38.001277
39,133,23.776621,38.002357
39,134,23.775661,38.004397
39,135,23.775701,38.004359
39,136,23.775591,38.004539
39,137,23.775661,38.004378
39,138,23.776541,38.002239
39,139,23.776951,38.00093
39,140,23.779282,38.001471
39,141,23.782032,38.00315
39,142,23.784751,38.002211
39,143,23.787743,38.001262
39,144,23.791143,38.002372
39,145,23.794323,38.004711
39,146,23.798782,38.006751
39,147,23.804062,38.008331
39,148,23.806831,38.009582
39,149,23.809411,38.010791
39,150,23.813442,38.011772
39,151,23.818022,38.012912
39,152,23.822743,38.013691
39,153,23.828402,38.013881
39,154,23.83377,38.01313
39,155,23.837989,38.01179
39,156,23.842849,38.010642
39,157,23.848931,38.009712
39,158,23.855021,38.008541
39,159,23.857191,38.007811
39,160,23.860061,38.007251
39,161,23.864261,38.006522
39,162,23.869232,38.005553
39,163,23.874482,38.004413
39,164,23.879102,38.003822
39,165,23.880734,38.003032
39,166,23.880173,37.999663
39,167,23.880971,37.995345
39,168,23.882082,37.991325
39,169,23.882072,37.990836
39,170,23.881692,37.990447
39,171,23.881282,37.990356
39,172,23.881282,37.990356
39,173,23.881323,37.990657
39,174,23.881582,37.990928
39,175,23.881801,37.990749
39,176,23.881742,37.990786
39,177,23.881252,37.990615
39,178,23.881252,37.990283
39,179,23.881203,37.990295
39,180,23.881283,37.990104
39,181,23.881193,37.989905
39,182,23.881283,37.989894
39,183,23.881252,37.990203
39,184,23.881221,37.990192
39,185,23.881292,37.990001
39,186,23.881312,37.98997
39,187,23.881261,37.990062
39,188,23.881712,37.990393
39,189,23.881692,37.990393
39,190,23.882053,37.990684
39,191,23.881862,37.991675
39,192,23.881252,37.993915
39,193,23.880513,37.996677
39,194,23.880112,37.999328
39,195,23.880581,38.001598
39,196,23.88076,38.003429
39,197,23.879311,38.003699
39,198,23.876002,38.00392
39,199,23.873171,38.004791
39,200,23.870201,38.005439
39,201,23.865971,38.006168
39,202,23.86145,38.007106
39,203,23.858779,38.007495
39,204,23.85709,38.007926
39,205,23.853901,38.008895
39,206,23.84939,38.009685
39,207,23.845569,38.010295
39,208,23.84289,38.010615
39,209,23.839069,38.011367
39,210,23.835159,38.012946
39,211,23.833519,38.013328
39,212,23.831438,38.013816
39,213,23.827157,38.014037
39,214,23.822819,38.013847
39,215,23.818819,38.013256
39,216,23.814499,38.012126
39,217,23.812319,38.011627
39,218,23.809648,38.010997
39,219,23.806049,38.009326
39,220,23.802589,38.007896
39,221,23.801899,38.007617
39,222,23.798769,38.006759
39,223,23.795849,38.005699
39,224,23.793419,38.003967
39,225,23.790709,38.002136
39,226,23.78892,38.001586
39,227,23.78743,38.001086
39,228,23.78549,38.001857
39,229,23.783159,38.003017
39,230,23.782639,38.003287
39,231,23.781628,38.002387
39,232,23.779158,38.001368
39,233,23.776958,38.001548
39,234,23.776129,38.003409
39,235,23.775728,38.004378
39,236,23.775678,38.004409
39,237,23.775678,38.004378
39,238,23.775638,38.00447
39,239,23.775709,38.004272
39,240,23.77673,38.001701
39,241,23.776748,38.00164
39,242,23.776649,38.001151
39,243,23.778678,38.001373
39,244,23.781719,38.002662
39,245,23.78339,38.002811
39,246,23.78639,38.001422
39,247,23.78919,38.001754
39,248,23.792499,38.003375
39,249,23.79623,38.005897
39,250,23.801091,38.007228
39,251,23.805379,38.008868
39,252,23.809281,38.010719
39,253,23.81431,38.011889
39,254,23.81918,38.013141
39,255,23.82375,38.013652
39,256,23.82881,38.013793
39,257,23.83333,38.013182
39,258,23.83586,38.012622
39,259,23.83733,38.012061
39,260,23.8374,38.012023
39,261,23.83836,38.011562
39,262,23.841089,38.010791
39,263,23.84186,38.010692
39,264,23.84412,38.010432
39,265,23.84845,38.009784
39,266,23.853059,38.009006
39,267,23.854781,38.007747
39,268,23.85519,38.006206
39,269,23.856171,38.005306
39,270,23.856111,38.003585
39,271,23.857031,38.002895
39,272,23.859331,38.001693
39,273,23.863051,37.999645
39,274,23.866921,37.997806
39,275,23.871361,37.995704
39,276,23.87463,37.992534
39,277,23.879009,37.989653
39,278,23.880391,37.989093
39,279,23.8804,37.989063
39,280,23.88052,37.989212
39,281,23.88141,37.99015
39,282,23.88154,37.990321
39,283,23.88158,37.990352
39,284,23.881999,37.990672
39,285,23.88141,37.991592
39,286,23.88134,37.991603
39,287,23.88134,37.991614
39,288,23.88135,37.991603
39,289,23.881679,37.990913
39,290,23.88155,37.990272
39,291,23.88129,37.990032
39,292,23.8813,37.98997
39,293,23.880289,37.9892
39,294,23.88023,37.989108
39,295,23.87956,37.989379
39,296,23.877599,37.990581
39,297,23.87528,37.992141
39,298,23.87556,37.993411
39,299,23.87611,37.995273
39,300,23.87549,37.996654
39,301,23.87372,37.995223
39,302,23.870901,37.996333
39,303,23.870411,37.996081
39,304,23.870401,37.99607
39,305,23.869232,37.996391
39,306,23.866231,37.998061
39,307,23.862571,37.999702
39,308,23.859091,38.001773
39,309,23.857901,38.003604
39,310,23.85816,38.005942
39,311,23.85849,38.007083
39,312,23.858471,38.007095
39,313,23.85861,38.007415
39,314,23.86025,38.007186
39,315,23.86035,38.007186
39,316,23.86068,38.008334
39,317,23.861009,38.010104
39,318,23.86114,38.011733
39,319,23.86026,38.013362
39,320,23.86026,38.015521
39,321,23.86025,38.015822
39,322,23.86025,38.015861
39,323,23.860232,38.016509
39,324,23.86036,38.01826
39,325,23.860361,38.01974
39,326,23.860232,38.02064
39,327,23.859802,38.022632
39,328,23.859583,38.023723
39,329,23.859583,38.023742
39,330,23.858362,38.024123
39,331,23.855193,38.024733
39,332,23.851872,38.025725
39,333,23.850511,38.026195
39,334,23.850511,38.026195
39,335,23.849592,38.026496
39,336,23.846734,38.027675
39,337,23.844413,38.028965
39,338,23.843343,38.027305
39,339,23.841604,38.027786
39,340,23.838415,38.029185
39,341,23.836885,38.029045
39,342,23.835175,38.026893
39,343,23.833544,38.024925
39,344,23.832653,38.025344
39,345,23.832582,38.025523
39,346,23.832212,38.025653
39,347,23.831232,38.026164
39,348,23.830363,38.026683
39,349,23.828882,38.027675
39,350,23.822922,38.032455
39,351,23.822691,38.032714
39,352,23.822691,38.032714
39,353,23.822431,38.032924
39,354,23.822413,38.032935
39,355,23.821432,38.033737
39,356,23.820353,38.034717
39,357,23.819872,38.035178
39,358,23.819852,38.03519
39,359,23.819852,38.03519
39,360,23.819522,38.035469
39,361,23.819522,38.03548
39,362,23.819482,38.03551
39,363,23.819264,38.035491
39,364,23.819294,38.03553
39,365,23.819263,38.035648
39,366,23.819093,38.035808
39,367,23.819075,38.035789
39,368,23.819035,38.035907
39,369,23.819084,38.035876
39,370,23.818884,38.036026
39,371,23.818714,38.036166
39,372,23.818705,38.036166
39,373,23.818495,38.036228
39,374,23.818594,38.036128
39,375,23.818594,38.036117
39,376,23.818524,38.036155
39,377,23.818194,38.036463
39,378,23.818203,38.036463
39,379,23.818144,38.036613
39,380,23.818273,38.036533
39,381,23.818273,38.036533
39,382,23.817912,38.036754
39,383,23.817854,38.036814
39,384,23.817844,38.036826
39,385,23.817113,38.037288
39,386,23.814903,38.038379
39,387,23.813993,38.038699
39,388,23.813333,38.038909
39,389,23.813124,38.039028
39,390,23.813114,38.039016
39,391,23.813213,38.038955
39,392,23.813213,38.038955
39,393,23.813213,38.038967
39,394,23.813524,38.038886
39,395,23.814005,38.038726
39,396,23.816545,38.037605
39,397,23.819895,38.035033
39,398,23.821535,38.033573
39,399,23.823045,38.032451
39,400,23.823335,38.032569
39,401,23.823435,38.032458
39,402,23.830944,38.026348
39,403,23.831754,38.025886
39,404,23.832634,38.025195
39,405,23.833392,38.025024
39,406,23.834444,38.026412
39,407,23.836214,38.028293
39,408,23.837673,38.027961
39,409,23.840504,38.026759
39,410,23.842545,38.026298
39,411,23.844574,38.025668
39,412,23.848225,38.025108
39,413,23.849004,38.024917
39,414,23.849115,38.024726
39,415,23.847756,38.022197
39,416,23.846056,38.019687
39,417,23.845005,38.017429
39,418,23.844435,38.01649
39,419,23.844095,38.015529
39,420,23.843965,38.015147
39,421,23.843886,38.014949
39,422,23.843614,38.014179
39,423,23.843575,38.013926
39,424,23.843575,38.013916
39,425,23.843504,38.013275
39,426,23.843464,38.013022
39,427,23.843454,38.012863
39,428,23.843454,38.012832
39,429,23.843513,38.011871
39,430,23.843533,38.01179
39,431,23.843533,38.01179
39,432,23.843573,38.011451
39,433,23.845293,38.010409
39,434,23.849743,38.009651
39,435,23.854452,38.008738
39,436,23.855182,38.00743
39,437,23.855383,38.006202
39,438,23.855683,38.005401
39,439,23.856243,38.004432
39,440,23.856083,38.003562
39,441,23.858043,38.002372
39,442,23.860884,38.000522
39,443,23.863783,37.999332
39,444,23.867073,37.997653
39,445,23.870792,37.995815
39,446,23.873623,37.993335
39,447,23.877372,37.990634
39,448,23.880303,37.989063
39,449,23.881212,37.989974
39,450,23.881222,37.989875
39,451,23.88132,37.990097
39,452,23.881441,37.990146
39,453,23.881571,37.990237
39,454,23.881311,37.990028
39,455,23.881222,37.990028
39,456,23.881061,37.989768
39,457,23.881061,37.989768
39,458,23.880842,37.98957
39,459,23.880191,37.989009
39,460,23.878882,37.989718
39,461,23.87655,37.991248
39,462,23.875021,37.992678
39,463,23.876021,37.994059
39,464,23.876021,37.996021
39,465,23.87508,37.996162
39,466,23.87302,37.995642
39,467,23.870519,37.996131
39,468,23.86958,37.996242
39,469,23.86682,37.997791
39,470,23.863378,37.99945
39,471,23.859848,38.001288
39,472,23.857908,38.00315
39,473,23.858007,38.0055
39,474,23.858387,38.006931
39,475,23.858397,38.006931
39,476,23.858536,38.007362
39,477,23.858545,38.007399
39,478,23.859476,38.007362
39,479,23.860406,38.00727
39,480,23.860406,38.00727
39,481,23.860718,38.0083
39,482,23.861057,38.009959
39,483,23.861187,38.011359
39,484,23.860268,38.012989
39,485,23.860327,38.014888
39,486,23.860357,38.017589
39,487,23.860376,38.019798
39,488,23.860376,38.019828
39,489,23.860246,38.020789
39,490,23.859766,38.022799
39,491,23.859575,38.02375
39,492,23.859575,38.02378
39,493,23.857476,38.024241
39,494,23.854305,38.02489
39,495,23.851416,38.025852
39,496,23.850725,38.026103
39,497,23.850706,38.026122
39,498,23.850327,38.02624
39,499,23.850327,38.026252
39,500,23.849527,38.026504
39,501,23.846708,38.027675
39,502,23.844288,38.028975
39,503,23.843258,38.027267
39,504,23.841447,38.027858
39,505,23.838188,38.02927
39,506,23.836858,38.02912
39,507,23.835378,38.027233
39,508,23.834429,38.026344
39,509,23.834068,38.026023
39,510,23.832887,38.024852
39,511,23.832197,38.025321
39,512,23.832537,38.02555
39,513,23.832277,38.025611
39,514,23.831368,38.026072
39,515,23.830008,38.026892
39,516,23.828738,38.027743
39,517,23.822917,38.032492
39,518,23.822838,38.032493
39,519,23.822668,38.032634
39,520,23.822618,38.032695
39,521,23.822519,38.032805
39,522,23.822519,38.032787
39,523,23.82276,38.032589
39,524,23.822849,38.032527
39,525,23.823269,38.032607
39,526,23.83149,38.026046
39,527,23.832341,38.025596
39,528,23.832781,38.025027
39,529,23.8336,38.025279
39,530,23.83451,38.02647
39,531,23.83554,38.0275
39,532,23.836731,38.028431
39,533,23.839081,38.027468
39,534,23.84196,38.026138
39,535,23.843141,38.026439
39,536,23.846521,38.025348
39,537,23.84876,38.025008
39,538,23.848501,38.023658
39,539,23.846682,38.02087
39,540,23.845472,38.01836
39,541,23.844363,38.016257
39,542,23.844102,38.015376
39,543,23.843973,38.014976
39,544,23.843763,38.014347
39,545,23.843652,38.013927
39,546,23.843643,38.013927
39,547,23.843572,38.013526
39,548,23.843483,38.012737
39,549,23.843474,38.012565
39,550,23.843464,38.012554
39,551,23.843544,38.011912
39,552,23.843643,38.011333
39,553,23.843643,38.011302
39,554,23.843683,38.011104
39,555,23.846573,38.010142
39,556,23.851504,38.00931
39,557,23.854353,38.008762
39,558,23.855182,38.007422
39,559,23.855873,38.006023
39,560,23.856373,38.004944
39,561,23.856512,38.003173
39,562,23.859752,38.001365
39,563,23.863502,37.999454
39,564,23.867182,37.997622
39,565,23.871172,37.995742
39,566,23.873583,37.993442
39,567,23.876811,37.99105
39,568,23.879962,37.989089
39,569,23.880872,37.989681
39,570,23.881202,37.989982
39,571,23.881261,37.989963
39,572,23.881391,37.990104
39,573,23.881321,37.989963
39,574,23.881271,37.989803
39,575,23.88116,37.989852
39,576,23.88105,37.989852
39,577,23.880239,37.989112
39,578,23.879151,37.989631
39,579,23.87693,37.991062
39,580,23.874981,37.992572
39,581,23.87611,37.99417
39,582,23.875971,37.996402
39,583,23.875011,37.996093
39,584,23.873022,37.995685
39,585,23.870462,37.996173
39,586,23.870403,37.996135
39,587,23.870403,37.996115
39,588,23.869154,37.996486
39,589,23.866244,37.998114
39,590,23.862712,37.999713
39,591,23.859553,38.001522
39,592,23.857943,38.003471
39,593,23.858082,38.005752
39,594,23.858122,38.005924
39,595,23.858122,38.005935
39,596,23.858112,38.006026
39,597,23.858131,38.006358
39,598,23.858181,38.006549
39,599,23.858231,38.006698
39,600,23.858391,38.007068
39,601,23.858401,38.007079
39,602,23.858481,38.007529
39,603,23.858011,38.00769
39,604,23.856331,38.008239
39,605,23.856661,38.00904
39,606,23.856241,38.01015
39,607,23.854381,38.012149
39,608,23.852831,38.01562
39,609,23.8514,38.018802
39,610,23.849861,38.020652
39,611,23.84769,38.020843
39,612,23.84637,38.021083
39,613,23.843601,38.021415
39,614,23.84077,38.021594
39,615,23.837921,38.021194
39,616,23.836851,38.020995
39,617,23.836462,38.021484
39,618,23.836252,38.021625
39,619,23.836212,38.021644
39,620,23.835992,38.021582
39,621,23.835963,38.022052
39,622,23.836274,38.022601
39,623,23.836572,38.02299
39,624,23.836792,38.023261
39,625,23.836832,38.023292
39,626,23.835923,38.02217
39,627,23.836021,38.02182
39,628,23.83603,38.02182
39,629,23.836081,38.021758
39,630,23.836799,38.020938
39,631,23.836938,38.020858
39,632,23.83849,38.021469
39,633,23.839989,38.021697
39,634,23.841889,38.021396
39,635,23.844189,38.021366
39,636,23.845999,38.021136
39,637,23.846718,38.021068
39,638,23.846748,38.021049
39,639,23.846178,38.020129
39,640,23.845049,38.017631
39,641,23.844179,38.01591
39,642,23.844179,38.01591
39,643,23.844148,38.015792
39,644,23.843569,38.013503
39,645,23.843488,38.012294
39,646,23.843519,38.012054
39,647,23.84355,38.011802
39,648,23.843679,38.010863
39,649,23.843689,38.010852
39,650,23.843608,38.010432
39,651,23.848249,38.009761
39,652,23.853819,38.008811
39,653,23.854738,38.007491
39,654,23.855318,38.00616
39,655,23.856249,38.005279
39,656,23.85599,38.003429
39,657,23.858519,38.002078
39,658,23.861608,38.000117
39,659,23.865059,37.998718
39,660,23.86875,37.996646
39,661,23.87282,37.994697
39,662,23.87606,37.991515
39,663,23.879641,37.989234
39,664,23.881022,37.989753
39,665,23.881373,37.990203
39,666,23.881802,37.990974
39,667,23.881231,37.991634
39,668,23.881311,37.991645
39,669,23.881351,37.991633
39,670,23.88177,37.991412
39,671,23.88174,37.990443
39,672,23.88154,37.990264
39,673,23.88135,37.990165
39,674,23.881269,37.990215
39,675,23.88148,37.990333
39,676,23.881429,37.990295
39,677,23.881269,37.990123
39,678,23.88125,37.990123
39,679,23.88125,37.990123
39,680,23.880411,37.989273
39,681,23.87997,37.989242
39,682,23.87827,37.990222
39,683,23.876141,37.991584
39,684,23.8752,37.992916
39,685,23.876261,37.994827
39,686,23.875761,37.996868
39,687,23.874441,37.995505
39,688,23.871422,37.996486
39,689,23.870441,37.996165
39,690,23.870441,37.996165
39,691,23.869101,37.996585
39,692,23.86625,37.998195
39,693,23.863352,37.999545
39,694,23.860932,38.000606
39,695,23.858033,38.002487
39,696,23.857903,38.004397
39,697,23.858213,38.006317
39,698,23.858244,38.006408
39,699,23.858283,38.006549
39,700,23.858404,38.00695
39,701,23.858414,38.006961
39,702,23.858533,38.007472
39,703,23.857193,38.00796
39,704,23.856363,38.008701
39,705,23.857294,38.009719
39,706,23.856055,38.010459
39,707,23.854414,38.012439
39,708,23.852875,38.015781
39,709,23.851394,38.01895
39,710,23.849976,38.020732
39,711,23.848357,38.020701
39,712,23.847086,38.021083
39,713,23.845477,38.021224
39,714,23.842786,38.021434
39,715,23.839558,38.021713
39,716,23.837548,38.020911
39,717,23.836798,38.02106
39,718,23.836317,38.021629
39,719,23.836187,38.021648
39,720,23.836017,38.022079
39,721,23.836249,38.022548
39,722,23.836328,38.022757
39,723,23.836279,38.022709
39,724,23.836619,38.023097
39,725,23.836809,38.023269
39,726,23.836809,38.023269
39,727,23.836809,38.023257
39,728,23.836809,38.023368
39,729,23.836819,38.023307
39,730,23.836819,38.023346
39,731,23.836819,38.023414
39,732,23.836829,38.023563
39,733,23.836818,38.023532
39,734,23.836819,38.023483
39,735,23.836809,38.023513
39,736,23.836809,38.023494
39,737,23.83681,38.023425
39,738,23.836809,38.023486
39,739,23.836819,38.023375
39,740,23.836819,38.023365
39,741,23.836828,38.023425
39,742,23.836828,38.023445
39,743,23.836828,38.023445
39,744,23.836828,38.023395
39,745,23.836819,38.023414
39,746,23.836548,38.023162
39,747,23.835998,38.022422
39,748,23.836069,38.021861
39,749,23.83667,38.021171
39,750,23.837829,38.021262
39,751,23.83988,38.021773
39,752,23.842819,38.021495
39,753,23.844829,38.021323
39,754,23.846698,38.021102
39,755,23.845928,38.019424
39,756,23.844528,38.016753
39,757,23.843689,38.014362
39,758,23.843639,38.011592
39,759,23.84372,38.011001
39,760,23.84372,38.011001
39,761,23.845569,38.01028
39,762,23.849809,38.009559
39,763,23.853831,38.008887
39,764,23.854811,38.007579
39,765,23.855411,38.006217
39,766,23.856371,38.005317
39,767,23.856131,38.003498
39,768,23.858249,38.002296
39,769,23.86136,38.000316
39,770,23.86508,37.998775
39,771,23.86858,37.996844
39,772,23.87165,37.995574
39,773,23.87413,37.992892
39,774,23.87764,37.990531
39,775,23.88012,37.989051
39,776,23.88113,37.98983
39,777,23.881309,37.99002
39,778,23.881309,37.990008
39,779,23.881189,37.989867
39,780,23.880338,37.989066
39,781,23.879049,37.989715
39,782,23.87658,37.991325
39,783,23.875139,37.992762
39,784,23.876279,37.994624
39,785,23.875919,37.996833
39,786,23.87446,37.995464
39,787,23.87138,37.996444
39,788,23.87046,37.996093
39,789,23.86915,37.996501
39,790,23.86619,37.998179
39,791,23.86265,37.99977
39,792,23.85923,38.001781
39,793,23.85792,38.003642
39,794,23.858219,38.006183
39,795,23.85858,38.007434
39,796,23.858589,38.007464
39,797,23.858209,38.007716
39,798,23.85715,38.007968
39,799,23.85623,38.008559
39,800,23.857201,38.00973
39,801,23.855621,38.01073
39,802,23.853981,38.013332
39,803,23.852461,38.016692
39,804,23.851119,38.019633
39,805,23.849631,38.020652
39,806,23.847842,38.020812
39,807,23.847131,38.021064
39,808,23.847082,38.021094
39,809,23.845571,38.021224
39,810,23.843172,38.021495
39,811,23.840122,38.021804
39,812,23.837232,38.020904
39,813,23.836563,38.021293
39,814,23.836063,38.021601
39,815,23.836082,38.02175
39,816,23.835952,38.022059
39,817,23.836173,38.022479
39,818,23.836403,38.0228
39,819,23.836653,38.023132
39,820,23.836792,38.023303
39,821,23.836822,38.023365
39,822,23.836493,38.022956
39,823,23.835984,38.021888
39,824,23.836964,38.022079
39,825,23.838484,38.024699
39,826,23.842154,38.025821
39,827,23.843914,38.02605
39,828,23.847395,38.02529
39,829,23.848995,38.024971
39,830,23.849186,38.024772
39,831,23.847616,38.022003
39,832,23.845936,38.019142
39,833,23.844517,38.016613
39,834,23.843678,38.014133
39,835,23.843668,38.011504
39,836,23.843779,38.010696
39,837,23.847368,38.010105
39,838,23.851668,38.009353
39,839,23.855068,38.008521
39,840,23.855167,38.006911
39,841,23.855757,38.005542
39,842,23.856286,38.004313
39,843,23.857467,38.002784
39,844,23.860727,38.000743
39,845,23.864308,37.999202
39,846,23.868078,37.997192
39,847,23.872358,37.9952
39,848,23.875399,37.99205
39,849,23.879349,37.989478
39,850,23.880847,37.989669
39,851,23.881237,37.99015
39,852,23.881286,37.990199
39,853,23.881927,37.99086
39,854,23.881246,37.991691
39,855,23.881277,37.991703
39,856,23.881317,37.991732
39,857,23.881317,37.991653
39,858,23.881397,37.991771
39,859,23.881406,37.99126
39,860,23.881207,37.99071
39,861,23.881256,37.99036
39,862,23.881146,37.990451
39,863,23.881056,37.99055
39,864,23.881195,37.990459
39,865,23.881935,37.990879
39,866,23.882225,37.990127
39,867,23.882694,37.988529
39,868,23.882845,37.987327
39,869,23.882493,37.985836
39,870,23.881214,37.985557
39,871,23.879354,37.985698
39,872,23.878325,37.985729
39,873,23.877803,37.984969
39,874,23.877363,37.984199
39,875,23.876553,37.984168
39,876,23.876043,37.984168
39,877,23.875864,37.98434
