4,1,23.841171,38.13095
4,2,23.841041,38.130919
4,3,23.841091,38.131038
4,4,23.840702,38.131477
4,5,23.840302,38.131809
4,6,23.839502,38.131419
4,7,23.838133,38.128649
4,8,23.836273,38.124728
4,9,23.832783,38.120608
4,10,23.829372,38.117149
4,11,23.827812,38.115588
4,12,23.825382,38.113189
4,13,23.822292,38.11027
4,14,23.819242,38.10736
4,15,23.817012,38.104072
4,16,23.816254,38.102691
4,17,23.816075,38.102642
4,18,23.816064,38.102642
4,19,23.815455,38.102443
4,20,23.812824,38.101161
4,21,23.810595,38.098472
4,22,23.809703,38.095634
4,23,23.809344,38.094142
4,24,23.808883,38.091712
4,25,23.809164,38.090042
4,26,23.809164,38.0899
4,27,23.809373,38.088771
4,28,23.809494,38.087993
4,29,23.810114,38.086043
4,30,23.810345,38.083983
4,31,23.808445,38.082465
4,32,23.807165,38.083225
4,33,23.806024,38.082694
4,34,23.805845,38.082423
4,35,23.805735,38.082324
4,36,23.805565,38.082233
4,37,23.805355,38.082271
4,38,23.805726,38.082252
4,39,23.806046,38.08274
4,40,23.807175,38.083519
4,41,23.807265,38.085437
4,42,23.807825,38.086337
4,43,23.809555,38.086429
4,44,23.809444,38.08742
4,45,23.808935,38.090301
4,46,23.809085,38.093391
4,47,23.809826,38.096011
4,48,23.810686,38.098781
4,49,23.812977,38.101249
4,50,23.815167,38.10221
4,51,23.815816,38.102401
4,52,23.817247,38.104552
4,53,23.819736,38.107753
4,54,23.822746,38.110583
4,55,23.826486,38.114192
4,56,23.829626,38.117312
4,57,23.833676,38.121383
4,58,23.836966,38.126044
4,59,23.839035,38.130442
4,60,23.840614,38.131702
4,61,23.840834,38.131252
4,62,23.840893,38.13124
4,63,23.841003,38.131172
4,64,23.841003,38.13116
4,65,23.841074,38.131018
4,66,23.841194,38.130889
4,67,23.841154,38.130927
4,68,23.841124,38.131099
4,69,23.840735,38.131579
4,70,23.839865,38.131858
4,71,23.838954,38.130259
4,72,23.837216,38.126628
4,73,23.835125,38.122928
4,74,23.831724,38.119457
4,75,23.829183,38.116965
4,76,23.829113,38.116115
4,77,23.828644,38.114455
4,78,23.827053,38.112735
4,79,23.825893,38.110583
4,80,23.825974,38.108863
4,81,23.825903,38.106612
4,82,23.825973,38.106163
4,83,23.825934,38.106093
4,84,23.826093,38.105162
4,85,23.825854,38.103232
4,86,23.825594,38.101192
4,87,23.825193,38.09962
4,88,23.824133,38.096938
4,89,23.822863,38.093959
4,90,23.821733,38.092178
4,91,23.821573,38.091907
4,92,23.821523,38.091777
4,93,23.820974,38.091308
4,94,23.820654,38.09103
4,95,23.819954,38.090419
4,96,23.819723,38.090179
4,97,23.819193,38.089618
4,98,23.818912,38.089396
4,99,23.818312,38.089058
4,100,23.817861,38.088649
4,101,23.818142,38.087791
4,102,23.818692,38.085411
4,103,23.819021,38.083011
4,104,23.820051,38.07938
4,105,23.820431,38.0783
4,106,23.821111,38.076019
4,107,23.821121,38.07582
4,108,23.821081,38.074611
4,109,23.820971,38.07344
4,110,23.82093,38.069782
4,111,23.821029,38.067222
4,112,23.82236,38.066734
4,113,23.825498,38.066512
4,114,23.826269,38.065204
4,115,23.825559,38.062632
4,116,23.824259,38.060913
4,117,23.821379,38.058883
4,118,23.819698,38.057402
4,119,23.81861,38.056262
4,120,23.819319,38.054713
4,121,23.817188,38.053214
4,122,23.816128,38.052753
4,123,23.814988,38.052963
4,124,23.814457,38.051933
4,125,23.815417,38.050052
4,126,23.817026,38.047901
4,127,23.818965,38.045131
4,128,23.819475,38.042331
4,129,23.819435,38.040153
4,130,23.817566,38.040972
4,131,23.815805,38.042243
4,132,23.814785,38.041805
4,133,23.814594,38.040825
4,134,23.814654,38.040774
4,135,23.815274,38.040664
4,136,23.815763,38.041293
4,137,23.815924,38.041484
4,138,23.816223,38.041736
4,139,23.816143,38.041766
4,140,23.815853,38.041396
4,141,23.815794,38.041336
4,142,23.815284,38.041507
4,143,23.815565,38.041416
4,144,23.815895,38.041404
4,145,23.816185,38.041754
4,146,23.817745,38.040583
4,147,23.819395,38.040412
4,148,23.819535,38.043532
4,149,23.817915,38.046611
4,150,23.815584,38.04945
4,151,23.815075,38.051299
4,152,23.815605,38.052348
4,153,23.816404,38.052539
4,154,23.817033,38.053058
4,155,23.819303,38.054599
4,156,23.821554,38.056609
4,157,23.820225,38.057971
4,158,23.823445,38.06018
4,159,23.825513,38.06264
4,160,23.826164,38.064792
4,161,23.825575,38.066364
4,162,23.821015,38.066634
4,163,23.820903,38.068835
4,164,23.820765,38.071753
4,165,23.821085,38.075313
4,166,23.820536,38.077792
4,167,23.820545,38.077873
4,168,23.819645,38.080653
4,169,23.818695,38.084674
4,170,23.818966,38.086044
4,171,23.820865,38.085315
4,172,23.822206,38.085433
4,173,23.822986,38.086753
4,174,23.824037,38.086882
4,175,23.823807,38.089694
4,176,23.823017,38.090792
4,177,23.821877,38.091785
4,178,23.823085,38.093914
4,179,23.824375,38.097595
4,180,23.825464,38.099563
4,181,23.828864,38.102455
4,182,23.832556,38.105315
4,183,23.832627,38.106105
4,184,23.830326,38.108017
4,185,23.827405,38.109317
4,186,23.825845,38.110568
4,187,23.826845,38.11222
4,188,23.828994,38.114711
4,189,23.829174,38.116752
4,190,23.831293,38.118801
4,191,23.835434,38.123161
4,192,23.837794,38.127799
4,193,23.839843,38.131789
4,194,23.840704,38.131328
4,195,23.840843,38.131149
4,196,23.840914,38.131149
4,197,23.841093,38.130939
4,198,23.841034,38.130958
4,199,23.840963,38.131179
4,200,23.840613,38.131728
4,201,23.839982,38.13182
4,202,23.839752,38.131831
4,203,23.838692,38.12976
4,204,23.836912,38.12604
4,205,23.833402,38.121242
4,206,23.829394,38.11719
4,207,23.826563,38.11439
4,208,23.823504,38.111393
4,209,23.820173,38.108241
4,210,23.817343,38.104872
4,211,23.816214,38.102653
4,212,23.815973,38.102573
4,213,23.815973,38.102573
4,214,23.815733,38.102492
4,215,23.813022,38.101352
4,216,23.810633,38.098723
4,217,23.810272,38.097553
4,218,23.810012,38.096633
4,219,23.809723,38.095694
4,220,23.809082,38.093456
4,221,23.808952,38.090686
4,222,23.809223,38.089027
4,223,23.809392,38.088016
4,224,23.809913,38.086314
4,225,23.810194,38.083824
4,226,23.808294,38.082504
4,227,23.806635,38.083022
4,228,23.805584,38.082381
4,229,23.805723,38.082271
4,230,23.806223,38.082901
4,231,23.806713,38.083152
4,232,23.807142,38.084872
4,233,23.807231,38.086341
4,234,23.809122,38.086433
4,235,23.809442,38.086993
4,236,23.809331,38.087864
4,237,23.808731,38.091274
4,238,23.80907,38.093474
4,239,23.809491,38.095485
4,240,23.809971,38.097125
4,241,23.811581,38.099963
4,242,23.814741,38.102221
4,243,23.815331,38.102382
4,244,23.81693,38.104034
4,245,23.81962,38.107753
4,246,23.82325,38.111163
4,247,23.82671,38.114513
4,248,23.83028,38.117961
4,249,23.83437,38.12215
4,250,23.837019,38.12617
4,251,23.83919,38.130752
4,252,23.840539,38.131793
4,253,23.84084,38.131233
4,254,23.840829,38.131233
4,255,23.84091,38.131171
4,256,23.840891,38.131141
4,257,23.841122,38.130943
4,258,23.841131,38.130893
4,259,23.841072,38.131064
4,260,23.841013,38.131175
4,261,23.840673,38.131606
4,262,23.839733,38.131866
4,263,23.838552,38.129566
4,264,23.836551,38.125274
4,265,23.833271,38.121135
4,266,23.830782,38.118743
4,267,23.828663,38.117072
4,268,23.825872,38.114364
4,269,23.823911,38.113716
4,270,23.823171,38.111614
4,271,23.820631,38.109153
4,272,23.816332,38.105144
4,273,23.810451,38.102473
4,274,23.804531,38.100135
4,275,23.798462,38.097804
4,276,23.793352,38.094634
4,277,23.791622,38.092383
4,278,23.791112,38.091735
4,279,23.789063,38.089095
4,280,23.785763,38.084796
4,281,23.782353,38.080375
4,282,23.777992,38.076354
4,283,23.772042,38.073734
4,284,23.766411,38.071464
4,285,23.76073,38.069225
4,286,23.759251,38.069114
4,287,23.759941,38.067805
4,288,23.759751,38.065795
4,289,23.75906,38.064826
4,290,23.75885,38.064575
4,291,23.758289,38.063903
4,292,23.756989,38.063995
4,293,23.755398,38.064216
4,294,23.754988,38.063827
4,295,23.755138,38.063797
4,296,23.755338,38.063655
4,297,23.755279,38.063575
4,298,23.754839,38.063507
4,299,23.755549,38.063747
4,300,23.757599,38.063506
4,301,23.757639,38.063506
4,302,23.75825,38.063956
4,303,23.759779,38.066257
4,304,23.760278,38.068408
4,305,23.765098,38.070518
4,306,23.772178,38.073417
4,307,23.77937,38.076918
4,308,23.78406,38.082118
4,309,23.787689,38.086837
4,310,23.790828,38.090976
4,311,23.791039,38.091236
4,312,23.791929,38.092365
4,313,23.795559,38.096194
4,314,23.8018,38.098774
4,315,23.8079,38.101192
4,316,23.813839,38.103362
4,317,23.814709,38.105033
4,318,23.817748,38.106604
4,319,23.822439,38.111156
4,320,23.825619,38.114184
4,321,23.828699,38.117164
4,322,23.830789,38.118514
4,323,23.83317,38.120884
4,324,23.83679,38.125693
4,325,23.838791,38.129924
4,326,23.840511,38.131813
4,327,23.840872,38.131202
4,328,23.840942,38.131163
4,329,23.840942,38.131114
4,330,23.841134,38.130873
4,331,23.841114,38.130904
4,332,23.840974,38.131183
4,333,23.840635,38.131751
4,334,23.839636,38.131522
4,335,23.837986,38.128181
4,336,23.835596,38.123511
4,337,23.831677,38.119441
4,338,23.829567,38.118251
4,339,23.827307,38.115821
4,340,23.824627,38.114002
4,341,23.823708,38.112472
4,342,23.820948,38.109523
4,343,23.816397,38.105194
4,344,23.809887,38.102222
4,345,23.803447,38.099673
4,346,23.797127,38.097232
4,347,23.792607,38.093703
4,348,23.791586,38.092364
4,349,23.791295,38.091983
4,350,23.789075,38.089114
4,351,23.785737,38.084723
4,352,23.782366,38.080455
4,353,23.779575,38.077746
4,354,23.780075,38.077136
4,355,23.781194,38.078387
4,356,23.782894,38.080539
4,357,23.784904,38.083148
4,358,23.785836,38.08435
4,359,23.785845,38.084361
4,360,23.785935,38.084461
4,361,23.786184,38.084441
4,362,23.786665,38.08464
4,363,23.786844,38.084731
4,364,23.786885,38.084743
4,365,23.787174,38.084884
4,366,23.787414,38.085002
4,367,23.787474,38.085242
4,368,23.787483,38.084972
4,369,23.786724,38.084773
4,370,23.785974,38.084502
4,371,23.786724,38.085403
4,372,23.788014,38.087154
4,373,23.789733,38.089424
4,374,23.790305,38.090324
4,375,23.792984,38.093802
4,376,23.798035,38.097461
4,377,23.805195,38.100192
4,378,23.811594,38.102691
4,379,23.815004,38.103869
4,380,23.815084,38.10416
4,381,23.816253,38.10559
4,382,23.820694,38.109488
4,383,23.823815,38.11407
4,384,23.827256,38.11581
4,385,23.830355,38.118819
4,386,23.832605,38.12065
4,387,23.836265,38.124969
4,388,23.838557,38.129607
4,389,23.840527,38.131866
4,390,23.840897,38.131187
4,391,23.840928,38.131175
4,392,23.841117,38.130935
4,393,23.841128,38.130935
4,394,23.841088,38.130935
4,395,23.841088,38.130946
4,396,23.840828,38.131458
4,397,23.840078,38.131816
4,398,23.839328,38.130984
4,399,23.837669,38.127593
4,400,23.835359,38.123164
4,401,23.83161,38.119354
4,402,23.829609,38.118304
4,403,23.827379,38.115886
4,404,23.82474,38.114105
4,405,23.823709,38.112803
4,406,23.821859,38.110392
4,407,23.817819,38.106502
4,408,23.81212,38.103122
4,409,23.805851,38.100623
4,410,23.799291,38.098075
4,411,23.793571,38.094916
4,412,23.791342,38.092048
4,413,23.791332,38.092036
4,414,23.790833,38.091365
4,415,23.788403,38.088233
4,416,23.784712,38.083442
4,417,23.780771,38.078514
4,418,23.775131,38.074912
4,419,23.768702,38.072353
4,420,23.762532,38.069873
4,421,23.75887,38.068984
4,422,23.759931,38.068072
4,423,23.759912,38.066562
4,424,23.758972,38.064811
4,425,23.758151,38.06372
4,426,23.756653,38.063999
4,427,23.755083,38.06401
4,428,23.755003,38.063899
4,429,23.754883,38.06377
4,430,23.754683,38.063578
4,431,23.754852,38.063671
4,432,23.755132,38.063541
4,433,23.755432,38.063392
4,434,23.755462,38.063403
4,435,23.755497,38.063468
4,436,23.755514,38.063449
4,437,23.755443,38.063529
4,438,23.755153,38.064079
4,439,23.757114,38.063739
4,440,23.757814,38.063628
4,441,23.758844,38.064838
4,442,23.759775,38.066646
4,443,23.760375,38.068644
4,444,23.764216,38.070243
4,445,23.769365,38.072364
4,446,23.775295,38.074756
4,447,23.780665,38.078105
4,448,23.784414,38.082687
4,449,23.787673,38.086886
4,450,23.790533,38.090625
4,451,23.793234,38.094134
4,452,23.797514,38.097224
4,453,23.803194,38.099414
4,454,23.809334,38.101844
4,455,23.814845,38.103786
4,456,23.814665,38.105506
4,457,23.817995,38.106895
4,458,23.821714,38.110484
4,459,23.823784,38.114036
4,460,23.826694,38.115318
4,461,23.829145,38.117729
4,462,23.830857,38.118858
4,463,23.832796,38.120898
4,464,23.835876,38.124228
4,465,23.837767,38.128158
4,466,23.839497,38.131607
4,467,23.840597,38.131668
4,468,23.840526,38.131587
4,469,23.840507,38.131495
4,470,23.840647,38.131717
4,471,23.839887,38.131969
4,472,23.840458,38.133197
4,473,23.841839,38.136047
4,474,23.843828,38.138148
4,475,23.845447,38.139159
4,476,23.845478,38.139239
4,477,23.845518,38.139591
4,478,23.844588,38.140922
4,479,23.845977,38.142692
4,480,23.848257,38.145171
4,481,23.851156,38.14823
4,482,23.854536,38.151611
4,483,23.855815,38.154971
4,484,23.855835,38.15824
4,485,23.856924,38.161052
4,486,23.856554,38.164191
4,487,23.856545,38.167694
4,488,23.855644,38.171333
4,489,23.855054,38.175032
4,490,23.854164,38.178535
4,491,23.853113,38.182525
4,492,23.853363,38.184943
4,493,23.854112,38.186164
4,494,23.854452,38.189902
4,495,23.853552,38.193961
4,496,23.853253,38.19786
4,497,23.856252,38.199851
4,498,23.857473,38.201793
4,499,23.857683,38.203102
4,500,23.860634,38.205173
4,501,23.864383,38.206314
4,502,23.868183,38.207091
4,503,23.870643,38.209193
4,504,23.873823,38.210163
4,505,23.876392,38.211212
4,506,23.879553,38.211131
4,507,23.882584,38.210281
4,508,23.885563,38.210681
4,509,23.887722,38.210391
4,510,23.891533,38.208911
4,511,23.896973,38.20943
4,512,23.898653,38.2102
4,513,23.897993,38.212341
4,514,23.897343,38.213992
4,515,23.896933,38.215652
4,516,23.896643,38.216971
4,517,23.895572,38.218292
4,518,23.895422,38.218642
4,519,23.895431,38.218654
4,520,23.895401,38.218753
4,521,23.894312,38.219161
4,522,23.894672,38.218951
4,523,23.894672,38.218951
4,524,23.894852,38.218871
4,525,23.895591,38.21831
4,526,23.896892,38.21603
4,527,23.897322,38.214228
4,528,23.897322,38.214198
4,529,23.897381,38.213817
4,530,23.898451,38.210628
4,531,23.897311,38.209506
4,532,23.89217,38.208877
4,533,23.88792,38.210368
4,534,23.884321,38.210887
4,535,23.8817,38.213397
4,536,23.882031,38.215168
4,537,23.88143,38.216018
4,538,23.88085,38.217067
4,539,23.880511,38.218429
4,540,23.879961,38.21923
4,541,23.87857,38.22013
4,542,23.87879,38.220111
4,543,23.88009,38.219119
4,544,23.87945,38.218139
4,545,23.87924,38.217731
4,546,23.879221,38.217731
4,547,23.879001,38.217372
4,548,23.878971,38.217513
4,549,23.879162,38.217525
4,550,23.879063,38.217426
