40,1,23.876845,37.984005
40,2,23.877554,37.984645
40,3,23.878063,37.985557
40,4,23.879414,37.985538
40,5,23.881353,37.985477
40,6,23.882174,37.985568
40,7,23.882574,37.98595
40,8,23.882974,37.98725
40,9,23.883045,37.987472
40,10,23.883026,37.987632
40,11,23.881237,37.988403
40,12,23.880636,37.989241
40,13,23.881216,37.989784
40,14,23.881236,37.989814
40,15,23.881365,37.989986
40,16,23.881275,37.990005
40,17,23.881256,37.989944
40,18,23.881016,37.989734
40,19,23.881016,37.989703
40,20,23.880285,37.989001
40,21,23.879185,37.989563
40,22,23.876974,37.990982
40,23,23.874933,37.992492
40,24,23.876074,37.994132
40,25,23.875963,37.996642
40,26,23.876163,37.998641
40,27,23.876013,37.999763
40,28,23.876614,38.001601
40,29,23.876414,38.00199
40,30,23.875753,38.002151
40,31,23.875642,38.002891
40,32,23.875963,38.00378
40,33,23.875963,38.003898
40,34,23.874794,38.004249
40,35,23.872604,38.004989
40,36,23.871704,38.005179
40,37,23.869004,38.005668
40,38,23.866913,38.006037
40,39,23.865113,38.006358
40,40,23.861693,38.00711
40,41,23.858713,38.007541
40,42,23.855873,38.00838
40,43,23.853024,38.009082
40,44,23.850383,38.009543
40,45,23.848894,38.009784
40,46,23.847235,38.010024
40,47,23.844844,38.010406
40,48,23.842245,38.010707
40,49,23.838625,38.011626
40,50,23.834955,38.012976
40,51,23.833636,38.013255
40,52,23.833596,38.013267
40,53,23.831795,38.013648
40,54,23.830524,38.01387
40,55,23.830493,38.01387
40,56,23.829704,38.0139
40,57,23.829235,38.0139
40,58,23.828526,38.0139
40,59,23.828365,38.013912
40,60,23.828245,38.013923
40,61,23.827755,38.013903
40,62,23.827715,38.013934
40,63,23.827256,38.013965
40,64,23.827116,38.013946
40,65,23.826626,38.013885
40,66,23.826505,38.013885
40,67,23.825056,38.013836
40,68,23.824575,38.013824
40,69,23.824375,38.013812
40,70,23.823495,38.013812
40,71,23.823085,38.013812
40,72,23.823036,38.013813
40,73,23.822567,38.013762
40,74,23.821827,38.013713
40,75,23.819218,38.013313
40,76,23.816728,38.012641
40,77,23.815909,38.012321
40,78,23.812819,38.0116
40,79,23.811998,38.011459
40,80,23.811299,38.011318
40,81,23.807857,38.010089
40,82,23.805288,38.008887
40,83,23.804978,38.008769
40,84,23.804468,38.008548
40,85,23.804348,38.00851
40,86,23.804298,38.008491
40,87,23.804219,38.008441
40,88,23.804169,38.00843
40,89,23.803928,38.00833
40,90,23.803818,38.0083
40,91,23.803457,38.00814
40,92,23.803457,38.00814
40,93,23.802807,38.007888
40,94,23.802637,38.007788
40,95,23.802538,38.007709
40,96,23.802248,38.007529
40,97,23.801859,38.007419
40,98,23.801748,38.007449
40,99,23.801477,38.007412
40,100,23.800928,38.007251
40,101,23.800928,38.007202
40,102,23.800778,38.007121
40,103,23.800778,38.00709
40,104,23.800586,38.00703
40,105,23.800476,38.007048
40,106,23.800196,38.007037
40,107,23.800016,38.007038
40,108,23.799877,38.007007
40,109,23.799687,38.006976
40,110,23.799627,38.006977
40,111,23.799448,38.006976
40,112,23.799288,38.006908
40,113,23.799247,38.006839
40,114,23.798967,38.006778
40,115,23.798868,38.006778
40,116,23.798668,38.006767
40,117,23.798578,38.006717
40,118,23.798199,38.006557
40,119,23.79814,38.006557
40,120,23.797499,38.006446
40,121,23.796129,38.005916
40,122,23.79599,38.005855
40,123,23.79598,38.005855
40,124,23.79583,38.005805
40,125,23.795531,38.005634
40,126,23.79516,38.005355
40,127,23.79487,38.005134
40,128,23.794731,38.005042
40,129,23.794651,38.004981
40,130,23.794222,38.00473
40,131,23.794123,38.004649
40,132,23.794003,38.004589
40,133,23.793811,38.004527
40,134,23.793402,38.004268
40,135,23.793272,38.004268
40,136,23.792982,38.004088
40,137,23.792883,38.00389
40,138,23.792543,38.00354
40,139,23.792464,38.003398
40,140,23.792393,38.003329
40,141,23.791923,38.00288
40,142,23.791613,38.002547
40,143,23.790472,38.002139
40,144,23.789932,38.001949
40,145,23.789732,38.001899
40,146,23.789512,38.001788
40,147,23.789062,38.00156
40,148,23.788912,38.001559
40,149,23.788721,38.001571
40,150,23.788511,38.001559
40,151,23.787632,38.001227
40,152,23.786882,38.000838
40,153,23.785492,38.000068
40,154,23.783552,37.998576
40,155,23.783482,37.998557
40,156,23.781761,37.997249
40,157,23.779862,37.99599
40,158,23.779781,37.995959
40,159,23.777441,37.994441
40,160,23.774051,37.992191
40,161,23.770971,37.990531
40,162,23.768002,37.988643
40,163,23.7674,37.988204
40,164,23.766451,37.987464
40,165,23.76581,37.986785
40,166,23.765671,37.986785
40,167,23.765411,37.986625
40,168,23.764201,37.986114
40,169,23.764143,37.986102
40,170,23.764032,37.986103
40,171,23.762852,37.985721
40,172,23.76085,37.98497
40,173,23.760761,37.985007
40,174,23.760372,37.985007
40,175,23.759382,37.984156
40,176,23.757172,37.982738
40,177,23.75443,37.98019
40,178,23.753231,37.979171
40,179,23.752512,37.978591
40,180,23.752472,37.97861
40,181,23.751492,37.977729
40,182,23.748862,37.97599
40,183,23.748001,37.97536
40,184,23.747992,37.97536
40,185,23.746241,37.97417
40,186,23.74383,37.972529
40,187,23.741289,37.970798
40,188,23.73987,37.969947
40,189,23.73962,37.969836
40,190,23.73867,37.969386
40,191,23.73658,37.968116
40,192,23.73447,37.967407
40,193,23.734091,37.967296
40,194,23.731482,37.966606
40,195,23.731432,37.966587
40,196,23.730732,37.965865
40,197,23.729291,37.965397
40,198,23.728712,37.965285
40,199,23.728441,37.965255
40,200,23.728271,37.965186
40,201,23.727911,37.965015
40,202,23.727831,37.964977
40,203,23.727492,37.964736
40,204,23.727062,37.964176
40,205,23.726982,37.964138
40,206,23.726872,37.963996
40,207,23.726702,37.963687
40,208,23.726631,37.963618
40,209,23.7261,37.963218
40,210,23.726131,37.96318
40,211,23.726092,37.963081
40,212,23.725821,37.962749
40,213,23.72578,37.96276
40,214,23.725481,37.962402
40,215,23.72549,37.962371
40,216,23.725161,37.962482
40,217,23.724901,37.96268
40,218,23.723531,37.961669
40,219,23.723091,37.961471
40,220,23.722992,37.961532
40,221,23.722302,37.961082
40,222,23.720231,37.959441
40,223,23.719162,37.958583
40,224,23.718493,37.958064
40,225,23.718332,37.958114
40,226,23.718002,37.957763
40,227,23.717943,37.957763
40,228,23.717792,37.957664
40,229,23.717191,37.957256
40,230,23.716683,37.956847
40,231,23.716643,37.956649
40,232,23.716642,37.95671
40,233,23.716312,37.957061
40,234,23.716353,37.95711
40,235,23.716202,37.957042
40,236,23.716041,37.95711
40,237,23.716042,37.957202
40,238,23.716312,37.956833
40,239,23.716112,37.956581
40,240,23.715082,37.955691
40,241,23.714262,37.955882
40,242,23.713843,37.955993
40,243,23.713302,37.955623
40,244,23.712772,37.955291
40,245,23.712753,37.95515
40,246,23.712443,37.954811
40,247,23.712423,37.95478
40,248,23.712393,37.954638
40,249,23.713824,37.952999
40,250,23.713873,37.953158
40,251,23.714884,37.953807
40,252,23.715414,37.954288
40,253,23.715025,37.95504
40,254,23.715695,37.95573
40,255,23.718664,37.958041
40,256,23.721824,37.96054
40,257,23.724384,37.961681
40,258,23.724604,37.961959
40,259,23.725963,37.963027
40,260,23.728295,37.964927
40,261,23.731114,37.966049
40,262,23.732553,37.966968
40,263,23.732563,37.967079
40,264,23.734414,37.967498
40,265,23.736443,37.968047
40,266,23.738242,37.969047
40,267,23.740892,37.970538
40,268,23.744053,37.972728
40,269,23.747362,37.974979
40,270,23.748744,37.975868
40,271,23.748762,37.975868
40,272,23.750341,37.976935
40,273,23.752802,37.978904
40,274,23.755201,37.981185
40,275,23.758572,37.983627
40,276,23.759121,37.984096
40,277,23.760832,37.985026
40,278,23.761091,37.985095
40,279,23.761122,37.985106
40,280,23.761763,37.985305
40,281,23.761993,37.985424
40,282,23.762123,37.985503
40,283,23.762734,37.985702
40,284,23.762752,37.985702
40,285,23.763233,37.98577
40,286,23.765143,37.9859
40,287,23.767103,37.987941
40,288,23.770483,37.990131
40,289,23.770992,37.990512
40,290,23.774542,37.992191
40,291,23.778362,37.994922
40,292,23.779362,37.995501
40,293,23.781872,37.997111
40,294,23.784492,37.999191
40,295,23.788303,38.001369
40,296,23.791633,38.00251
40,297,23.792913,38.003509
40,298,23.792904,38.003509
40,299,23.794834,38.00494
40,300,23.798384,38.006519
40,301,23.802784,38.007789
40,302,23.805954,38.009109
40,303,23.809535,38.010779
40,304,23.814085,38.011859
40,305,23.818815,38.013068
40,306,23.822704,38.013629
40,307,23.827274,38.013858
40,308,23.831304,38.013607
40,309,23.832414,38.013415
40,310,23.832424,38.013404
40,311,23.834863,38.012916
40,312,23.839304,38.011157
40,313,23.844324,38.010456
40,314,23.849905,38.009555
40,315,23.854386,38.008735
40,316,23.855236,38.007396
40,317,23.855837,38.005977
40,318,23.856337,38.004695
40,319,23.856207,38.003387
40,320,23.859327,38.001697
40,321,23.862667,37.999767
40,322,23.866186,37.998168
40,323,23.869696,37.996158
40,324,23.872465,37.99506
40,325,23.875295,37.992069
40,326,23.878315,37.990058
40,327,23.880264,37.988998
40,328,23.881284,37.989978
40,329,23.881284,37.989967
40,330,23.881315,37.989955
40,331,23.881355,37.990066
40,332,23.881935,37.990496
40,333,23.881864,37.990497
40,334,23.881415,37.990196
40,335,23.881415,37.990196
40,336,23.881334,37.990054
40,337,23.881103,37.989795
40,338,23.880243,37.988963
40,339,23.879343,37.989402
40,340,23.876993,37.990912
40,341,23.874912,37.992473
40,342,23.876082,37.994132
40,343,23.875922,37.996673
40,344,23.874851,37.995864
40,345,23.873001,37.995654
40,346,23.87042,37.996074
40,347,23.87042,37.996074
40,348,23.87034,37.996005
40,349,23.86805,37.997096
40,350,23.864599,37.998946
40,351,23.861109,38.000358
40,352,23.858038,38.002288
40,353,23.858047,38.000987
40,354,23.858346,37.999229
40,355,23.857687,37.997989
40,356,23.857357,37.997378
40,357,23.856827,37.996429
40,358,23.856346,37.995941
40,359,23.854256,37.996219
40,360,23.852115,37.996448
40,361,23.851715,37.996459
40,362,23.851755,37.99647
40,363,23.851535,37.99649
40,364,23.851335,37.996379
40,365,23.851496,37.996368
40,366,23.853485,37.996337
40,367,23.856255,37.995967
40,368,23.856794,37.996429
40,369,23.856824,37.996459
40,370,23.857244,37.99726
40,371,23.857664,37.998061
40,372,23.858383,37.999553
40,373,23.857943,38.001704
40,374,23.857943,38.002315
40,375,23.858603,38.002036
40,376,23.861973,37.999965
40,377,23.865584,37.998416
40,378,23.869164,37.996375
40,379,23.872183,37.995235
40,380,23.874473,37.992583
40,381,23.877843,37.990344
40,382,23.880114,37.989013
40,383,23.880724,37.989524
40,384,23.881285,37.990226
40,385,23.881405,37.990116
40,386,23.881315,37.990066
40,387,23.881235,37.990035
40,388,23.881164,37.990104
40,389,23.880794,37.989562
40,390,23.880794,37.989551
40,391,23.880695,37.98944
40,392,23.880285,37.989001
40,393,23.880285,37.989001
40,394,23.881136,37.988471
40,395,23.883917,37.98733
40,396,23.887786,37.985179
40,397,23.891487,37.982818
40,398,23.895067,37.980449
40,399,23.898718,37.978099
40,400,23.902308,37.975768
40,401,23.904837,37.972609
40,402,23.905577,37.96921
40,403,23.906227,37.966182
40,404,23.906946,37.964561
40,405,23.904297,37.963882
40,406,23.900307,37.96313
40,407,23.897186,37.962131
40,408,23.894556,37.95922
40,409,23.891266,37.95713
40,410,23.888345,37.956538
40,411,23.885696,37.955459
40,412,23.882156,37.953887
40,413,23.878237,37.953487
40,414,23.873586,37.952468
40,415,23.868677,37.95206
40,416,23.864348,37.95161
40,417,23.862347,37.951648
40,418,23.862307,37.951678
40,419,23.861856,37.951709
40,420,23.862807,37.950199
40,421,23.864546,37.94762
40,422,23.868095,37.94504
40,423,23.872005,37.942099
40,424,23.875576,37.93888
40,425,23.879006,37.935599
40,426,23.882366,37.932391
40,427,23.885555,37.92916
40,428,23.883625,37.925952
40,429,23.885845,37.922583
40,430,23.889275,37.922133
40,431,23.891375,37.919303
40,432,23.893795,37.915313
40,433,23.894776,37.911193
40,434,23.894236,37.906635
40,435,23.894717,37.903823
40,436,23.893757,37.902572
40,437,23.890587,37.900443
40,438,23.886368,37.898974
40,439,23.884647,37.898086
40,440,23.883577,37.895087
40,441,23.882748,37.891746
40,442,23.881817,37.891394
40,443,23.881777,37.891384
40,444,23.881558,37.889731
40,445,23.879717,37.887
40,446,23.877867,37.885348
40,447,23.875826,37.883541
40,448,23.873266,37.881519
40,449,23.870056,37.87918
40,450,23.866867,37.876739
40,451,23.863287,37.874598
40,452,23.860536,37.87313
40,453,23.858326,37.871612
40,454,23.857345,37.87091
40,455,23.855265,37.869442
40,456,23.852345,37.86695
40,457,23.849554,37.864429
40,458,23.846434,37.861931
40,459,23.842983,37.860061
40,460,23.839073,37.858032
40,461,23.833572,37.856723
40,462,23.830963,37.854121
40,463,23.830553,37.853233
40,464,23.830352,37.852802
40,465,23.830242,37.852561
40,466,23.830082,37.85221
40,467,23.829952,37.851939
40,468,23.829512,37.85099
40,469,23.829502,37.850971
40,470,23.829283,37.850471
40,471,23.829212,37.850089
40,472,23.828962,37.849548
40,473,23.828783,37.849296
40,474,23.828253,37.848765
40,475,23.827882,37.848475
40,476,23.827882,37.848475
40,477,23.827102,37.847995
40,478,23.825363,37.847113
40,479,23.824034,37.846484
40,480,23.824025,37.846484
40,481,23.822963,37.845973
40,482,23.820984,37.844844
40,483,23.819894,37.844116
40,484,23.819524,37.843856
40,485,23.817914,37.842727
40,486,23.816086,37.841567
40,487,23.814566,37.840667
40,488,23.812496,37.839439
40,489,23.809545,37.837607
40,490,23.806205,37.835505
40,491,23.805255,37.834907
40,492,23.804025,37.834216
40,493,23.802506,37.834335
40,494,23.802326,37.833656
40,495,23.802286,37.833656
40,496,23.802416,37.833205
40,497,23.802706,37.832206
40,498,23.802375,37.830806
40,499,23.801866,37.829208
40,500,23.801087,37.827827
40,501,23.800976,37.827636
40,502,23.800936,37.827606
40,503,23.800775,37.826587
40,504,23.800585,37.825007
40,505,23.800134,37.822929
40,506,23.799604,37.822307
40,507,23.797425,37.822307
40,508,23.795315,37.822345
40,509,23.794344,37.822174
40,510,23.793554,37.822445
40,511,23.793495,37.822352
40,512,23.793476,37.822673
40,513,23.793476,37.823074
40,514,23.793476,37.823165
40,515,23.793457,37.822906
40,516,23.793467,37.822356
40,517,23.793456,37.822475
40,518,23.793577,37.822253
40,519,23.795298,37.822223
40,520,23.797437,37.822223
40,521,23.799888,37.822242
40,522,23.800277,37.823284
40,523,23.800518,37.824954
40,524,23.800798,37.827083
40,525,23.801729,37.829025
40,526,23.80233,37.830905
40,527,23.802789,37.832046
40,528,23.80302,37.832687
40,529,23.803001,37.833156
40,530,23.802961,37.833186
40,531,23.803091,37.833385
40,532,23.804371,37.834216
40,533,23.806421,37.835517
40,534,23.808281,37.836719
40,535,23.808882,37.8371
40,536,23.809841,37.837691
40,537,23.81196,37.839031
40,538,23.81333,37.83985
40,539,23.8144,37.840492
40,540,23.817298,37.842242
40,541,23.819788,37.843974
40,542,23.822668,37.845764
40,543,23.825928,37.847335
40,544,23.828897,37.849376
40,545,23.830047,37.852085
40,546,23.831447,37.855144
40,547,23.835139,37.857154
40,548,23.839468,37.858012
40,549,23.842888,37.859923
40,550,23.846499,37.861904
40,551,23.848629,37.863582
40,552,23.851019,37.86571
40,553,23.854139,37.868579
40,554,23.857589,37.871047
40,555,23.85836,37.871578
40,556,23.85985,37.872638
40,557,23.86289,37.874317
40,558,23.86479,37.875346
40,559,23.8666,37.876495
40,560,23.869419,37.878555
40,561,23.872419,37.880923
40,562,23.87572,37.883414
40,563,23.878759,37.886103
40,564,23.88106,37.888362
40,565,23.88174,37.891112
40,566,23.88297,37.892013
40,567,23.88327,37.893264
40,568,23.884051,37.896396
40,569,23.88483,37.898284
40,570,23.887399,37.899123
40,571,23.89115,37.900604
40,572,23.894101,37.902774
40,573,23.89439,37.903033
40,574,23.894581,37.903213
40,575,23.894581,37.903213
40,576,23.894741,37.903353
40,577,23.894741,37.903353
40,578,23.894361,37.904933
40,579,23.894531,37.909663
40,580,23.894602,37.914084
40,581,23.892101,37.918247
40,582,23.88927,37.922176
40,583,23.884072,37.923576
40,584,23.885311,37.927337
40,585,23.884211,37.930667
40,586,23.8808,37.933906
40,587,23.877069,37.937446
40,588,23.873659,37.940727
40,589,23.870748,37.942977
40,590,23.867149,37.945648
40,591,23.86422,37.947917
40,592,23.863319,37.949355
40,593,23.86322,37.949527
40,594,23.863791,37.950637
40,595,23.86466,37.951495
40,596,23.86731,37.952125
40,597,23.87142,37.952136
40,598,23.875901,37.952987
40,599,23.880621,37.953628
40,600,23.884611,37.954806
40,601,23.888712,37.956638
40,602,23.893571,37.958129
40,603,23.896201,37.961021
40,604,23.899862,37.963111
40,605,23.904414,37.96379
40,606,23.907133,37.964648
40,607,23.906193,37.966728
40,608,23.905683,37.968867
40,609,23.905585,37.970206
40,610,23.905585,37.971199
40,611,23.905585,37.971237
40,612,23.905384,37.971687
40,613,23.903645,37.974617
40,614,23.899944,37.977367
40,615,23.895923,37.979956
40,616,23.892473,37.982207
40,617,23.890753,37.983387
40,618,23.887922,37.985145
40,619,23.883571,37.987555
40,620,23.880291,37.988975
40,621,23.881331,37.990035
40,622,23.88141,37.990127
40,623,23.88132,37.990088
40,624,23.881241,37.989868
40,625,23.881231,37.989867
40,626,23.881081,37.989787
40,627,23.88014,37.989047
40,628,23.8785,37.989997
40,629,23.875909,37.991729
40,630,23.875259,37.993029
40,631,23.87616,37.995132
40,632,23.87553,37.996711
40,633,23.87356,37.995322
40,634,23.8709,37.996303
40,635,23.87018,37.996024
40,636,23.86782,37.997275
40,637,23.864521,37.999026
40,638,23.860932,38.000525
40,639,23.857931,38.002547
40,640,23.857891,38.00465
40,641,23.858051,38.005771
40,642,23.858071,38.00584
40,643,23.858129,38.006061
40,644,23.858149,38.006179
40,645,23.858158,38.00619
40,646,23.858279,38.006599
40,647,23.858288,38.006629
40,648,23.858347,38.006789
40,649,23.858417,38.007018
40,650,23.858417,38.007018
40,651,23.858926,38.007388
40,652,23.860095,38.007259
40,653,23.860376,38.007228
40,654,23.860676,38.008006
40,655,23.860947,38.009445
40,656,23.861137,38.011065
40,657,23.860487,38.012477
40,658,23.860207,38.012649
40,659,23.860086,38.013328
40,660,23.858467,38.013568
40,661,23.857857,38.014037
40,662,23.857857,38.014068
40,663,23.857847,38.014217
40,664,23.858088,38.015838
40,665,23.857037,38.016677
40,666,23.854227,38.017306
40,667,23.854427,38.018356
40,668,23.854877,38.019847
40,669,23.855368,38.021446
40,670,23.855679,38.023227
40,671,23.856009,38.024535
40,672,23.854578,38.024788
40,673,23.851809,38.025706
40,674,23.850908,38.026027
40,675,23.850637,38.026126
40,676,23.850628,38.026137
40,677,23.849278,38.026546
40,678,23.846638,38.027717
40,679,23.844438,38.028945
40,680,23.843359,38.027366
40,681,23.842258,38.027514
40,682,23.842338,38.027434
40,683,23.842068,38.027526
40,684,23.840557,38.028174
40,685,23.839018,38.028125
40,686,23.838678,38.027614
40,687,23.839138,38.027404
40,688,23.841938,38.026122
40,689,23.843218,38.026401
40,690,23.846597,38.025302
40,691,23.849098,38.024901
40,692,23.849098,38.024901
40,693,23.849059,38.024581
40,694,23.847708,38.022033
40,695,23.846049,38.019484
40,696,23.844708,38.016875
40,697,23.843757,38.014316
40,698,23.843527,38.012824
40,699,23.843517,38.012275
40,700,23.843508,38.012275
40,701,23.843638,38.011546
40,702,23.843736,38.010856
40,703,23.843736,38.010844
40,704,23.844696,38.010444
40,705,23.848886,38.009753
40,706,23.852855,38.009105
40,707,23.854906,38.008045
40,708,23.855035,38.006255
40,709,23.855887,38.005305
40,710,23.856256,38.003944
40,711,23.857447,38.002754
40,712,23.859797,38.001365
40,713,23.863586,37.999424
40,714,23.867206,37.997622
40,715,23.871107,37.995761
40,716,23.874287,37.992762
40,717,23.877687,37.990493
40,718,23.879717,37.989241
40,719,23.880146,37.989013
40,720,23.880776,37.989554
40,721,23.881216,37.989944
40,722,23.881275,37.989955
40,723,23.881306,37.990047
40,724,23.881235,37.990047
40,725,23.881176,37.989806
40,726,23.881166,37.989818
40,727,23.880386,37.989089
40,728,23.879356,37.989471
40,729,23.876966,37.991001
40,730,23.874965,37.99255
40,731,23.876147,37.994251
40,732,23.875976,37.996612
40,733,23.876287,37.998553
40,734,23.875867,37.999195
40,735,23.876439,38.000804
40,736,23.876719,38.002074
40,737,23.875599,38.002185
40,738,23.875719,38.002887
40,739,23.875938,38.003566
40,740,23.875069,38.004005
40,741,23.873499,38.004615
40,742,23.871929,38.005374
40,743,23.871929,38.007563
40,744,23.870949,38.009933
40,745,23.871349,38.012584
40,746,23.87176,38.015243
40,747,23.87195,38.016532
40,748,23.87218,38.017551
40,749,23.86976,38.017883
40,750,23.86787,38.017653
40,751,23.866649,38.016353
40,752,23.86541,38.017451
