42,1,23.841082,38.130973
42,2,23.841063,38.130912
42,3,23.840973,38.131213
42,4,23.840973,38.131213
42,5,23.840662,38.131702
42,6,23.839863,38.131873
42,7,23.839483,38.131332
42,8,23.838173,38.128692
42,9,23.836443,38.125072
42,10,23.834083,38.121891
42,11,23.831373,38.119109
42,12,23.829693,38.118358
42,13,23.828323,38.116816
42,14,23.826283,38.114818
42,15,23.824571,38.113986
42,16,23.823742,38.112548
42,17,23.821882,38.110419
42,18,23.818123,38.106788
42,19,23.813003,38.103499
42,20,23.807123,38.101169
42,21,23.801474,38.098949
42,22,23.795953,38.096771
42,23,23.792584,38.093719
42,24,23.791153,38.091998
42,25,23.789393,38.091388
42,26,23.786592,38.091166
42,27,23.783283,38.091136
42,28,23.782494,38.091545
42,29,23.781954,38.091743
42,30,23.781165,38.091781
42,31,23.780205,38.091639
42,32,23.779465,38.091491
42,33,23.778614,38.091232
42,34,23.777855,38.091021
42,35,23.776954,38.09106
42,36,23.776384,38.091281
42,37,23.776134,38.091411
42,38,23.775154,38.092163
42,39,23.775154,38.092163
42,40,23.774254,38.092593
42,41,23.772194,38.092612
42,42,23.769714,38.092303
42,43,23.768443,38.092132
42,44,23.765915,38.0918
42,45,23.762396,38.091338
42,46,23.759845,38.090617
42,47,23.759096,38.090308
42,48,23.758606,38.090079
42,49,23.758606,38.090068
42,50,23.757656,38.090518
42,51,23.755365,38.092158
42,52,23.752405,38.09431
42,53,23.749917,38.096111
42,54,23.747397,38.09793
42,55,23.744516,38.100032
42,56,23.741987,38.101852
42,57,23.741188,38.102393
42,58,23.738459,38.102375
42,59,23.736719,38.102492
42,60,23.73605,38.103622
42,61,23.735059,38.10469
42,62,23.73441,38.105208
42,63,23.733478,38.104808
42,64,23.733247,38.103988
42,65,23.733177,38.103938
42,66,23.733097,38.103888
42,67,23.733078,38.103908
42,68,23.733208,38.103919
42,69,23.733488,38.10522
42,70,23.734958,38.10464
42,71,23.735159,38.10427
42,72,23.735168,38.104259
42,73,23.736019,38.10369
42,74,23.736978,38.102359
42,75,23.739548,38.102397
42,76,23.741247,38.102279
42,77,23.743088,38.100947
42,78,23.746288,38.098628
42,79,23.749649,38.096187
42,80,23.752138,38.094695
42,81,23.753279,38.096397
42,82,23.755138,38.098975
42,83,23.756748,38.101207
42,84,23.758688,38.104198
42,85,23.760628,38.107597
42,86,23.760898,38.111407
42,87,23.762079,38.112056
42,88,23.76298,38.112308
42,89,23.763899,38.111617
42,90,23.764768,38.111617
42,91,23.764828,38.111789
42,92,23.764757,38.111839
42,93,23.764757,38.111839
42,94,23.763937,38.111789
42,95,23.763616,38.111869
42,96,23.763237,38.1123
42,97,23.762478,38.111991
42,98,23.762478,38.110942
42,99,23.762999,38.109161
42,100,23.763529,38.10712
42,101,23.76442,38.106498
42,102,23.765199,38.106967
42,103,23.766069,38.107536
42,104,23.767648,38.107696
42,105,23.768077,38.108707
42,106,23.768497,38.108767
42,107,23.768537,38.108767
42,108,23.768657,38.108649
42,109,23.768649,38.108821
42,110,23.768247,38.10873
42,111,23.767948,38.10789
42,112,23.766628,38.107951
42,113,23.765977,38.106952
42,114,23.765019,38.107062
42,115,23.764528,38.106704
42,116,23.763798,38.106475
42,117,23.763718,38.105834
42,118,23.762067,38.105563
42,119,23.759637,38.105342
42,120,23.758848,38.104361
42,121,23.757128,38.101672
42,122,23.755318,38.099174
42,123,23.753797,38.096984
42,124,23.752228,38.094645
42,125,23.751527,38.094996
42,126,23.749329,38.096557
42,127,23.746569,38.098537
42,128,23.743449,38.100795
42,129,23.741688,38.102054
42,130,23.739307,38.102386
42,131,23.736726,38.102317
42,132,23.736205,38.103519
42,133,23.735056,38.104499
42,134,23.733946,38.105189
42,135,23.733205,38.10366
42,136,23.733116,38.103759
42,137,23.733006,38.1039
42,138,23.733196,38.103961
42,139,23.733427,38.105091
42,140,23.734647,38.10511
42,141,23.735948,38.103721
42,142,23.736929,38.102389
42,143,23.740209,38.102451
42,144,23.741379,38.102199
42,145,23.742097,38.101699
42,146,23.745197,38.099459
42,147,23.748377,38.09716
42,148,23.750917,38.095298
42,149,23.752147,38.094829
42,150,23.752987,38.096068
42,151,23.754316,38.09793
42,152,23.755596,38.099899
42,153,23.756766,38.101417
42,154,23.758165,38.103618
42,155,23.759334,38.105296
42,156,23.760475,38.105437
42,157,23.762196,38.105635
42,158,23.763565,38.105864
42,159,23.763676,38.106204
42,160,23.763866,38.106563
42,161,23.764427,38.106913
42,162,23.765768,38.107024
42,163,23.766227,38.107974
42,164,23.767726,38.107875
42,165,23.767957,38.108775
42,166,23.768448,38.108844
42,167,23.768488,38.108813
42,168,23.768587,38.108752
42,169,23.768606,38.108653
42,170,23.768596,38.108813
42,171,23.768566,38.108813
42,172,23.768446,38.108703
42,173,23.768215,38.108703
42,174,23.768215,38.108703
42,175,23.767854,38.108241
42,176,23.767614,38.107711
42,177,23.766545,38.10789
42,178,23.766045,38.107219
42,179,23.765514,38.106948
42,180,23.764555,38.106818
42,181,23.763895,38.106487
42,182,23.763796,38.105998
42,183,23.763737,38.10635
42,184,23.763776,38.10617
42,185,23.763478,38.105681
42,186,23.761047,38.10541
42,187,23.759406,38.105151
42,188,23.757856,38.102881
42,189,23.755877,38.100143
42,190,23.754317,38.097743
42,191,23.751896,38.096793
42,192,23.750576,38.095744
42,193,23.749926,38.096083
42,194,23.747785,38.097644
42,195,23.744886,38.099746
42,196,23.742076,38.101787
42,197,23.741186,38.102397
42,198,23.737806,38.102348
42,199,23.736557,38.102866
42,200,23.735446,38.103965
42,201,23.734427,38.105216
42,202,23.733437,38.104636
42,203,23.733245,38.103637
42,204,23.733116,38.103835
42,205,23.733046,38.103885
42,206,23.733055,38.103953
42,207,23.733314,38.105323
42,208,23.734575,38.105152
42,209,23.735744,38.10374
42,210,23.736645,38.102408
42,211,23.738784,38.10252
42,212,23.741295,38.10226
42,213,23.741905,38.101829
42,214,23.745205,38.09943
42,215,23.747684,38.09761
42,216,23.750195,38.095779
42,217,23.750845,38.09637
42,218,23.752735,38.09711
42,219,23.754076,38.097701
42,220,23.755165,38.099219
42,221,23.756815,38.101451
42,222,23.758776,38.104461
42,223,23.760366,38.105373
42,224,23.763027,38.105643
42,225,23.763686,38.106044
42,226,23.764088,38.106505
42,227,23.764778,38.107017
42,228,23.765959,38.107078
42,229,23.766739,38.107898
42,230,23.767789,38.108188
42,231,23.76845,38.108779
42,232,23.768509,38.108638
42,233,23.76854,38.108627
42,234,23.768558,38.108825
42,235,23.768598,38.108836
42,236,23.768139,38.108757
42,237,23.767889,38.107997
42,238,23.76717,38.107917
42,239,23.76717,38.107906
42,240,23.766559,38.107936
42,241,23.766038,38.107135
42,242,23.765099,38.107035
42,243,23.764448,38.106536
42,244,23.763818,38.106154
42,245,23.763379,38.105693
42,246,23.760637,38.105392
42,247,23.759478,38.105262
42,248,23.758247,38.103453
42,249,23.756397,38.100745
42,250,23.754778,38.098365
42,251,23.753158,38.096026
42,252,23.751938,38.094718
42,253,23.749848,38.096187
42,254,23.747038,38.098209
42,255,23.743978,38.100418
42,256,23.741898,38.101916
42,257,23.741348,38.102305
42,258,23.738548,38.102367
42,259,23.736668,38.102446
42,260,23.735977,38.103607
42,261,23.734997,38.104625
42,262,23.733976,38.105216
42,263,23.733286,38.103946
42,264,23.733166,38.103725
42,265,23.733095,38.103724
42,266,23.733015,38.103824
42,267,23.733015,38.103854
42,268,23.733126,38.103835
42,269,23.733126,38.103835
42,270,23.733236,38.104244
42,271,23.733508,38.105205
42,272,23.734836,38.104656
42,273,23.736116,38.103373
42,274,23.737575,38.102332
42,275,23.740986,38.102394
42,276,23.741415,38.102134
42,277,23.742485,38.101382
42,278,23.745565,38.099143
42,279,23.748436,38.097064
42,280,23.751165,38.095073
42,281,23.752426,38.095164
42,282,23.753925,38.097304
42,283,23.755596,38.099754
42,284,23.757126,38.101825
42,285,23.758816,38.104396
42,286,23.760366,38.105315
42,287,23.763346,38.105636
42,288,23.763697,38.106345
42,289,23.764786,38.106463
42,290,23.765865,38.106425
42,291,23.766016,38.107394
42,292,23.766935,38.107833
42,293,23.767826,38.108085
42,294,23.768256,38.108634
42,295,23.768764,38.109123
42,296,23.768644,38.109283
42,297,23.768774,38.108913
42,298,23.768503,38.108722
42,299,23.768454,38.108802
42,300,23.768503,38.108802
42,301,23.768513,38.108802
42,302,23.768463,38.108592
42,303,23.767834,38.108211
42,304,23.767834,38.10786
42,305,23.767834,38.10786
42,306,23.767834,38.107799
42,307,23.766704,38.10789
42,308,23.766014,38.10699
42,309,23.765314,38.106441
42,310,23.764054,38.106479
42,311,23.763743,38.105887
42,312,23.762872,38.105578
42,313,23.760323,38.1053
42,314,23.759243,38.10485
42,315,23.757423,38.102329
42,316,23.756054,38.100287
42,317,23.754873,38.098517
42,318,23.753334,38.096339
42,319,23.752104,38.094532
42,320,23.753714,38.09325
42,321,23.756063,38.091518
42,322,23.756873,38.090918
42,323,23.757494,38.090457
42,324,23.758203,38.089938
42,325,23.760362,38.088439
42,326,23.761812,38.087291
42,327,23.763462,38.08525
42,328,23.763022,38.082339
42,329,23.762981,38.082149
42,330,23.762923,38.081951
42,331,23.762903,38.081851
42,332,23.762632,38.081073
42,333,23.762533,38.080772
42,334,23.762302,38.080131
42,335,23.761981,38.07928
42,336,23.761711,38.078551
42,337,23.761391,38.077453
42,338,23.761421,38.076644
42,339,23.761141,38.074843
42,340,23.759879,38.073165
42,341,23.759951,38.071537
42,342,23.759981,38.069656
42,343,23.759882,38.067245
42,344,23.759672,38.065734
42,345,23.758753,38.064594
42,346,23.758164,38.063823
42,347,23.758093,38.063762
42,348,23.757042,38.061961
42,349,23.756332,38.059661
42,350,23.755423,38.058361
42,351,23.753813,38.05614
42,352,23.752604,38.054358
42,353,23.751524,38.052108
42,354,23.751875,38.05088
42,355,23.751465,38.050472
42,356,23.751064,38.049651
42,357,23.752384,38.048992
42,358,23.754783,38.048133
42,359,23.755163,38.047912
42,360,23.756473,38.04721
42,361,23.757023,38.04684
42,362,23.757424,38.046569
42,363,23.757673,38.046291
42,364,23.757713,38.046291
42,365,23.758552,38.045379
42,366,23.759203,38.044387
42,367,23.760203,38.042957
42,368,23.761064,38.042308
42,369,23.762255,38.041976
42,370,23.763114,38.041915
42,371,23.763355,38.041877
42,372,23.763435,38.041785
42,373,23.763006,38.041686
42,374,23.762395,38.041187
42,375,23.762356,38.041347
42,376,23.762945,38.041847
42,377,23.762714,38.041988
42,378,23.760765,38.042579
42,379,23.758995,38.044948
42,380,23.758505,38.045577
42,381,23.757943,38.046188
42,382,23.756424,38.047286
42,383,23.754204,38.048304
42,384,23.752424,38.049006
42,385,23.750754,38.049736
42,386,23.751303,38.050476
42,387,23.750372,38.050727
42,388,23.750353,38.050715
42,389,23.750072,38.050716
42,390,23.748642,38.050567
42,391,23.745432,38.049468
42,392,23.743313,38.049899
42,393,23.743133,38.050098
42,394,23.745143,38.053149
42,395,23.747144,38.05802
42,396,23.750284,38.063053
42,397,23.755064,38.066653
42,398,23.760994,38.069103
42,399,23.768034,38.071884
42,400,23.774994,38.074672
42,401,23.781103,38.078502
42,402,23.785214,38.083693
42,403,23.789093,38.088774
42,404,23.791174,38.091506
42,405,23.794415,38.095496
42,406,23.800564,38.098396
42,407,23.807243,38.101005
42,408,23.813543,38.103294
42,409,23.815024,38.103854
42,410,23.814863,38.104632
42,411,23.816703,38.105803
42,412,23.819764,38.108554
42,413,23.822893,38.111625
42,414,23.825274,38.114074
42,415,23.828274,38.116794
42,416,23.830784,38.118663
42,417,23.832744,38.120662
42,418,23.836106,38.124541
42,419,23.837675,38.127631
42,420,23.839525,38.131431
42,421,23.840625,38.131572
42,422,23.840755,38.131301
42,423,23.840875,38.131152
42,424,23.840875,38.131122
42,425,23.840996,38.131061
42,426,23.841095,38.130919
42,427,23.841064,38.130908
42,428,23.841025,38.131129
42,429,23.841005,38.131168
42,430,23.840626,38.131759
42,431,23.840607,38.131789
42,432,23.839956,38.131888
42,433,23.840345,38.133037
42,434,23.841536,38.135368
42,435,23.842796,38.137649
42,436,23.845325,38.138579
42,437,23.845396,38.138778
42,438,23.845656,38.139377
42,439,23.847986,38.139457
42,440,23.851206,38.139525
42,441,23.854135,38.138965
42,442,23.856016,38.136917
42,443,23.856626,38.136195
42,444,23.857176,38.135566
42,445,23.858665,38.133926
42,446,23.859406,38.132045
42,447,23.857445,38.129416
42,448,23.856446,38.126277
42,449,23.856544,38.123816
42,450,23.858034,38.122516
42,451,23.858324,38.121596
42,452,23.857873,38.120197
42,453,23.854963,38.117286
42,454,23.851324,38.115005
42,455,23.850695,38.114215
42,456,23.852255,38.113494
42,457,23.854514,38.111762
42,458,23.858194,38.110324
42,459,23.860775,38.108623
42,460,23.862465,38.107692
42,461,23.864485,38.106601
42,462,23.867315,38.105689
42,463,23.870615,38.104949
42,464,23.871084,38.105109
42,465,23.871224,38.105159
42,466,23.873394,38.106078
42,467,23.874254,38.106509
42,468,23.875214,38.106971
42,469,23.876113,38.107322
42,470,23.877283,38.107623
42,471,23.878042,38.108104
42,472,23.877691,38.109332
42,473,23.877461,38.11072
42,474,23.87737,38.11082
42,475,23.877451,38.110881
42,476,23.877469,38.110862
42,477,23.877529,38.111404
42,478,23.877529,38.111083
42,479,23.877529,38.111083
42,480,23.877649,38.110355
42,481,23.877949,38.109134
42,482,23.878189,38.108012
42,483,23.875059,38.107074
42,484,23.870809,38.104933
42,485,23.868269,38.105445
42,486,23.865198,38.106346
42,487,23.861618,38.108127
42,488,23.857828,38.110519
42,489,23.853468,38.112597
42,490,23.850858,38.114116
42,491,23.85121,38.114707
42,492,23.855369,38.117457
42,493,23.858139,38.120177
42,494,23.857369,38.122878
42,495,23.856739,38.1268
42,496,23.858579,38.130481
42,497,23.859689,38.132442
42,498,23.85968,38.132782
42,499,23.857719,38.135081
42,500,23.85635,38.136622
42,501,23.856199,38.136931
42,502,23.8561,38.136962
42,503,23.85511,38.137882
42,504,23.85232,38.139522
42,505,23.84799,38.139453
42,506,23.84626,38.139415
42,507,23.845841,38.139404
42,508,23.84583,38.139404
42,509,23.843961,38.138202
42,510,23.841162,38.134711
42,511,23.840261,38.13185
42,512,23.840711,38.131469
42,513,23.840731,38.131458
42,514,23.840949,38.131098
42,515,23.840949,38.131098
42,516,23.84099,38.130989
42,517,23.84107,38.130927
42,518,23.841071,38.130939
42,519,23.841141,38.131068
42,520,23.841091,38.131148
42,521,23.841061,38.13116
42,522,23.840851,38.1314
42,523,23.840351,38.131862
42,524,23.83917,38.130752
42,525,23.837301,38.126841
42,526,23.835211,38.123092
42,527,23.83107,38.118781
42,528,23.82958,38.116821
42,529,23.831649,38.118499
42,530,23.833439,38.118259
42,531,23.834758,38.11785
42,532,23.836199,38.116359
42,533,23.836899,38.115619
42,534,23.837768,38.114658
42,535,23.838598,38.113727
42,536,23.839658,38.112586
42,537,23.840688,38.111496
42,538,23.841238,38.110454
42,539,23.841639,38.110393
42,540,23.843448,38.111274
42,541,23.846668,38.113585
42,542,23.850199,38.114276
42,543,23.852298,38.113395
42,544,23.85471,38.111625
42,545,23.8585,38.110145
42,546,23.861029,38.108394
42,547,23.863239,38.107253
42,548,23.865699,38.106144
42,549,23.86912,38.105083
42,550,23.872459,38.105754
42,551,23.874269,38.106666
42,552,23.875129,38.107055
42,553,23.87607,38.107463
42,554,23.877189,38.107814
42,555,23.878229,38.108153
42,556,23.877828,38.109164
42,557,23.877498,38.110683
42,558,23.877387,38.110801
42,559,23.877428,38.11092
42,560,23.877508,38.11114
42,561,23.877568,38.1114
42,562,23.877568,38.11146
42,563,23.877568,38.111411
42,564,23.877508,38.111122
42,565,23.877508,38.111103
42,566,23.877588,38.110621
42,567,23.877989,38.109283
42,568,23.877959,38.108134
42,569,23.876018,38.107543
42,570,23.87403,38.106551
42,571,23.871279,38.105182
42,572,23.868179,38.105541
42,573,23.865059,38.10646
42,574,23.862228,38.107879
42,575,23.859598,38.10958
42,576,23.856348,38.111071
42,577,23.853148,38.112922
42,578,23.851467,38.113952
42,579,23.850678,38.114341
42,580,23.850597,38.114451
42,581,23.847816,38.113933
42,582,23.844206,38.111621
42,583,23.842006,38.11074
42,584,23.840387,38.11214
42,585,23.838997,38.11362
42,586,23.837227,38.115501
42,587,23.835867,38.11698
42,588,23.834657,38.118251
42,589,23.832308,38.1183
42,590,23.830917,38.11785
42,591,23.829598,38.116741
42,592,23.830409,38.11785
42,593,23.833048,38.120662
42,594,23.835727,38.123412
42,595,23.837587,38.127231
42,596,23.839548,38.131332
42,597,23.840708,38.1314
42,598,23.840847,38.13127
42,599,23.840917,38.131179
42,600,23.841069,38.130878
42,601,23.840808,38.130896
42,602,23.840868,38.130859
42,603,23.841047,38.130908
42,604,23.841047,38.130908
42,605,23.841137,38.130897
42,606,23.841155,38.130817
42,607,23.841155,38.130767
42,608,23.841026,38.130908
42,609,23.841036,38.131107
42,610,23.840835,38.131038
42,611,23.840875,38.131019
42,612,23.840876,38.131389
42,613,23.840966,38.13095
