43,1,23.841168,38.130873
43,2,23.841047,38.130924
43,3,23.841077,38.131064
43,4,23.840717,38.131533
43,5,23.840687,38.131724
43,6,23.840607,38.131805
43,7,23.839827,38.132114
43,8,23.840536,38.133475
43,9,23.841716,38.135837
43,10,23.842966,38.137878
43,11,23.845386,38.138919
43,12,23.845436,38.13927
43,13,23.845446,38.139282
43,14,23.845386,38.139442
43,15,23.843626,38.139762
43,16,23.840807,38.140613
43,17,23.838766,38.140724
43,18,23.836996,38.141056
43,19,23.835606,38.140777
43,20,23.833855,38.140166
43,21,23.832275,38.139575
43,22,23.830666,38.140197
43,23,23.831195,38.140788
43,24,23.830836,38.14141
43,25,23.829845,38.14226
43,26,23.829074,38.143081
43,27,23.828896,38.143332
43,28,23.828855,38.143523
43,29,23.828926,38.143424
43,30,23.829516,38.142745
43,31,23.830965,38.141334
43,32,23.831844,38.140926
43,33,23.833145,38.139655
43,34,23.835396,38.140705
43,35,23.837356,38.140834
43,36,23.841446,38.140594
43,37,23.845136,38.139423
43,38,23.842737,38.137813
43,39,23.840248,38.133102
43,40,23.840618,38.131663
43,41,23.840908,38.131233
43,42,23.840849,38.130893
43,43,23.840919,38.130843
43,44,23.840969,38.130843
43,45,23.840969,38.131144
43,46,23.840988,38.131107
43,47,23.840908,38.131015
43,48,23.841077,38.131003
43,49,23.841097,38.130954
43,50,23.841016,38.131206
43,51,23.841007,38.131206
43,52,23.840647,38.131705
43,53,23.839667,38.131766
43,54,23.838516,38.129467
43,55,23.836576,38.125465
43,56,23.833687,38.121555
43,57,23.830048,38.117854
43,58,23.829397,38.116725
43,59,23.829046,38.115547
43,60,23.828536,38.114436
43,61,23.828158,38.114028
43,62,23.827797,38.11362
43,63,23.826227,38.111389
43,64,23.825938,38.10971
43,65,23.825996,38.107699
43,66,23.826147,38.105109
43,67,23.826458,38.10342
43,68,23.827867,38.102149
43,69,23.827417,38.101508
43,70,23.825046,38.09943
43,71,23.824827,38.099029
43,72,23.824097,38.09677
43,73,23.822626,38.093562
43,74,23.821646,38.092002
43,75,23.821386,38.091632
43,76,23.821137,38.091373
43,77,23.820856,38.091143
43,78,23.820045,38.090423
43,79,23.819416,38.089763
43,80,23.818886,38.089381
43,81,23.818305,38.08895
43,82,23.817375,38.087859
43,83,23.816655,38.085231
43,84,23.815265,38.08258
43,85,23.814245,38.079669
43,86,23.812645,38.077277
43,87,23.812115,38.075927
43,88,23.812235,38.075118
43,89,23.812444,38.073589
43,90,23.811214,38.071788
43,91,23.811064,38.068797
43,92,23.809723,38.066008
43,93,23.809464,38.064917
43,94,23.809113,38.062659
43,95,23.808703,38.059939
43,96,23.809193,38.057418
43,97,23.811823,38.055308
43,98,23.811332,38.054179
43,99,23.810482,38.05244
43,100,23.808352,38.049469
43,101,23.80696,38.045798
43,102,23.80425,38.043228
43,103,23.80335,38.041556
43,104,23.8053,38.041095
43,105,23.80741,38.040077
43,106,23.80741,38.040065
43,107,23.80831,38.039664
43,108,23.80895,38.041553
43,109,23.809231,38.044124
43,110,23.809261,38.044624
43,111,23.810321,38.044532
43,112,23.812841,38.0437
43,113,23.815781,38.042049
43,114,23.81806,38.040378
43,115,23.819349,38.040267
43,116,23.81962,38.041297
43,117,23.82192,38.041125
43,118,23.82304,38.041125
43,119,23.824221,38.041675
43,120,23.824831,38.041934
43,121,23.82485,38.041945
43,122,23.82522,38.042205
43,123,23.82476,38.042316
43,124,23.82482,38.042254
43,125,23.824959,38.042113
43,126,23.82247,38.042163
43,127,23.819519,38.042434
43,128,23.818948,38.045093
43,129,23.817089,38.047744
43,130,23.815458,38.049366
43,131,23.813368,38.049846
43,132,23.811249,38.050407
43,133,23.810108,38.050758
43,134,23.809867,38.050887
43,135,23.810417,38.052177
43,136,23.810528,38.052417
43,137,23.810928,38.053275
43,138,23.811779,38.055065
43,139,23.809028,38.057425
43,140,23.809029,38.061275
43,141,23.809288,38.063075
43,142,23.809618,38.065147
43,143,23.810648,38.067298
43,144,23.811018,38.069049
43,145,23.811058,38.07051
43,146,23.811808,38.072459
43,147,23.812368,38.073989
43,148,23.812048,38.07603
43,149,23.813168,38.077972
43,150,23.814257,38.080161
43,151,23.815087,38.082412
43,152,23.816387,38.084792
43,153,23.816378,38.08631
43,154,23.816838,38.087142
43,155,23.817556,38.088172
43,156,23.818087,38.088733
43,157,23.818897,38.089195
43,158,23.819606,38.089946
43,159,23.819826,38.090175
43,160,23.820677,38.090866
43,161,23.821617,38.091827
43,162,23.823637,38.095366
43,163,23.824447,38.097995
43,164,23.825397,38.099593
43,165,23.827867,38.101714
43,166,23.826157,38.103305
43,167,23.825997,38.104976
43,168,23.825857,38.107207
43,169,23.825837,38.109599
43,170,23.826118,38.11103
43,171,23.828209,38.11386
43,172,23.828959,38.115909
43,173,23.829798,38.117408
43,174,23.833837,38.121528
43,175,23.836989,38.126098
43,176,23.839119,38.130607
43,177,23.840629,38.131415
43,178,23.840941,38.130816
43,179,23.840851,38.130778
43,180,23.84087,38.13079
43,181,23.84086,38.130851
43,182,23.840851,38.13084
43,183,23.84082,38.130877
43,184,23.840761,38.13126
43,185,23.840801,38.131248
43,186,23.840801,38.131217
43,187,23.840771,38.131388
43,188,23.840891,38.131259
43,189,23.8411,38.130958
43,190,23.841091,38.130989
43,191,23.841011,38.131217
43,192,23.840951,38.131248
43,193,23.840933,38.131259
43,194,23.840713,38.131538
43,195,23.840713,38.131557
43,196,23.839983,38.131915
43,197,23.840223,38.132815
43,198,23.841334,38.134955
43,199,23.842474,38.137195
43,200,23.844555,38.138194
43,201,23.845384,38.138873
43,202,23.845415,38.138991
43,203,23.845415,38.139003
43,204,23.845514,38.139521
43,205,23.844515,38.140723
43,206,23.845565,38.142161
43,207,23.847496,38.14445
43,208,23.849975,38.14709
43,209,23.852906,38.150088
43,210,23.855285,38.1529
43,211,23.855807,38.156001
43,212,23.856176,38.159503
43,213,23.856367,38.162605
43,214,23.856608,38.166053
43,215,23.856127,38.169974
43,216,23.855106,38.174193
43,217,23.854786,38.177584
43,218,23.853355,38.181384
43,219,23.852646,38.184783
43,220,23.854105,38.185553
43,221,23.854494,38.188945
43,222,23.853844,38.193053
43,223,23.852933,38.197104
43,224,23.855265,38.199546
43,225,23.857265,38.202167
43,226,23.858826,38.203776
43,227,23.862126,38.205558
43,228,23.863966,38.207038
43,229,23.864135,38.208858
43,230,23.864845,38.210658
43,231,23.865355,38.21109
43,232,23.866634,38.21181
43,233,23.867064,38.213328
43,234,23.867122,38.214007
43,235,23.867323,38.214518
43,236,23.867684,38.215488
43,237,23.867664,38.215679
43,238,23.868025,38.21556
43,239,23.867904,38.215591
43,240,23.868185,38.2163
43,241,23.868204,38.216338
43,242,23.868094,38.216197
43,243,23.867604,38.214968
43,244,23.866743,38.212478
43,245,23.864982,38.210978
43,246,23.864011,38.207347
43,247,23.862532,38.205688
43,248,23.858011,38.203338
43,249,23.857511,38.201449
43,250,23.853953,38.199058
43,251,23.853583,38.193897
43,252,23.854492,38.189178
43,253,23.854091,38.185107
43,254,23.852911,38.183375
43,255,23.853891,38.179015
43,256,23.855041,38.174815
43,257,23.85576,38.170795
43,258,23.85658,38.166534
43,259,23.85638,38.162735
43,260,23.856019,38.159232
43,261,23.85578,38.15552
43,262,23.85504,38.15235
43,263,23.85203,38.149249
43,264,23.848949,38.145999
43,265,23.84594,38.142749
43,266,23.844879,38.140159
43,267,23.845419,38.139678
43,268,23.845419,38.139647
43,269,23.843239,38.138068
43,270,23.840799,38.133929
43,271,23.84058,38.131858
43,272,23.84113,38.131038
43,273,23.840969,38.130878
43,274,23.84095,38.13084
43,275,23.84087,38.130859
43,276,23.84087,38.130797
43,277,23.84087,38.130797
43,278,23.8407,38.131168
43,279,23.84064,38.131488
43,280,23.840601,38.131488
43,281,23.840301,38.13171
