45,1,23.84094,38.131183
45,2,23.840841,38.131243
45,3,23.840721,38.131244
45,4,23.840681,38.131405
45,5,23.839831,38.131835
45,6,23.83881,38.130115
45,7,23.836991,38.126205
45,8,23.83433,38.122134
45,9,23.830811,38.118495
45,10,23.82806,38.115843
45,11,23.825139,38.112944
45,12,23.821591,38.109584
45,13,23.81802,38.106143
45,14,23.81655,38.102942
45,15,23.816189,38.102672
45,16,23.815699,38.102531
45,17,23.813948,38.10197
45,18,23.811947,38.100169
45,19,23.810457,38.098048
45,20,23.809628,38.09526
45,21,23.808976,38.092319
45,22,23.809217,38.089797
45,23,23.809347,38.088878
45,24,23.809427,38.088409
45,25,23.810377,38.087947
45,26,23.812588,38.088366
45,27,23.813988,38.088558
45,28,23.814487,38.088607
45,29,23.814507,38.088607
45,30,23.815046,38.088668
45,31,23.815536,38.088569
45,32,23.815737,38.088519
45,33,23.816107,38.088421
45,34,23.816667,38.088248
45,35,23.816787,38.088237
45,36,23.817019,38.088169
45,37,23.817139,38.088108
45,38,23.817158,38.088137
45,39,23.817778,38.087908
45,40,23.818696,38.086207
45,41,23.818986,38.082907
45,42,23.820048,38.079288
45,43,23.820547,38.077796
45,44,23.820787,38.077166
45,45,23.820917,38.076656
45,46,23.821016,38.075954
45,47,23.821056,38.075374
45,48,23.820986,38.074554
45,49,23.820745,38.072395
45,50,23.820945,38.069244
45,51,23.820915,38.066863
45,52,23.821805,38.066753
45,53,23.823465,38.066684
45,54,23.825556,38.066463
45,55,23.826275,38.065433
45,56,23.827774,38.064224
45,57,23.831203,38.062873
45,58,23.832963,38.061984
45,59,23.833423,38.061733
45,60,23.834053,38.061431
45,61,23.834803,38.06108
45,62,23.835403,38.060882
45,63,23.836004,38.060783
45,64,23.836204,38.060561
45,65,23.836094,38.06018
45,66,23.835794,38.059371
45,67,23.835724,38.059173
45,68,23.836654,38.058944
45,69,23.838234,38.058055
45,70,23.838644,38.055274
45,71,23.838823,38.052253
45,72,23.838623,38.051852
45,73,23.839264,38.051364
45,74,23.839693,38.049014
45,75,23.839733,38.048553
45,76,23.839783,38.048091
45,77,23.839813,38.047862
45,78,23.839764,38.047542
45,79,23.837993,38.045673
45,80,23.835884,38.043994
45,81,23.835233,38.043533
45,82,23.834974,38.043384
45,83,23.834395,38.042933
45,84,23.834894,38.042323
45,85,23.835404,38.041782
45,86,23.834744,38.041251
45,87,23.834364,38.040821
45,88,23.834324,38.040831
45,89,23.834314,38.04085
45,90,23.834965,38.041392
45,91,23.835896,38.041404
45,92,23.836576,38.041442
45,93,23.837357,38.042232
45,94,23.836755,38.042774
45,95,23.836786,38.042792
45,96,23.837036,38.042952
45,97,23.837135,38.043014
45,98,23.837135,38.043014
45,99,23.836944,38.042873
45,100,23.836754,38.042762
45,101,23.836763,38.042701
45,102,23.836933,38.042583
45,103,23.836934,38.042564
45,104,23.836863,38.042625
45,105,23.837213,38.042785
45,106,23.836954,38.042613
45,107,23.836954,38.042602
45,108,23.836544,38.042934
45,109,23.835674,38.043673
45,110,23.837164,38.044883
45,111,23.839314,38.046474
45,112,23.839853,38.047363
45,113,23.839924,38.047641
45,114,23.839924,38.048232
45,115,23.839904,38.048393
45,116,23.839846,38.049133
45,117,23.839666,38.050483
45,118,23.839657,38.050593
45,119,23.839447,38.051215
45,120,23.839447,38.051235
45,121,23.838766,38.051642
45,122,23.841076,38.053104
45,123,23.842556,38.054473
45,124,23.839886,38.055892
45,125,23.838486,38.057384
45,126,23.837255,38.058864
45,127,23.835914,38.059154
45,128,23.836186,38.059985
45,129,23.836234,38.060676
45,130,23.834125,38.061366
45,131,23.830456,38.063228
45,132,23.826286,38.064758
45,133,23.826687,38.066348
45,134,23.825117,38.066429
45,135,23.822206,38.066626
45,136,23.821306,38.067668
45,137,23.820985,38.070739
45,138,23.821165,38.073748
45,139,23.821165,38.07463
45,140,23.821085,38.076041
45,141,23.820576,38.077731
45,142,23.820305,38.07862
45,143,23.819225,38.082252
45,144,23.818825,38.086044
45,145,23.818594,38.086745
45,146,23.818504,38.086986
45,147,23.818414,38.087295
45,148,23.818396,38.087375
45,149,23.818205,38.087696
45,150,23.818005,38.087806
45,151,23.817866,38.087874
45,152,23.817616,38.087985
45,153,23.817606,38.087997
45,154,23.817107,38.088145
45,155,23.815946,38.088477
45,156,23.812995,38.088268
45,157,23.810386,38.089976
45,158,23.808897,38.091647
45,159,23.809326,38.094039
45,160,23.809967,38.096358
45,161,23.810927,38.09896
45,162,23.812916,38.101131
45,163,23.814856,38.102092
45,164,23.815536,38.102314
45,165,23.817325,38.104732
45,166,23.820356,38.108341
45,167,23.823866,38.111671
45,168,23.827246,38.11499
45,169,23.830866,38.118438
45,170,23.835186,38.122939
45,171,23.837705,38.12765
45,172,23.839766,38.13185
45,173,23.840645,38.131598
45,174,23.840645,38.131598
45,175,23.840894,38.131289
45,176,23.841125,38.13095
45,177,23.841095,38.130969
45,178,23.841045,38.131099
45,179,23.840885,38.131259
45,180,23.840885,38.13127
45,181,23.840725,38.131492
45,182,23.839655,38.13172
45,183,23.838504,38.129409
45,184,23.836464,38.125079
45,185,23.833284,38.121108
45,186,23.829495,38.117289
45,187,23.829105,38.116019
45,188,23.828926,38.114779
45,189,23.827027,38.112758
45,190,23.825876,38.110747
45,191,23.825827,38.109385
45,192,23.825877,38.107066
45,193,23.825987,38.104667
45,194,23.826826,38.103156
45,195,23.827856,38.102016
45,196,23.825536,38.099975
45,197,23.824877,38.099246
45,198,23.824387,38.098018
45,199,23.823646,38.095397
45,200,23.822666,38.093658
45,201,23.821526,38.091819
45,202,23.821365,38.09167
45,203,23.820625,38.09117
45,204,23.820135,38.09082
45,205,23.819325,38.089889
45,206,23.818655,38.089438
45,207,23.817965,38.088797
45,208,23.817594,38.088398
45,209,23.818313,38.087539
45,210,23.818625,38.08475
45,211,23.819495,38.081099
45,212,23.820385,38.078349
45,213,23.820444,38.078098
45,214,23.821005,38.076557
45,215,23.821045,38.076095
45,216,23.821064,38.075053
45,217,23.820944,38.073932
45,218,23.820765,38.070811
45,219,23.821045,38.067882
45,220,23.820946,38.067321
45,221,23.821507,38.066841
45,222,23.823125,38.066779
45,223,23.825525,38.06652
45,224,23.826306,38.065509
45,225,23.827686,38.06428
45,226,23.830866,38.063029
45,227,23.834246,38.061351
45,228,23.836185,38.060729
45,229,23.835994,38.0601
45,230,23.835976,38.05999
45,231,23.835636,38.059169
45,232,23.835636,38.059138
45,233,23.836886,38.058909
45,234,23.838266,38.0573
45,235,23.838677,38.054721
45,236,23.839015,38.053623
45,237,23.839016,38.052722
45,238,23.839167,38.051452
45,239,23.839656,38.048751
45,240,23.839198,38.04692
45,241,23.837147,38.045112
45,242,23.836718,38.044673
45,243,23.837278,38.044272
45,244,23.838709,38.043132
45,245,23.838598,38.04209
45,246,23.837898,38.041801
45,247,23.836848,38.042712
45,248,23.837007,38.042694
45,249,23.836988,38.042694
45,250,23.837047,38.042723
45,251,23.837047,38.042632
45,252,23.836928,38.042602
45,253,23.836727,38.042712
45,254,23.835827,38.043513
45,255,23.836006,38.043983
45,256,23.837527,38.043903
45,257,23.840067,38.041904
45,258,23.840396,38.040145
45,259,23.838997,38.038795
45,260,23.841186,38.037006
45,261,23.842556,38.035937
45,262,23.844536,38.034629
45,263,23.847395,38.033297
45,264,23.849214,38.032478
45,265,23.852465,38.030948
45,266,23.854454,38.029998
45,267,23.853735,38.029487
45,268,23.856304,38.028297
45,269,23.859113,38.027729
45,270,23.859283,38.026366
45,271,23.859463,38.024337
45,272,23.859463,38.024337
45,273,23.859963,38.021926
45,274,23.860252,38.017845
45,275,23.860222,38.015162
45,276,23.860213,38.014461
45,277,23.859173,38.01422
45,278,23.858902,38.01353
45,279,23.857813,38.013179
45,280,23.858993,38.01242
45,281,23.858834,38.01187
45,282,23.857393,38.010619
45,283,23.857323,38.010269
45,284,23.857203,38.009807
45,285,23.857162,38.009708
45,286,23.857143,38.009646
45,287,23.857653,38.009215
45,288,23.857903,38.009055
45,289,23.857893,38.008556
45,290,23.857893,38.008544
45,291,23.857523,38.008125
45,292,23.857532,38.008113
45,293,23.857473,38.008052
45,294,23.858334,38.007583
45,295,23.861303,38.007122
45,296,23.864593,38.00648
45,297,23.867153,38.005962
45,298,23.869633,38.0055
45,299,23.869993,38.005432
45,300,23.870313,38.005371
45,301,23.870584,38.005321
45,302,23.870714,38.00529
45,303,23.871495,38.005149
45,304,23.871554,38.00513
45,305,23.872062,38.005031
45,306,23.872392,38.00497
45,307,23.872432,38.004958
45,308,23.873182,38.004798
45,309,23.873623,38.00468
45,310,23.874323,38.004458
45,311,23.876283,38.003917
45,312,23.876984,38.003775
45,313,23.876663,38.002296
45,314,23.875983,38.000304
45,315,23.875822,37.998725
45,316,23.876401,37.999285
45,317,23.878931,38.001357
45,318,23.880501,38.002295
45,319,23.880471,38.000797
45,320,23.880411,37.997138
45,321,23.881531,37.993038
45,322,23.882131,37.990867
45,323,23.881641,37.990436
45,324,23.881821,37.990497
45,325,23.88179,37.990497
45,326,23.88192,37.990516
45,327,23.881889,37.990497
45,328,23.88196,37.990588
45,329,23.881799,37.990508
45,330,23.881929,37.990577
45,331,23.88187,37.990588
45,332,23.881852,37.990588
45,333,23.881852,37.99055
45,334,23.881401,37.990271
45,335,23.881392,37.990271
45,336,23.880802,37.98957
45,337,23.880232,37.989059
45,338,23.880072,37.989089
45,339,23.878151,37.990237
45,340,23.875441,37.992069
45,341,23.873461,37.993938
45,342,23.872061,37.995406
45,343,23.86811,37.997127
45,344,23.864371,37.999118
45,345,23.86034,38.000949
45,346,23.85792,38.00307
45,347,23.858059,38.005752
45,348,23.858488,38.007262
45,349,23.858479,38.007281
45,350,23.858509,38.007472
45,351,23.860248,38.007301
45,352,23.860439,38.007301
45,353,23.86069,38.008101
45,354,23.861068,38.010204
45,355,23.861198,38.011474
45,356,23.861198,38.011504
45,357,23.860588,38.012523
45,358,23.860227,38.013354
45,359,23.859117,38.013663
45,360,23.859247,38.014373
45,361,23.860267,38.014441
45,362,23.860258,38.016261
45,363,23.860437,38.019172
45,364,23.860407,38.019793
45,365,23.860166,38.021472
45,366,23.859646,38.023803
45,367,23.859597,38.023944
45,368,23.858137,38.024154
45,369,23.854236,38.024963
45,370,23.851086,38.025993
45,371,23.850586,38.026152
45,372,23.850586,38.026164
45,373,23.850376,38.026225
45,374,23.847745,38.027083
45,375,23.844545,38.028934
45,376,23.843586,38.027732
45,377,23.841896,38.027694
45,378,23.838146,38.029323
45,379,23.836576,38.030181
45,380,23.834386,38.031451
45,381,23.832777,38.032463
45,382,23.831026,38.033752
45,383,23.829136,38.035163
45,384,23.827486,38.036182
45,385,23.827215,38.036601
45,386,23.826916,38.036842
45,387,23.826876,38.036891
45,388,23.826286,38.036823
45,389,23.824307,38.035262
45,390,23.821936,38.033733
45,391,23.819716,38.032001
45,392,23.816465,38.030032
45,393,23.813086,38.028064
45,394,23.811815,38.027004
45,395,23.810335,38.025984
45,396,23.808294,38.024855
45,397,23.805454,38.024105
45,398,23.804045,38.023574
45,399,23.803825,38.023505
45,400,23.803135,38.023235
45,401,23.802885,38.023094
45,402,23.802815,38.023075
45,403,23.802623,38.023044
45,404,23.802404,38.022945
45,405,23.802345,38.022914
45,406,23.801845,38.022624
45,407,23.801456,38.022476
45,408,23.801237,38.022415
45,409,23.799467,38.022815
45,410,23.797857,38.022464
45,411,23.797546,38.021903
45,412,23.797106,38.021312
45,413,23.796227,38.019122
45,414,23.796146,38.019043
45,415,23.795727,38.018474
45,416,23.793996,38.020705
45,417,23.793396,38.021445
45,418,23.790876,38.023254
45,419,23.789788,38.023883
45,420,23.789777,38.023883
45,421,23.789657,38.024074
45,422,23.789688,38.026034
45,423,23.791069,38.028495
45,424,23.79328,38.031043
45,425,23.795209,38.032173
45,426,23.792209,38.033412
45,427,23.788309,38.034343
45,428,23.78364,38.035533
45,429,23.782419,38.035922
45,430,23.781068,38.036434
45,431,23.781028,38.036464
45,432,23.780718,38.036983
45,433,23.780557,38.037513
45,434,23.780238,38.038025
45,435,23.779747,38.038505
45,436,23.779747,38.038505
45,437,23.779096,38.038913
45,438,23.778736,38.039111
45,439,23.778027,38.039543
45,440,23.777267,38.040073
45,441,23.777236,38.040092
45,442,23.776897,38.04074
45,443,23.778967,38.042491
45,444,23.781187,38.04454
45,445,23.782346,38.04589
45,446,23.782247,38.045871
45,447,23.782208,38.045302
45,448,23.781967,38.044353
45,449,23.783527,38.043502
45,450,23.786207,38.042491
45,451,23.788696,38.043422
45,452,23.788616,38.045092
45,453,23.788656,38.046172
45,454,23.787716,38.046642
45,455,23.787365,38.046592
45,456,23.787405,38.046554
45,457,23.787334,38.046383
45,458,23.787415,38.046222
45,459,23.787554,38.046604
45,460,23.787613,38.046592
45,461,23.787043,38.046341
45,462,23.786453,38.04584
45,463,23.787063,38.045272
45,464,23.787134,38.045173
45,465,23.786745,38.045344
45,466,23.787515,38.045295
45,467,23.788456,38.045134
45,468,23.788496,38.045135
45,469,23.788576,38.045097
45,470,23.788715,38.043177
45,471,23.786476,38.042537
45,472,23.783497,38.043628
45,473,23.781838,38.044539
45,474,23.782438,38.045581
45,475,23.782318,38.045962
45,476,23.782758,38.047221
45,477,23.782879,38.047683
45,478,23.782928,38.047954
45,479,23.783027,38.051093
45,480,23.780077,38.052802
45,481,23.774576,38.055892
45,482,23.768125,38.058654
45,483,23.761345,38.060092
45,484,23.754034,38.060882
45,485,23.751623,38.064533
45,486,23.757504,38.067611
45,487,23.762924,38.069782
45,488,23.768564,38.072082
45,489,23.775465,38.074843
45,490,23.781515,38.078994
45,491,23.785635,38.084304
45,492,23.789816,38.089755
45,493,23.790636,38.090823
45,494,23.792606,38.093383
45,495,23.797667,38.097281
45,496,23.805036,38.100143
45,497,23.812357,38.103034
45,498,23.818667,38.107024
45,499,23.823887,38.112002
45,500,23.828747,38.116794
45,501,23.833758,38.121894
45,502,23.837297,38.127296
45,503,23.840087,38.132857
45,504,23.842907,38.138168
45,505,23.844338,38.139315
45,506,23.845487,38.139724
45,507,23.844907,38.141394
45,508,23.847288,38.144183
45,509,23.849407,38.144153
45,510,23.850737,38.142814
45,511,23.850807,38.142714
45,512,23.851316,38.142043
45,513,23.851217,38.141932
45,514,23.851306,38.141822
45,515,23.852377,38.140971
45,516,23.853777,38.13948
45,517,23.854088,38.139072
45,518,23.855438,38.137553
45,519,23.856187,38.137065
45,520,23.856158,38.137076
45,521,23.855797,38.137195
45,522,23.854326,38.138847
45,523,23.850186,38.139537
45,524,23.846195,38.139446
45,525,23.845775,38.139445
45,526,23.845756,38.139445
45,527,23.845417,38.139415
45,528,23.843487,38.138214
45,529,23.843327,38.138164
45,530,23.841676,38.135875
45,531,23.839817,38.132144
45,532,23.840467,38.131893
45,533,23.840917,38.131183
45,534,23.840957,38.131122
45,535,23.840968,38.131134
45,536,23.841106,38.130992
45,537,23.841048,38.131072
45,538,23.840868,38.131282
45,539,23.840637,38.13169
45,540,23.840638,38.131721
45,541,23.839848,38.131912
45,542,23.839437,38.131381
45,543,23.837927,38.128291
45,544,23.835667,38.12384
45,545,23.831947,38.119869
45,546,23.829857,38.118628
45,547,23.828627,38.117229
45,548,23.825947,38.114578
45,549,23.823945,38.113776
45,550,23.823255,38.111827
45,551,23.820135,38.108806
45,552,23.815365,38.104567
45,553,23.808556,38.101806
45,554,23.801996,38.099216
45,555,23.795656,38.096656
45,556,23.792117,38.093146
45,557,23.791937,38.092895
45,558,23.790507,38.091056
45,559,23.787857,38.087615
45,560,23.784357,38.083045
45,561,23.781097,38.078894
45,562,23.776167,38.075454
45,563,23.770046,38.072963
45,564,23.763845,38.070472
45,565,23.759105,38.068682
45,566,23.759895,38.069083
45,567,23.759876,38.067584
45,568,23.759857,38.067134
45,569,23.759727,38.066043
45,570,23.759508,38.065574
45,571,23.759218,38.065192
45,572,23.759018,38.064933
45,573,23.758938,38.064823
45,574,23.758457,38.064254
45,575,23.758068,38.063743
45,576,23.756837,38.061523
45,577,23.756237,38.059604
45,578,23.755136,38.058173
45,579,23.753347,38.055713
45,580,23.751466,38.052642
45,581,23.751276,38.052402
45,582,23.751946,38.051502
45,583,23.751415,38.050601
45,584,23.750924,38.049781
45,585,23.752254,38.049159
45,586,23.754755,38.04824
45,587,23.755554,38.047831
45,588,23.757565,38.046371
45,589,23.757815,38.046172
45,590,23.758204,38.045784
45,591,23.759473,38.043933
45,592,23.760654,38.042545
45,593,23.760704,38.042605
45,594,23.761154,38.042395
45,595,23.762594,38.042056
45,596,23.762973,38.041885
45,597,23.762983,38.041873
45,598,23.762644,38.041553
45,599,23.762344,38.041515
45,600,23.762295,38.041564
45,601,23.762424,38.041354
45,602,23.762865,38.041595
45,603,23.762735,38.041835
45,604,23.760814,38.042426
45,605,23.759964,38.043338
45,606,23.759964,38.043327
45,607,23.759905,38.043407
45,608,23.759294,38.044448
45,609,23.758884,38.045069
45,610,23.758534,38.045501
45,611,23.758254,38.045832
45,612,23.756073,38.047512
45,613,23.753263,38.048702
45,614,23.750694,38.04972
45,615,23.751894,38.050651
45,616,23.751934,38.051162
45,617,23.751884,38.051063
45,618,23.751983,38.051433
45,619,23.751323,38.052123
45,620,23.751623,38.052444
45,621,23.753344,38.055282
45,622,23.755384,38.058151
45,623,23.756524,38.060321
45,624,23.757765,38.063052
45,625,23.758535,38.063952
45,626,23.759785,38.065932
45,627,23.760015,38.066493
45,628,23.760065,38.066642
45,629,23.760096,38.066993
45,630,23.761316,38.068882
45,631,23.765365,38.070522
45,632,23.768535,38.06996
45,633,23.770715,38.069102
45,634,23.773106,38.068672
45,635,23.777336,38.0689
45,636,23.781036,38.069381
45,637,23.781786,38.068702
45,638,23.780595,38.067764
45,639,23.781315,38.067264
45,640,23.782086,38.067325
45,641,23.782455,38.068084
45,642,23.783837,38.068893
45,643,23.783976,38.067702
45,644,23.784376,38.067184
45,645,23.784306,38.067123
45,646,23.784115,38.067184
45,647,23.784155,38.067221
