46,1,23.881639,37.991618
46,2,23.88188,37.991107
46,3,23.882019,37.990596
46,4,23.881698,37.990424
46,5,23.881708,37.990455
46,6,23.881668,37.990455
46,7,23.881928,37.990585
46,8,23.881918,37.990493
46,9,23.881918,37.990504
46,10,23.881438,37.990184
46,11,23.881397,37.990104
46,12,23.881367,37.990115
46,13,23.881867,37.990474
46,14,23.882196,37.990695
46,15,23.881946,37.991844
46,16,23.881287,37.994193
46,17,23.880547,37.996814
46,18,23.880227,37.999602
46,19,23.880655,38.002231
46,20,23.880686,38.002269
46,21,23.880705,38.002398
46,22,23.882145,38.00236
46,23,23.884375,38.001811
46,24,23.884695,38.002231
46,25,23.884504,38.003322
46,26,23.884504,38.00336
46,27,23.884424,38.003589
46,28,23.884785,38.004557
46,29,23.885784,38.005489
46,30,23.886034,38.005877
46,31,23.886634,38.006958
46,32,23.887964,38.008487
46,33,23.890224,38.009628
46,34,23.892855,38.010837
46,35,23.893956,38.010776
46,36,23.894214,38.010776
46,37,23.894445,38.010867
46,38,23.894625,38.011256
46,39,23.896394,38.011638
46,40,23.899194,38.011756
46,41,23.901785,38.012435
46,42,23.901685,38.013755
46,43,23.901966,38.015266
46,44,23.901486,38.015727
46,45,23.901146,38.015728
46,46,23.901627,38.015777
46,47,23.901898,38.015789
46,48,23.901808,38.015777
46,49,23.901418,38.015776
46,50,23.901058,38.015857
46,51,23.900768,38.016127
46,52,23.900738,38.016117
46,53,23.900867,38.015826
46,54,23.900886,38.015857
46,55,23.901746,38.015715
46,56,23.901796,38.014224
46,57,23.901717,38.012443
46,58,23.898975,38.011875
46,59,23.895475,38.011623
46,60,23.893965,38.010894
46,61,23.891785,38.010513
46,62,23.889505,38.009391
46,63,23.887346,38.007793
46,64,23.886045,38.005783
46,65,23.884445,38.004314
46,66,23.884525,38.003753
46,67,23.883915,38.003662
46,68,23.883185,38.003722
46,69,23.882475,38.00384
46,70,23.881325,38.003829
46,71,23.880884,38.00278
46,72,23.880434,38.00011
46,73,23.880683,37.996761
46,74,23.881604,37.99324
46,75,23.882112,37.990718
46,76,23.881472,37.990256
46,77,23.881771,37.990436
46,78,23.881802,37.990497
46,79,23.881801,37.990657
46,80,23.882082,37.991027
46,81,23.881693,37.992438
46,82,23.881033,37.994869
46,83,23.880314,37.997497
46,84,23.880313,38.000148
46,85,23.880795,38.002479
46,86,23.882025,38.002418
46,87,23.884035,38.001998
46,88,23.884864,38.001918
46,89,23.884585,38.00304
46,90,23.884375,38.00381
46,91,23.885164,38.004691
46,92,23.885284,38.004882
46,93,23.886074,38.005942
46,94,23.886864,38.007251
46,95,23.888454,38.008701
46,96,23.891014,38.010002
46,97,23.893444,38.01081
46,98,23.894594,38.010982
46,99,23.895393,38.011524
46,100,23.897073,38.011776
46,101,23.899914,38.011794
46,102,23.901974,38.012805
46,103,23.901743,38.014087
46,104,23.901882,38.015476
46,105,23.901891,38.015685
46,106,23.900772,38.016044
46,107,23.900892,38.015933
46,108,23.901792,38.015743
46,109,23.901681,38.014182
46,110,23.901553,38.012431
46,111,23.898543,38.011889
46,112,23.895012,38.0116
46,113,23.894111,38.010891
46,114,23.891221,38.010189
46,115,23.888471,38.008827
46,116,23.88713,38.007575
46,117,23.88598,38.005706
46,118,23.885151,38.004806
46,119,23.88478,38.004566
46,120,23.884481,38.003677
46,121,23.8838,38.003597
46,122,23.882961,38.003757
46,123,23.882221,38.003795
46,124,23.88141,38.003795
46,125,23.880861,38.003024
46,126,23.880621,38.000663
46,127,23.880442,37.997554
46,128,23.881172,37.994735
46,129,23.882122,37.991183
46,130,23.882042,37.990653
46,131,23.881993,37.990634
46,132,23.881413,37.990196
46,133,23.881422,37.990047
46,134,23.881243,37.990035
46,135,23.881403,37.990024
46,136,23.881822,37.990394
46,137,23.882134,37.990833
46,138,23.881773,37.992183
46,139,23.881202,37.994254
46,140,23.880512,37.996783
46,141,23.880151,37.999015
46,142,23.880642,38.001384
46,143,23.880361,38.002215
46,144,23.879492,38.001735
46,145,23.878412,38.001625
46,146,23.878132,38.001845
46,147,23.878212,38.002426
46,148,23.878231,38.002506
46,149,23.878382,38.002894
46,150,23.878532,38.003315
46,151,23.878653,38.003524
46,152,23.879612,38.003524
46,153,23.880552,38.003394
46,154,23.880402,38.002345
46,155,23.87935,38.001876
46,156,23.87936,38.002486
46,157,23.879361,38.002548
46,158,23.87895,38.002627
46,159,23.879271,38.002639
46,160,23.87943,38.002387
46,161,23.879751,38.001949
46,162,23.880602,38.00214
46,163,23.880321,38.000419
46,164,23.880281,37.997509
46,165,23.880911,37.99525
46,166,23.881981,37.99139
46,167,23.881951,37.990638
46,168,23.881951,37.990619
46,169,23.881901,37.990569
46,170,23.881881,37.990558
46,171,23.881691,37.990359
46,172,23.88125,37.98994
46,173,23.88121,37.98994
46,174,23.880782,37.989489
46,175,23.880121,37.989059
46,176,23.878632,37.989909
46,177,23.876331,37.99142
46,178,23.875162,37.992851
46,179,23.876251,37.994639
46,180,23.875951,37.996631
46,181,23.874761,37.995772
46,182,23.873011,37.995712
46,183,23.87034,37.996032
46,184,23.868101,37.99713
46,185,23.864981,37.99879
46,186,23.861539,38.000178
46,187,23.858468,38.002147
46,188,23.857879,38.004088
46,189,23.858339,38.00658
46,190,23.85854,38.007209
46,191,23.859579,38.00732
46,192,23.860378,38.007239
46,193,23.860678,38.007789
46,194,23.861038,38.009597
46,195,23.861198,38.011646
46,196,23.860279,38.012816
46,197,23.86043,38.014148
46,198,23.860319,38.016669
46,199,23.86044,38.019168
46,200,23.860309,38.020649
46,201,23.85997,38.022357
46,202,23.859699,38.023368
46,203,23.859649,38.023769
46,204,23.856869,38.02444
46,205,23.853548,38.025199
46,206,23.850928,38.02603
46,207,23.850117,38.026302
46,208,23.847477,38.027202
46,209,23.844557,38.028911
46,210,23.843607,38.02777
46,211,23.842108,38.027591
46,212,23.839169,38.028842
46,213,23.837448,38.02962
46,214,23.837389,38.029651
46,215,23.836448,38.028582
46,216,23.834568,38.026504
46,217,23.833827,38.025684
46,218,23.832869,38.024962
46,219,23.832307,38.025253
46,220,23.831488,38.025733
46,221,23.830476,38.026294
46,222,23.830436,38.026332
46,223,23.823036,38.032554
46,224,23.823316,38.032584
46,225,23.823246,38.032645
46,226,23.822975,38.032855
46,227,23.822575,38.033156
46,228,23.823185,38.032695
46,229,23.823006,38.032337
46,230,23.831254,38.025787
46,231,23.832624,38.025066
46,232,23.833174,38.024874
46,233,23.834003,38.026035
46,234,23.835533,38.027515
46,235,23.836323,38.028534
46,236,23.838293,38.027755
46,237,23.840624,38.026714
46,238,23.842104,38.026054
46,239,23.843004,38.026542
46,240,23.845844,38.025432
46,241,23.848505,38.025073
46,242,23.848564,38.025062
46,243,23.849165,38.02484
46,244,23.848114,38.022819
46,245,23.846165,38.02011
46,246,23.844904,38.01733
46,247,23.844243,38.01609
46,248,23.844173,38.015869
46,249,23.844084,38.015609
46,250,23.843954,38.015201
46,251,23.843683,38.01453
46,252,23.843652,38.0144
46,253,23.843622,38.014282
46,254,23.843523,38.013492
46,255,23.843523,38.013461
46,256,23.843483,38.013263
46,257,23.843443,38.012802
46,258,23.843453,38.012291
46,259,23.843462,38.01226
46,260,23.843591,38.011508
46,261,23.843631,38.011348
46,262,23.843641,38.011287
46,263,23.845171,38.010325
46,264,23.84834,38.009837
46,265,23.852011,38.009197
46,266,23.853562,38.008975
46,267,23.854801,38.007754
46,268,23.85531,38.006183
46,269,23.85643,38.005233
46,270,23.856211,38.003291
46,271,23.85964,38.001411
46,272,23.86396,37.999259
46,273,23.868169,37.99705
46,274,23.87005,37.996032
46,275,23.871001,37.995761
46,276,23.873661,37.99332
46,277,23.876451,37.991278
46,278,23.879162,37.98952
46,279,23.881012,37.989761
46,280,23.881832,37.990612
46,281,23.881881,37.990581
46,282,23.881762,37.990482
46,283,23.881292,37.990131
46,284,23.881283,37.990119
46,285,23.880864,37.989578
46,286,23.880024,37.989108
46,287,23.878244,37.990169
46,288,23.875614,37.991927
46,289,23.874964,37.992396
46,290,23.873823,37.993316
46,291,23.872892,37.994754
46,292,23.870293,37.996013
46,293,23.866653,37.997901
46,294,23.863384,37.99948
46,295,23.861194,38.000362
46,296,23.858394,38.002201
46,297,23.857864,38.004211
46,298,23.858274,38.006572
46,299,23.858374,38.006873
46,300,23.858374,38.006873
46,301,23.858513,38.007354
46,302,23.858553,38.007445
46,303,23.858553,38.007445
46,304,23.859953,38.007274
46,305,23.860412,38.007255
46,306,23.860632,38.007773
46,307,23.861011,38.009624
46,308,23.861181,38.011603
46,309,23.860251,38.012992
46,310,23.86035,38.014762
46,311,23.860331,38.017551
46,312,23.86039,38.01966
46,313,23.86026,38.02077
46,314,23.859859,38.022632
46,315,23.85964,38.024123
46,316,23.85931,38.026793
46,317,23.859199,38.029735
46,318,23.857898,38.031413
46,319,23.856999,38.031703
46,320,23.856718,38.031795
46,321,23.856367,38.031993
46,322,23.857117,38.033424
46,323,23.855276,38.035083
46,324,23.852325,38.037673
46,325,23.849705,38.040462
46,326,23.847916,38.04177
46,327,23.847305,38.04211
46,328,23.844635,38.043571
46,329,23.843645,38.04423
46,330,23.841635,38.045211
46,331,23.839944,38.046333
46,332,23.839855,38.046401
46,333,23.839614,38.046581
46,334,23.839605,38.046581
46,335,23.838606,38.046081
46,336,23.837116,38.04497
46,337,23.835917,38.04407
46,338,23.833236,38.042079
46,339,23.831637,38.040931
46,340,23.830946,38.040381
46,341,23.830665,38.040191
46,342,23.830145,38.040851
46,343,23.829436,38.043162
46,344,23.828744,38.043864
46,345,23.825926,38.042483
46,346,23.823286,38.041163
46,347,23.821805,38.040405
46,348,23.819986,38.040473
46,349,23.819477,38.040473
46,350,23.819468,38.039245
46,351,23.819547,38.037986
46,352,23.819547,38.037845
46,353,23.819597,38.037894
46,354,23.819578,38.038055
46,355,23.819479,38.039283
46,356,23.819618,38.040522
46,357,23.821808,38.040431
46,358,23.822587,38.040821
46,359,23.824458,38.041751
46,360,23.827397,38.04322
46,361,23.829015,38.04399
46,362,23.829186,38.043792
46,363,23.829365,38.04317
46,364,23.829754,38.041861
46,365,23.830154,38.040401
46,366,23.830195,38.040229
46,367,23.830385,38.040038
46,368,23.832396,38.041488
46,369,23.835205,38.043528
46,370,23.837224,38.044998
46,371,23.838645,38.046016
46,372,23.838885,38.046188
46,373,23.840534,38.045726
46,374,23.843674,38.044006
46,375,23.847053,38.042064
46,376,23.847312,38.041946
46,377,23.848553,38.041217
46,378,23.851722,38.038116
46,379,23.855753,38.034675
46,380,23.857053,38.033435
46,381,23.856665,38.031814
46,382,23.859125,38.030505
46,383,23.859276,38.026996
46,384,23.859655,38.025707
46,385,23.859655,38.025035
46,386,23.859656,38.024627
46,387,23.860374,38.024356
46,388,23.862546,38.023795
46,389,23.861904,38.021835
46,390,23.862203,38.019732
46,391,23.864913,38.018074
46,392,23.866283,38.016624
46,393,23.867452,38.016543
46,394,23.868772,38.018005
46,395,23.872013,38.017703
46,396,23.871883,38.016025
46,397,23.871233,38.011916
46,398,23.870984,38.008155
46,399,23.871773,38.005473
46,400,23.871773,38.005435
46,401,23.871763,38.005374
46,402,23.873193,38.004825
46,403,23.873684,38.004684
46,404,23.874524,38.004382
46,405,23.877493,38.003761
46,406,23.879732,38.00376
46,407,23.880402,38.003749
46,408,23.880642,38.002017
46,409,23.880142,37.999069
46,410,23.881012,37.995067
46,411,23.882131,37.991046
46,412,23.881802,37.990467
46,413,23.881441,37.990196
46,414,23.88145,37.990097
46,415,23.881401,37.990146
46,416,23.881891,37.990527
46,417,23.881891,37.990527
46,418,23.881331,37.990066
46,419,23.881321,37.990078
46,420,23.881142,37.989806
46,421,23.880361,37.989047
46,422,23.879381,37.989406
46,423,23.877361,37.990687
46,424,23.87494,37.992389
46,425,23.876021,37.994059
46,426,23.875962,37.996528
46,427,23.876121,37.998649
46,428,23.876042,37.999717
46,429,23.876772,38.001746
46,430,23.875922,38.002067
46,431,23.87564,38.002635
46,432,23.875961,38.003696
46,433,23.875962,38.003966
46,434,23.874832,38.004256
46,435,23.874823,38.004726
46,436,23.875862,38.005405
46,437,23.876902,38.005626
46,438,23.877213,38.006366
46,439,23.877903,38.006774
46,440,23.878573,38.006625
46,441,23.878541,38.006194
46,442,23.878101,38.005886
46,443,23.878101,38.005855
46,444,23.878151,38.005923
46,445,23.8784,38.006015
46,446,23.87862,38.006415
46,447,23.87863,38.006396
46,448,23.8787,38.006568
46,449,23.87795,38.006839
46,450,23.87722,38.006351
46,451,23.87679,38.005661
46,452,23.875372,38.005161
46,453,23.875252,38.004939
46,454,23.875871,38.00494
46,455,23.876513,38.004909
46,456,23.877653,38.004329
46,457,23.880213,38.004279
46,458,23.880832,38.004081
46,459,23.880784,38.003822
46,460,23.880613,38.001922
46,461,23.880123,37.998763
46,462,23.881113,37.994712
46,463,23.882173,37.990871
46,464,23.881573,37.990371
46,465,23.881413,37.990211
46,466,23.881422,37.990119
46,467,23.881613,37.99031
46,468,23.881952,37.990532
46,469,23.881962,37.990542
