47,1,23.881038,37.991489
47,2,23.881069,37.991519
47,3,23.88139,37.991679
47,4,23.881819,37.991271
47,5,23.88201,37.990752
47,6,23.88196,37.990653
47,7,23.88199,37.990615
47,8,23.88196,37.990496
47,9,23.88191,37.990535
47,10,23.88183,37.990417
47,11,23.881331,37.990115
47,12,23.88134,37.990078
47,13,23.880899,37.989535
47,14,23.880289,37.989005
47,15,23.879179,37.989616
47,16,23.877069,37.990955
47,17,23.875059,37.992343
47,18,23.875059,37.992694
47,19,23.876209,37.994384
47,20,23.875809,37.996714
47,21,23.874198,37.995303
47,22,23.871299,37.996413
47,23,23.86954,37.996295
47,24,23.867859,37.997275
47,25,23.865439,37.998546
47,26,23.862419,37.999816
47,27,23.859579,38.001487
47,28,23.857238,38.002769
47,29,23.855749,38.003521
47,30,23.854559,38.004611
47,31,23.853778,38.006511
47,32,23.85344,38.008373
47,33,23.85393,38.008762
47,34,23.85557,38.008342
47,35,23.855999,38.008342
47,36,23.85701,38.009383
47,37,23.85881,38.010322
47,38,23.859741,38.011493
47,39,23.860211,38.013171
47,40,23.86024,38.01554
47,41,23.860361,38.018168
47,42,23.86038,38.019828
47,43,23.86038,38.019839
47,44,23.860349,38.020038
47,45,23.86006,38.021709
47,46,23.8596,38.02402
47,47,23.859301,38.026709
47,48,23.85923,38.028419
47,49,23.85923,38.029018
47,50,23.859239,38.029128
47,51,23.859181,38.029838
47,52,23.859181,38.029998
47,53,23.859051,38.03091
47,54,23.85865,38.031108
47,55,23.857731,38.031447
47,56,23.85762,38.031497
47,57,23.85661,38.031829
47,58,23.85659,38.031841
47,59,23.85664,38.032352
47,60,23.85688,38.033962
47,61,23.854601,38.035671
47,62,23.851832,38.038181
47,63,23.849311,38.04082
47,64,23.848233,38.041591
47,65,23.846512,38.042491
47,66,23.843943,38.044032
47,67,23.842191,38.044913
47,68,23.841631,38.045233
47,69,23.84152,38.045303
47,70,23.84112,38.045555
47,71,23.840339,38.046065
47,72,23.840321,38.046077
47,73,23.8398,38.046477
47,74,23.83989,38.047729
47,75,23.839738,38.049751
47,76,23.839679,38.050182
47,77,23.839609,38.050692
47,78,23.83957,38.050914
47,79,23.83955,38.050952
47,80,23.839239,38.051402
47,81,23.839239,38.051402
47,82,23.838829,38.051582
47,83,23.836689,38.05125
47,84,23.835909,38.051188
47,85,23.83589,38.051188
47,86,23.835539,38.05115
47,87,23.835539,38.050582
47,88,23.835399,38.050223
47,89,23.83543,38.050292
47,90,23.835581,38.051093
47,91,23.837051,38.051234
47,92,23.837311,38.051296
47,93,23.83765,38.051406
47,94,23.83823,38.051517
47,95,23.83857,38.051536
47,96,23.839609,38.049304
47,97,23.839449,38.047153
47,98,23.839979,38.046153
47,99,23.84302,38.044353
47,100,23.843449,38.044154
47,101,23.846659,38.042293
47,102,23.850119,38.039863
47,103,23.853298,38.036544
47,104,23.856739,38.033935
47,105,23.85661,38.032436
47,106,23.85647,38.032245
47,107,23.85659,38.031837
47,108,23.859069,38.030399
47,109,23.859249,38.026588
47,110,23.859708,38.024429
47,111,23.862379,38.023837
47,112,23.861818,38.021686
47,113,23.862459,38.019607
47,114,23.864969,38.017966
47,115,23.866289,38.016548
47,116,23.867818,38.017528
47,117,23.870359,38.017829
47,118,23.872018,38.017108
47,119,23.871439,38.01345
47,120,23.870828,38.009589
47,121,23.871898,38.006321
47,122,23.871858,38.005149
47,123,23.874319,38.004501
47,124,23.875599,38.004131
47,125,23.87595,38.00405
47,126,23.877541,38.003841
47,127,23.87813,38.003829
47,128,23.87863,38.00378
47,129,23.879311,38.003718
47,130,23.88047,38.003707
47,131,23.880541,38.003276
47,132,23.88054,38.002036
47,133,23.880121,37.998447
47,134,23.881041,37.994869
47,135,23.882091,37.99105
47,136,23.881881,37.990588
47,137,23.881751,37.99052
47,138,23.881722,37.990482
47,139,23.881691,37.990402
47,140,23.881891,37.990532
47,141,23.881891,37.990512
47,142,23.881861,37.990512
47,143,23.88154,37.990253
47,144,23.8813,37.990032
47,145,23.88129,37.990032
47,146,23.88065,37.98933
47,147,23.880248,37.988948
47,148,23.881859,37.988048
47,149,23.885368,37.986457
47,150,23.889469,37.984157
47,151,23.893329,37.981498
47,152,23.89728,37.97895
47,153,23.901439,37.976268
47,154,23.904619,37.972949
47,155,23.905578,37.969237
47,156,23.905729,37.968337
47,157,23.90585,37.967826
47,158,23.906309,37.965575
47,159,23.906099,37.964084
47,160,23.901989,37.963004
47,161,23.897789,37.962413
47,162,23.894638,37.959212
47,163,23.891079,37.957003
47,164,23.88704,37.955924
47,165,23.882929,37.953933
47,166,23.87818,37.953414
47,167,23.872959,37.952273
47,168,23.867488,37.952064
47,169,23.863178,37.951495
47,170,23.862459,37.951557
47,171,23.86207,37.951625
47,172,23.8628,37.950107
47,173,23.864521,37.947295
47,174,23.8665,37.943805
47,175,23.867881,37.939197
47,176,23.869553,37.935008
47,177,23.871442,37.930637
47,178,23.873102,37.926085
47,179,23.874642,37.921466
47,180,23.875591,37.916988
47,181,23.874221,37.913196
47,182,23.873571,37.909957
47,183,23.873312,37.908626
47,184,23.873022,37.906906
47,185,23.872712,37.905234
47,186,23.871191,37.905265
47,187,23.86935,37.905376
47,188,23.868271,37.905105
47,189,23.86787,37.903636
47,190,23.8671,37.901645
47,191,23.86655,37.900425
47,192,23.86594,37.898814
47,193,23.86535,37.897464
47,194,23.86466,37.895873
47,195,23.86373,37.895991
47,196,23.863689,37.895981
47,197,23.863699,37.895961
47,198,23.863629,37.895961
