48,1,23.851385,37.98125
48,2,23.851495,37.981231
48,3,23.851036,37.981311
48,4,23.849957,37.98196
48,5,23.848656,37.982661
48,6,23.848376,37.982692
48,7,23.848385,37.982692
48,8,23.848394,37.982787
48,9,23.849674,37.982566
48,10,23.849724,37.983776
48,11,23.850824,37.984184
48,12,23.851003,37.984184
48,13,23.851044,37.984184
48,14,23.852993,37.984474
48,15,23.855642,37.984455
48,16,23.856031,37.983912
48,17,23.856621,37.982131
48,18,23.85923,37.982551
48,19,23.861879,37.983543
48,20,23.863479,37.985294
48,21,23.865749,37.987544
48,22,23.867169,37.989185
48,23,23.869808,37.990596
48,24,23.872578,37.989905
48,25,23.874558,37.992298
48,26,23.874628,37.992317
48,27,23.874708,37.992126
48,28,23.874808,37.992114
48,29,23.875007,37.991996
48,30,23.877009,37.990867
48,31,23.881347,37.988326
48,32,23.886676,37.985767
48,33,23.890717,37.983317
48,34,23.893927,37.981139
48,35,23.897896,37.97858
48,36,23.901917,37.975978
48,37,23.904587,37.973067
48,38,23.905437,37.970618
48,39,23.905298,37.970679
48,40,23.905508,37.970618
48,41,23.905698,37.96857
48,42,23.907249,37.967712
48,43,23.90621,37.967304
48,44,23.905889,37.968216
48,45,23.90571,37.968944
48,46,23.905099,37.972213
48,47,23.902491,37.975654
48,48,23.898491,37.978244
48,49,23.894631,37.980754
48,50,23.89044,37.983585
48,51,23.88624,37.986065
48,52,23.881729,37.988185
48,53,23.88049,37.989123
48,54,23.881278,37.990023
48,55,23.881318,37.989932
48,56,23.88139,37.990112
48,57,23.88143,37.99015
48,58,23.88179,37.99047
48,59,23.88181,37.990458
48,60,23.88201,37.990527
48,61,23.881969,37.990496
48,62,23.881929,37.990546
48,63,23.881519,37.990295
48,64,23.88148,37.990256
48,65,23.88146,37.990237
48,66,23.8808,37.989467
48,67,23.8805,37.988757
48,68,23.88373,37.987388
48,69,23.88526,37.986926
48,70,23.88526,37.986938
48,71,23.885379,37.987079
48,72,23.885981,37.988651
48,73,23.885521,37.99121
48,74,23.8845,37.993652
48,75,23.88327,37.995353
48,76,23.882761,37.997821
48,77,23.882461,38.00032
48,78,23.882391,38.000991
48,79,23.88235,38.001243
48,80,23.882391,38.001612
48,81,23.882292,38.001613
48,82,23.882612,38.001613
48,83,23.883901,38.001552
48,84,23.883921,38.001552
48,85,23.883951,38.001682
48,86,23.883911,38.001922
48,87,23.88495,38.001712
48,88,23.8845,38.003192
48,89,23.88499,38.003543
48,90,23.885471,38.003673
48,91,23.885271,38.003555
48,92,23.885201,38.003685
48,93,23.884701,38.003604
48,94,23.88408,38.003474
48,95,23.88384,38.003474
48,96,23.883791,38.003486
48,97,23.883531,38.003524
48,98,23.883341,38.003562
48,99,23.88215,38.003783
48,100,23.88183,38.003803
48,101,23.880819,38.003604
48,102,23.880708,38.002536
48,103,23.880378,38.000175
48,104,23.880999,37.995253
48,105,23.882167,37.991023
48,106,23.881897,37.990493
48,107,23.881838,37.990493
48,108,23.881838,37.990493
48,109,23.881869,37.990604
48,110,23.881869,37.990535
48,111,23.881168,37.989974
48,112,23.881168,37.989974
48,113,23.881249,37.989955
48,114,23.881779,37.990436
48,115,23.882148,37.990985
48,116,23.881519,37.993255
48,117,23.880639,37.996455
48,118,23.880199,37.999595
48,119,23.880699,38.002296
48,120,23.88254,38.002357
48,121,23.884819,38.001647
48,122,23.884628,38.002929
48,123,23.88482,38.003578
48,124,23.88707,38.003936
48,125,23.89011,38.004425
48,126,23.89323,38.004275
48,127,23.898001,38.003406
48,128,23.90352,38.002704
48,129,23.908951,38.002544
48,130,23.9125,38.000755
48,131,23.916041,37.999213
48,132,23.915761,37.999392
48,133,23.913651,37.999904
48,134,23.912291,38.001434
48,135,23.912389,38.001334
48,136,23.912331,38.001365
48,137,23.90946,38.002585
48,138,23.90469,38.002665
48,139,23.8995,38.003226
48,140,23.89411,38.004165
48,141,23.88911,38.004295
48,142,23.88471,38.003623
48,143,23.8832,38.003623
48,144,23.882059,38.003802
48,145,23.881879,38.003803
48,146,23.880819,38.003482
48,147,23.88072,38.002051
48,148,23.880189,37.99858
48,149,23.88135,37.993979
48,150,23.88205,37.99068
48,151,23.882019,37.990642
48,152,23.881359,37.990291
48,153,23.881819,37.990463
48,154,23.881869,37.990474
48,155,23.881898,37.990512
48,156,23.881918,37.990512
48,157,23.881709,37.990921
48,158,23.881267,37.990589
48,159,23.881258,37.990589
48,160,23.881397,37.990107
48,161,23.881366,37.989868
48,162,23.881287,37.989967
48,163,23.880948,37.989688
48,164,23.880068,37.989059
48,165,23.877888,37.99039
48,166,23.874908,37.99237
48,167,23.873389,37.990638
48,168,23.871248,37.990008
48,169,23.869978,37.990829
48,170,23.871538,37.99242
48,171,23.872219,37.993629
48,172,23.87027,37.99578
48,173,23.870289,37.99583
48,174,23.870298,37.99583
48,175,23.869849,37.9962
48,176,23.866829,37.99784
48,177,23.865638,37.999042
48,178,23.86628,38.000312
48,179,23.866479,38.000782
48,180,23.866979,38.002082
48,181,23.867399,38.003203
48,182,23.867578,38.005184
48,183,23.868559,38.005725
48,184,23.871118,38.005325
48,185,23.871118,38.005325
48,186,23.871418,38.005275
48,187,23.871418,38.005275
48,188,23.872127,38.006713
48,189,23.870857,38.009261
48,190,23.871397,38.01279
48,191,23.871958,38.016319
48,192,23.871427,38.01781
48,193,23.868288,38.0181
48,194,23.867288,38.016509
48,195,23.865749,38.01723
48,196,23.86425,38.018459
48,197,23.8623,38.019599
48,198,23.86181,38.019718
48,199,23.8619,38.019699
48,200,23.861419,38.019939
48,201,23.862179,38.019519
48,202,23.862179,38.019519
48,203,23.863378,38.018951
48,204,23.86464,38.01818
48,205,23.866138,38.016841
48,206,23.867588,38.016853
48,207,23.869077,38.018001
48,208,23.872208,38.017642
48,209,23.871607,38.014461
48,210,23.871027,38.010859
48,211,23.871807,38.007739
48,212,23.872027,38.005111
48,213,23.874207,38.004542
48,214,23.876806,38.003821
48,215,23.878357,38.003783
48,216,23.878527,38.003783
48,217,23.878946,38.003784
48,218,23.879998,38.003764
48,219,23.880648,38.003765
48,220,23.880727,38.003302
48,221,23.880508,38.001002
48,222,23.880568,37.996524
48,223,23.881908,37.991714
48,224,23.881458,37.990276
48,225,23.881378,37.990184
48,226,23.881359,37.990054
48,227,23.881359,37.990005
48,228,23.880659,37.989333
48,229,23.879689,37.989272
48,230,23.876958,37.990982
48,231,23.875279,37.99216
48,232,23.87526,37.992122
48,233,23.87562,37.993351
48,234,23.876089,37.995792
48,235,23.87628,37.998492
48,236,23.875959,37.999591
48,237,23.876521,38.001479
48,238,23.87692,38.002861
48,239,23.877111,38.00381
48,240,23.874971,38.00426
48,241,23.87173,38.005252
48,242,23.868031,38.005893
48,243,23.865739,38.006252
48,244,23.86302,38.00685
48,245,23.860711,38.007281
48,246,23.858931,38.007522
48,247,23.857,38.007983
48,248,23.856519,38.008773
48,249,23.857121,38.009754
48,250,23.854961,38.011382
48,251,23.853361,38.01475
48,252,23.851822,38.018111
48,253,23.850332,38.020732
48,254,23.849753,38.02114
48,255,23.849873,38.02138
48,256,23.850553,38.02132
48,257,23.851484,38.021469
48,258,23.852243,38.021537
48,259,23.851743,38.021606
48,260,23.850264,38.021777
48,261,23.849274,38.021976
48,262,23.848034,38.022014
48,263,23.846624,38.022254
48,264,23.844894,38.022483
48,265,23.844664,38.022551
48,266,23.844154,38.022601
48,267,23.843815,38.022621
48,268,23.844015,38.022681
48,269,23.844505,38.022681
48,270,23.844595,38.022693
48,271,23.844046,38.022784
48,272,23.844104,38.022654
48,273,23.845735,38.022403
48,274,23.847745,38.022094
48,275,23.849667,38.021923
48,276,23.850856,38.021861
48,277,23.853447,38.021479
48,278,23.853486,38.02156
48,279,23.851486,38.021831
48,280,23.850817,38.021782
48,281,23.852597,38.02153
48,282,23.853836,38.021338
48,283,23.856057,38.021068
48,284,23.858546,38.020686
48,285,23.860285,38.020217
48,286,23.862425,38.019416
48,287,23.864346,38.018306
48,288,23.865845,38.017035
48,289,23.867435,38.016605
48,290,23.869264,38.017967
48,291,23.872135,38.017455
48,292,23.871546,38.014087
48,293,23.871136,38.011497
48,294,23.871206,38.008025
48,295,23.871755,38.005263
48,296,23.874136,38.004573
48,297,23.876186,38.004004
48,298,23.877157,38.003864
48,299,23.878147,38.003863
48,300,23.879127,38.003814
48,301,23.880538,38.003802
48,302,23.880707,38.003494
48,303,23.880667,38.002605
48,304,23.880336,38.000106
48,305,23.880747,37.996184
48,306,23.881857,37.992183
48,307,23.881928,37.990611
48,308,23.881447,37.98997
48,309,23.881326,37.989959
48,310,23.880957,37.989578
48,311,23.880346,37.989036
48,312,23.879486,37.989444
48,313,23.877056,37.990993
48,314,23.874826,37.992423
48,315,23.873417,37.990623
48,316,23.872027,37.989894
48,317,23.870056,37.991053
48,318,23.871986,37.993053
48,319,23.870167,37.995364
48,320,23.870037,37.996085
48,321,23.867336,37.997535
48,322,23.864357,37.999133
48,323,23.860657,38.000743
48,324,23.857956,38.002742
48,325,23.858066,38.005641
48,326,23.858536,38.00724
48,327,23.858566,38.00743
48,328,23.856725,38.008109
48,329,23.856707,38.008941
48,330,23.857197,38.009532
48,331,23.856916,38.009723
48,332,23.856876,38.009772
48,333,23.856466,38.010104
48,334,23.854786,38.011554
48,335,23.853367,38.014705
48,336,23.851877,38.017993
48,337,23.850687,38.020694
48,338,23.848356,38.020675
48,339,23.847136,38.021057
48,340,23.847055,38.021067
48,341,23.847416,38.021556
48,342,23.848856,38.023997
48,343,23.850016,38.026317
48,344,23.846965,38.027476
48,345,23.844255,38.028915
48,346,23.842784,38.026596
48,347,23.840225,38.025176
48,348,23.838295,38.024177
48,349,23.838745,38.023628
48,350,23.838865,38.023357
48,351,23.838325,38.023387
48,352,23.837665,38.023478
48,353,23.837135,38.023589
48,354,23.836195,38.023738
48,355,23.835214,38.023627
48,356,23.834295,38.023349
48,357,23.834526,38.022899
48,358,23.835216,38.022769
48,359,23.835567,38.023078
48,360,23.836048,38.023017
48,361,23.836438,38.023177
48,362,23.836418,38.023258
48,363,23.836328,38.023307
48,364,23.836409,38.023239
48,365,23.836128,38.023059
48,366,23.835398,38.022869
48,367,23.834528,38.022887
48,368,23.834189,38.023006
48,369,23.834228,38.023276
48,370,23.834878,38.023456
48,371,23.835289,38.023875
48,372,23.83639,38.023726
48,373,23.837509,38.023498
48,374,23.838628,38.023269
48,375,23.838788,38.023539
48,376,23.838308,38.02389
48,377,23.838339,38.023861
48,378,23.838389,38.024509
48,379,23.841508,38.025508
48,380,23.843458,38.026259
48,381,23.846369,38.025329
48,382,23.849228,38.024818
48,383,23.848078,38.022628
48,384,23.846129,38.019889
48,385,23.844799,38.017138
48,386,23.843639,38.014068
48,387,23.84368,38.011097
48,388,23.843698,38.010955
48,389,23.84706,38.010005
48,390,23.85237,38.009136
48,391,23.854969,38.008167
48,392,23.855079,38.006568
48,393,23.85573,38.005317
48,394,23.8562,38.003837
48,395,23.858028,38.002326
48,396,23.861658,38.000095
48,397,23.865117,37.998664
48,398,23.868699,37.996672
48,399,23.872957,37.994521
48,400,23.875337,37.991992
48,401,23.879387,37.989364
48,402,23.880546,37.989272
48,403,23.881157,37.990233
48,404,23.881127,37.990272
48,405,23.881116,37.990241
48,406,23.881216,37.98997
48,407,23.880245,37.98899
48,408,23.878666,37.989822
48,409,23.875696,37.991801
48,410,23.874206,37.99161
48,411,23.872036,37.989803
48,412,23.869887,37.990634
48,413,23.868026,37.989795
48,414,23.865977,37.987773
48,415,23.864715,37.985892
48,416,23.862596,37.984893
48,417,23.861896,37.983493
48,418,23.859886,37.982612
48,419,23.856876,37.982131
48,420,23.856266,37.983561
48,421,23.855226,37.984611
48,422,23.852776,37.984371
48,423,23.851435,37.98418
48,424,23.851546,37.982898
48,425,23.849914,37.982558
48,426,23.848304,37.982597
48,427,23.848404,37.982635
