49,1,23.848662,37.982623
49,2,23.849922,37.982852
49,3,23.849753,37.984233
49,4,23.850912,37.984184
49,5,23.851742,37.984203
49,6,23.854021,37.984572
49,7,23.855242,37.984542
49,8,23.855991,37.983902
49,9,23.856451,37.982249
49,10,23.857491,37.982261
49,11,23.859581,37.982581
49,12,23.861952,37.98355
49,13,23.863361,37.985229
49,14,23.865322,37.986918
49,15,23.866842,37.988948
49,16,23.869571,37.990657
49,17,23.872742,37.989837
49,18,23.874632,37.992218
49,19,23.874641,37.992228
49,20,23.874741,37.992339
49,21,23.87784,37.990379
49,22,23.8806,37.989337
49,23,23.881291,37.990207
49,24,23.881411,37.990047
49,25,23.88192,37.990615
49,26,23.88188,37.990566
49,27,23.88179,37.990448
49,28,23.881531,37.990275
49,29,23.88121,37.990047
49,30,23.881071,37.989948
49,31,23.881052,37.989985
49,32,23.880781,37.989814
49,33,23.88001,37.989143
49,34,23.878191,37.990203
49,35,23.875261,37.992122
49,36,23.874142,37.991702
49,37,23.872443,37.989791
49,38,23.870112,37.99039
49,39,23.868581,37.990161
49,40,23.866201,37.98838
49,41,23.8649,37.986148
49,42,23.863201,37.986598
49,43,23.86107,37.98759
49,44,23.858261,37.988818
49,45,23.856011,37.989756
49,46,23.855051,37.988395
49,47,23.85367,37.987514
49,48,23.851031,37.988662
49,49,23.85042,37.988662
49,50,23.850611,37.987182
49,51,23.850731,37.986263
49,52,23.85083,37.985472
49,53,23.85108,37.984473
49,54,23.8515,37.982482
49,55,23.84964,37.982581
49,56,23.84785,37.98241
49,57,23.847842,37.981578
49,58,23.847841,37.9808
49,59,23.847832,37.98014
49,60,23.847831,37.980101
49,61,23.847841,37.980064
49,62,23.847871,37.979873
49,63,23.847891,37.979922
49,64,23.848271,37.979602
49,65,23.848891,37.980453
49,66,23.84984,37.981131
49,67,23.851471,37.981303
49,68,23.85189,37.981372
49,69,23.85158,37.982723
49,70,23.851678,37.984214
49,71,23.854168,37.984622
49,72,23.856018,37.983931
49,73,23.856568,37.982082
49,74,23.859728,37.9826
49,75,23.861899,37.983562
49,76,23.863219,37.985241
49,77,23.865358,37.98712
49,78,23.867597,37.989532
49,79,23.870206,37.990283
49,80,23.873077,37.990333
49,81,23.874628,37.992274
49,82,23.874869,37.992263
49,83,23.874989,37.992152
49,84,23.875028,37.992152
49,85,23.875399,37.991954
49,86,23.878738,37.989784
49,87,23.880409,37.989174
49,88,23.880999,37.989753
49,89,23.881309,37.990123
49,90,23.881359,37.990062
49,91,23.881759,37.990451
49,92,23.88201,37.990631
49,93,23.88184,37.99089
49,94,23.8815,37.990329
49,95,23.881269,37.99018
49,96,23.881289,37.990142
49,97,23.881278,37.990032
49,98,23.881199,37.990069
49,99,23.880989,37.989879
49,100,23.880779,37.989658
49,101,23.880779,37.989638
49,102,23.880208,37.989097
49,103,23.878049,37.990348
49,104,23.875059,37.992389
49,105,23.87541,37.993277
49,106,23.87598,37.996379
49,107,23.87639,37.999087
49,108,23.87763,38.000659
49,109,23.87797,38.001701
49,110,23.87796,38.001583
49,111,23.87839,38.002833
49,112,23.877849,38.003112
49,113,23.877038,38.003143
49,114,23.875809,38.003501
49,115,23.875948,38.003982
49,116,23.874128,38.004573
49,117,23.869519,38.005653
49,118,23.866448,38.006183
49,119,23.863477,38.006763
49,120,23.860717,38.007324
49,121,23.860128,38.007392
49,122,23.858019,38.007712
49,123,23.856009,38.008354
49,124,23.853669,38.009025
49,125,23.850459,38.009543
49,126,23.846458,38.010192
49,127,23.842119,38.010753
49,128,23.837239,38.012283
49,129,23.832129,38.013591
49,130,23.827988,38.013991
49,131,23.826858,38.013991
49,132,23.825758,38.01393
49,133,23.825288,38.013912
49,134,23.824139,38.013862
49,135,23.822508,38.013782
49,136,23.820507,38.013671
49,137,23.820497,38.013671
49,138,23.818197,38.01308
49,139,23.815897,38.012439
49,140,23.815017,38.01221
49,141,23.814457,38.012092
49,142,23.814028,38.011962
49,143,23.813149,38.011733
49,144,23.812418,38.011573
49,145,23.812399,38.011573
49,146,23.811838,38.011463
49,147,23.811449,38.011382
49,148,23.81106,38.011302
49,149,23.81,38.011051
49,150,23.80916,38.010761
49,151,23.808469,38.010459
49,152,23.807591,38.010039
49,153,23.807211,38.009849
49,154,23.80672,38.009628
49,155,23.80648,38.009517
49,156,23.80645,38.009468
49,157,23.80575,38.009146
49,158,23.80508,38.008845
49,159,23.804861,38.008766
49,160,23.804772,38.008728
49,161,23.804352,38.008548
49,162,23.804182,38.00848
49,163,23.803612,38.008258
49,164,23.803482,38.008189
49,165,23.802582,38.00785
49,166,23.802452,38.0078
49,167,23.801793,38.007529
49,168,23.800362,38.00714
49,169,23.800001,38.007091
49,170,23.7998,38.007053
49,171,23.7992,38.006935
49,172,23.79873,38.006774
49,173,23.797861,38.006484
49,174,23.797291,38.006293
49,175,23.796871,38.006133
49,176,23.796671,38.006072
49,177,23.79586,38.005771
49,178,23.795681,38.005691
49,179,23.795252,38.005401
49,180,23.795002,38.00521
49,181,23.794352,38.00476
49,182,23.794352,38.00476
49,183,23.793963,38.004489
49,184,23.793583,38.004218
49,185,23.793413,38.004088
49,186,23.793223,38.003959
49,187,23.792973,38.003768
49,188,23.792192,38.003177
49,189,23.791882,38.002845
49,190,23.791841,38.002815
49,191,23.791481,38.002563
49,192,23.790651,38.002254
49,193,23.789221,38.001792
49,194,23.788301,38.001472
49,195,23.788292,38.001472
49,196,23.787532,38.001213
49,197,23.786653,38.000743
49,198,23.786554,38.000693
49,199,23.786455,38.000644
49,200,23.785006,37.999786
49,201,23.784975,37.999767
49,202,23.784385,37.999297
49,203,23.783005,37.998149
49,204,23.782456,37.997711
49,205,23.782175,37.99752
49,206,23.780245,37.9962
49,207,23.777575,37.994491
49,208,23.773884,37.99224
49,209,23.771744,37.99126
49,210,23.771315,37.991038
49,211,23.769115,37.98936
49,212,23.767034,37.988151
49,213,23.765814,37.987159
49,214,23.765324,37.986889
49,215,23.762913,37.985969
49,216,23.760702,37.985229
49,217,23.760052,37.985118
49,218,23.759512,37.984378
49,219,23.757252,37.982879
49,220,23.756422,37.982429
49,221,23.755642,37.981719
49,222,23.754152,37.980178
49,223,23.752913,37.97908
49,224,23.752693,37.97892
49,225,23.752113,37.978439
49,226,23.752094,37.978439
49,227,23.750515,37.977237
49,228,23.748175,37.975646
49,229,23.745235,37.973655
49,230,23.743475,37.972446
49,231,23.741686,37.971194
49,232,23.741165,37.970744
49,233,23.738445,37.969332
49,234,23.734465,37.970283
49,235,23.733363,37.970763
49,236,23.733124,37.970893
49,237,23.731594,37.969993
49,238,23.731004,37.967983
49,239,23.730465,37.967521
49,240,23.728105,37.965652
49,241,23.726095,37.964072
49,242,23.725155,37.963282
49,243,23.725065,37.963084
49,244,23.723015,37.961543
49,245,23.720335,37.959552
49,246,23.718374,37.958244
49,247,23.717924,37.957923
49,248,23.717523,37.957645
49,249,23.717094,37.957344
49,250,23.717075,37.957344
49,251,23.716866,37.957203
49,252,23.716415,37.956821
49,253,23.716415,37.956832
49,254,23.716286,37.957031
49,255,23.716095,37.957191
49,256,23.716184,37.957222
49,257,23.715855,37.957023
49,258,23.715855,37.956992
49,259,23.715814,37.957133
49,260,23.715854,37.957103
49,261,23.716085,37.957252
49,262,23.716285,37.956981
49,263,23.715925,37.956512
49,264,23.715845,37.956332
49,265,23.715164,37.955654
49,266,23.714704,37.955505
49,267,23.714295,37.955925
49,268,23.713153,37.955284
49,269,23.712713,37.954643
49,270,23.713153,37.953872
49,271,23.713724,37.953383
49,272,23.714004,37.953335
49,273,23.714964,37.954204
49,274,23.714934,37.955272
49,275,23.716833,37.95687
49,276,23.719673,37.95909
49,277,23.722293,37.961192
49,278,23.723764,37.961513
49,279,23.723995,37.961631
49,280,23.724455,37.96189
49,281,23.724544,37.961921
49,282,23.725414,37.962612
49,283,23.726854,37.96405
49,284,23.727125,37.964351
49,285,23.727906,37.964863
49,286,23.730955,37.965972
49,287,23.732425,37.966972
49,288,23.732465,37.966991
49,289,23.734325,37.967322
49,290,23.736314,37.967963
49,291,23.736395,37.967982
49,292,23.736395,37.967982
49,293,23.737524,37.968402
49,294,23.739304,37.969642
49,295,23.739642,37.969802
49,296,23.741252,37.970752
49,297,23.743973,37.972583
49,298,23.744072,37.972674
49,299,23.744731,37.973136
49,300,23.746323,37.974227
49,301,23.748672,37.975818
49,302,23.751162,37.977519
49,303,23.752592,37.978679
49,304,23.754223,37.98011
49,305,23.755823,37.981781
49,306,23.756572,37.982482
49,307,23.758213,37.983371
49,308,23.760664,37.985072
49,309,23.762054,37.985744
49,310,23.762594,37.985965
49,311,23.762644,37.985976
49,312,23.762733,37.986007
49,313,23.763073,37.986125
49,314,23.763082,37.986125
49,315,23.763903,37.986137
49,316,23.765362,37.986469
49,317,23.765593,37.986839
49,318,23.767073,37.988078
49,319,23.768532,37.989108
49,320,23.771442,37.9911
49,321,23.775133,37.99269
49,322,23.776804,37.993708
49,323,23.777254,37.994067
49,324,23.778333,37.994876
49,325,23.778685,37.995105
49,326,23.778876,37.995204
49,327,23.781086,37.996536
49,328,23.782175,37.997306
49,329,23.783414,37.998287
49,330,23.785114,37.999667
49,331,23.786415,38.000445
49,332,23.786575,38.000538
49,333,23.787925,38.001185
49,334,23.788696,38.001426
49,335,23.790756,38.002105
49,336,23.792545,38.003215
49,337,23.792665,38.003333
49,338,23.794336,38.004592
49,339,23.795887,38.00566
49,340,23.800327,38.007029
49,341,23.803047,38.007888
49,342,23.806859,38.009539
49,343,23.810747,38.011119
49,344,23.816378,38.012427
49,345,23.820207,38.013507
49,346,23.821518,38.013667
49,347,23.822718,38.013766
49,348,23.826838,38.013938
49,349,23.831207,38.013766
49,350,23.831778,38.013625
49,351,23.833347,38.013305
49,352,23.836807,38.012424
49,353,23.837597,38.012023
49,354,23.837708,38.011974
49,355,23.838817,38.011424
49,356,23.839237,38.011234
49,357,23.840276,38.010933
49,358,23.841796,38.010753
49,359,23.844366,38.010463
49,360,23.847995,38.009895
49,361,23.853386,38.008956
49,362,23.854805,38.007556
49,363,23.855264,38.006168
49,364,23.855785,38.005648
49,365,23.856455,38.004859
49,366,23.856356,38.004378
49,367,23.856296,38.003269
49,368,23.857566,38.002628
49,369,23.859017,38.001838
49,370,23.860595,38.000716
49,371,23.864025,37.999237
49,372,23.867025,37.997676
49,373,23.869736,37.996135
49,374,23.871696,37.995536
49,375,23.873947,37.993026
49,376,23.874657,37.992484
49,377,23.877836,37.990382
49,378,23.880436,37.989131
49,379,23.880596,37.989231
49,380,23.880606,37.989231
49,381,23.881346,37.990051
49,382,23.881475,37.990119
49,383,23.881475,37.990119
49,384,23.881605,37.990371
49,385,23.881864,37.990562
49,386,23.881864,37.99055
49,387,23.881985,37.990569
49,388,23.881945,37.99055
49,389,23.881754,37.990432
49,390,23.881745,37.990432
49,391,23.881593,37.990291
49,392,23.881303,37.9901
49,393,23.881303,37.9901
49,394,23.880823,37.989539
49,395,23.879904,37.989158
49,396,23.877474,37.99065
49,397,23.874945,37.992431
49,398,23.876225,37.994461
49,399,23.876015,37.997531
49,400,23.875944,37.998702
49,401,23.875984,37.999561
49,402,23.876255,38.000251
49,403,23.876986,38.00188
49,404,23.877066,38.003081
49,405,23.875925,38.003402
49,406,23.876085,38.003982
49,407,23.874846,38.00434
49,408,23.875025,38.004859
49,409,23.876385,38.00566
49,410,23.877094,38.006099
49,411,23.877794,38.007091
49,412,23.878235,38.007422
49,413,23.878235,38.007422
49,414,23.878345,38.007583
49,415,23.878416,38.007361
49,416,23.878926,38.007323
49,417,23.879394,38.007773
49,418,23.879765,38.008182
49,419,23.879644,38.008342
49,420,23.878974,38.008823
49,421,23.878756,38.008842
49,422,23.878736,38.008831
49,423,23.879627,38.008392
49,424,23.879717,38.008322
49,425,23.879717,38.008312
49,426,23.879547,38.007991
49,427,23.879017,38.007502
49,428,23.878446,38.007423
49,429,23.877756,38.007071
49,430,23.877166,38.006343
49,431,23.876877,38.005672
49,432,23.875817,38.005481
49,433,23.874756,38.004832
49,434,23.875407,38.004211
49,435,23.876735,38.003901
49,436,23.877837,38.003883
49,437,23.879706,38.003871
49,438,23.880745,38.00373
49,439,23.880645,38.002059
49,440,23.880176,37.998359
49,441,23.881465,37.993468
49,442,23.881886,37.990607
49,443,23.881796,37.990497
49,444,23.881805,37.990378
49,445,23.881904,37.990447
49,446,23.881904,37.990497
49,447,23.881895,37.990535
49,448,23.881796,37.990424
49,449,23.881776,37.990504
49,450,23.881717,37.990424
49,451,23.880657,37.989326
49,452,23.880296,37.989005
49,453,23.878727,37.989856
49,454,23.875517,37.991984
49,455,23.874817,37.992114
49,456,23.874786,37.992133
49,457,23.875036,37.992072
49,458,23.874635,37.992363
49,459,23.873395,37.990741
49,460,23.871906,37.98994
49,461,23.869156,37.990501
49,462,23.866415,37.98873
49,463,23.864916,37.98632
49,464,23.862526,37.985019
49,465,23.861595,37.983428
49,466,23.858666,37.982517
49,467,23.856535,37.982406
49,468,23.856035,37.984256
49,469,23.853796,37.984645
49,470,23.851397,37.984286
49,471,23.851356,37.984275
49,472,23.851347,37.984275
49,473,23.851477,37.983016
49,474,23.851418,37.981437
49,475,23.849928,37.981388
49,476,23.849748,37.982657
49,477,23.848329,37.982696
49,478,23.84856,37.982585
49,479,23.848699,37.982757
49,480,23.849889,37.983158
49,481,23.849619,37.984626
49,482,23.849388,37.986056
49,483,23.849138,37.987438
49,484,23.849228,37.987457
49,485,23.849339,37.987338
49,486,23.849398,37.987369
49,487,23.850486,37.987419
49,488,23.850506,37.98743
49,489,23.850656,37.987899
49,490,23.851486,37.987338
49,491,23.851486,37.987208
49,492,23.851486,37.987197
49,493,23.851546,37.987326
49,494,23.851835,37.988048
49,495,23.853454,37.987426
49,496,23.854784,37.986884
49,497,23.854713,37.985244
49,498,23.856023,37.983912
49,499,23.856483,37.982143
49,500,23.858673,37.982432
49,501,23.861093,37.983013
49,502,23.862484,37.984233
49,503,23.864125,37.985583
49,504,23.865774,37.987563
49,505,23.867973,37.989803
49,506,23.870715,37.990062
49,507,23.873384,37.990481
49,508,23.874765,37.992232
49,509,23.874895,37.992282
49,510,23.877704,37.990432
49,511,23.880375,37.989051
49,512,23.881325,37.990042
49,513,23.881306,37.990161
49,514,23.881315,37.99015
