5,1,23.878963,38.21738
5,2,23.879093,38.217559
5,3,23.879294,38.217979
5,4,23.879744,38.218719
5,5,23.880014,38.21907
5,6,23.880424,38.218299
5,7,23.880986,38.216529
5,8,23.881765,38.215511
5,9,23.881756,38.215499
5,10,23.882156,38.21456
5,11,23.881586,38.212772
5,12,23.883285,38.210773
5,13,23.882805,38.210231
5,14,23.879225,38.211089
5,15,23.875234,38.211109
5,16,23.872005,38.209807
5,17,23.869406,38.208018
5,18,23.865095,38.206367
5,19,23.860364,38.204917
5,20,23.856924,38.202537
5,21,23.855425,38.199657
5,22,23.852804,38.195315
5,23,23.854414,38.189925
5,24,23.851753,38.189006
5,25,23.851744,38.186267
5,26,23.853163,38.180037
5,27,23.854603,38.173629
5,28,23.856173,38.16661
5,29,23.855432,38.159042
5,30,23.853893,38.15179
5,31,23.847923,38.145389
5,32,23.843054,38.139488
5,33,23.842234,38.140357
5,34,23.844673,38.139499
5,35,23.844892,38.139468
5,36,23.843563,38.138308
5,37,23.840543,38.133628
5,38,23.840673,38.131668
5,39,23.841074,38.131156
5,40,23.841054,38.131064
5,41,23.841125,38.130973
5,42,23.841045,38.130973
5,43,23.840734,38.131362
5,44,23.840084,38.131743
5,45,23.839443,38.131232
5,46,23.837883,38.128032
5,47,23.837032,38.12617
5,48,23.836323,38.124709
5,49,23.832863,38.120658
5,50,23.829603,38.117327
5,51,23.829464,38.116717
5,52,23.829134,38.115657
5,53,23.828505,38.114326
5,54,23.826824,38.112277
5,55,23.826044,38.110477
5,56,23.826013,38.110045
5,57,23.826094,38.108424
5,58,23.826164,38.106174
5,59,23.825964,38.104015
5,60,23.825744,38.101775
5,61,23.825485,38.099994
5,62,23.825155,38.099586
5,63,23.824496,38.098296
5,64,23.823986,38.096247
5,65,23.822686,38.093589
5,66,23.821976,38.092521
5,67,23.821836,38.09228
5,68,23.821565,38.091849
5,69,23.821535,38.091731
5,70,23.821316,38.09143
5,71,23.820125,38.0904
5,72,23.818855,38.08924
5,73,23.817705,38.088229
5,74,23.817674,38.088168
5,75,23.818514,38.087207
5,76,23.818754,38.084227
5,77,23.819694,38.080699
5,78,23.820104,38.079337
5,79,23.820123,38.079177
5,80,23.820235,38.078807
5,81,23.820475,38.078018
5,82,23.820826,38.077098
5,83,23.820965,38.076568
5,84,23.821055,38.075846
5,85,23.821064,38.075316
5,86,23.820845,38.072768
5,87,23.823194,38.072409
5,88,23.826454,38.07212
5,89,23.827873,38.072002
5,90,23.829883,38.071773
5,91,23.832243,38.071612
5,92,23.833303,38.070533
5,93,23.835364,38.070304
5,94,23.838083,38.069576
5,95,23.841602,38.068584
5,96,23.841503,38.067435
5,97,23.840812,38.065894
5,98,23.839484,38.065715
5,99,23.837892,38.064125
5,100,23.837082,38.063045
5,101,23.837002,38.062595
5,102,23.839382,38.061984
5,103,23.840163,38.061206
5,104,23.838201,38.059898
5,105,23.837483,38.059108
5,106,23.837803,38.058807
5,107,23.838413,38.057037
5,108,23.838783,38.055008
5,109,23.839153,38.053027
5,110,23.838883,38.052268
5,111,23.838993,38.051677
5,112,23.839693,38.049716
5,113,23.839693,38.047485
5,114,23.837914,38.045654
5,115,23.836532,38.044723
5,116,23.835932,38.045123
5,117,23.834892,38.045424
5,118,23.834662,38.045406
5,119,23.834571,38.045394
5,120,23.834611,38.045382
5,121,23.834662,38.045401
5,122,23.834752,38.045391
5,123,23.834581,38.045299
5,124,23.834261,38.045101
5,125,23.8339,38.044952
5,126,23.83366,38.044792
5,127,23.833299,38.044459
5,128,23.834119,38.045219
5,129,23.835689,38.045108
5,130,23.836809,38.044776
5,131,23.838958,38.046374
5,132,23.839348,38.046782
5,133,23.839788,38.047443
5,134,23.839819,38.047892
5,135,23.839818,38.048091
5,136,23.839819,38.048381
5,137,23.839818,38.048603
5,138,23.839779,38.049102
5,139,23.839778,38.04917
5,140,23.839729,38.049701
5,141,23.83967,38.05019
5,142,23.83961,38.050429
5,143,23.83938,38.051131
5,144,23.839229,38.051311
5,145,23.8391,38.05189
5,146,23.84148,38.053382
5,147,23.842581,38.054462
5,148,23.839981,38.055793
5,149,23.838421,38.057624
5,150,23.83702,38.058883
5,151,23.835831,38.058711
5,152,23.836111,38.05978
5,153,23.83629,38.060611
5,154,23.83444,38.061283
5,155,23.830959,38.063014
5,156,23.827709,38.064186
5,157,23.826719,38.065535
5,158,23.826559,38.066387
5,159,23.825279,38.066387
5,160,23.822299,38.066596
5,161,23.82114,38.066616
5,162,23.82119,38.067817
5,163,23.820919,38.070426
5,164,23.820919,38.072528
5,165,23.821039,38.073718
5,166,23.82102,38.074267
5,167,23.820989,38.076137
5,168,23.82054,38.077617
5,169,23.82045,38.077949
5,170,23.819519,38.080569
5,171,23.818539,38.08456
5,172,23.818428,38.08673
5,173,23.817787,38.087749
5,174,23.817768,38.08778
5,175,23.817518,38.087909
5,176,23.817468,38.088027
5,177,23.81844,38.089087
5,178,23.81905,38.089446
5,179,23.819571,38.090007
5,180,23.82144,38.091579
5,181,23.82373,38.095477
5,182,23.8239,38.098537
5,183,23.82003,38.100345
5,184,23.819629,38.100524
5,185,23.8193,38.100635
5,186,23.81814,38.101043
5,187,23.817489,38.101272
5,188,23.816469,38.101444
5,189,23.816358,38.101592
5,190,23.816358,38.101604
5,191,23.817058,38.103973
5,192,23.820459,38.108371
5,193,23.825079,38.112769
5,194,23.829288,38.116981
5,195,23.833998,38.121692
5,196,23.837597,38.127353
5,197,23.839947,38.131854
5,198,23.841017,38.131023
5,199,23.841066,38.130992
5,200,23.841048,38.130981
5,201,23.841077,38.130981
5,202,23.841019,38.131153
5,203,23.841019,38.131172
5,204,23.840979,38.131233
5,205,23.840609,38.131762
5,206,23.839628,38.131664
5,207,23.838139,38.128623
5,208,23.836039,38.124263
5,209,23.833078,38.120902
5,210,23.830759,38.118724
5,211,23.828659,38.117232
5,212,23.825749,38.114364
5,213,23.823919,38.113795
5,214,23.823269,38.111797
5,215,23.82042,38.109035
5,216,23.816019,38.104945
5,217,23.809579,38.102157
5,218,23.80339,38.099696
5,219,23.79731,38.097358
5,220,23.792759,38.093936
5,221,23.789869,38.090175
5,222,23.786829,38.086215
5,223,23.783798,38.082286
5,224,23.779928,38.077754
5,225,23.774788,38.074783
5,226,23.768697,38.072341
5,227,23.762518,38.069881
5,228,23.758868,38.068801
5,229,23.759967,38.06829
5,230,23.759918,38.066611
5,231,23.759427,38.06531
5,232,23.758728,38.064491
5,233,23.758647,38.064399
5,234,23.757808,38.063331
5,235,23.756757,38.061221
5,236,23.755838,38.05899
5,237,23.754519,38.05717
5,238,23.753199,38.05535
5,239,23.752029,38.053401
5,240,23.750419,38.051582
5,241,23.74996,38.051132
5,242,23.74922,38.0503
5,243,23.749609,38.049492
5,244,23.750698,38.049633
5,245,23.752268,38.049091
5,246,23.754528,38.048312
5,247,23.755548,38.047771
5,248,23.756448,38.047209
5,249,23.756849,38.04697
5,250,23.75717,38.04674
5,251,23.758221,38.04568
5,252,23.759491,38.043899
5,253,23.761162,38.042277
5,254,23.762151,38.041999
5,255,23.76291,38.041908
5,256,23.763061,38.041858
5,257,23.763222,38.041846
5,258,23.763421,38.041766
5,259,23.763002,38.041656
5,260,23.762743,38.041496
5,261,23.762372,38.041217
5,262,23.762633,38.041415
5,263,23.762903,38.041595
5,264,23.762974,38.041675
5,265,23.762533,38.041835
5,266,23.760434,38.042705
5,267,23.760414,38.042736
5,268,23.759695,38.043555
5,269,23.759596,38.043807
5,270,23.759556,38.043906
5,271,23.759556,38.043944
5,272,23.759257,38.044406
5,273,23.759096,38.044646
5,274,23.758966,38.044948
5,275,23.758566,38.045367
5,276,23.758486,38.045459
5,277,23.757376,38.046451
5,278,23.755414,38.047591
5,279,23.752704,38.048602
5,280,23.750485,38.049331
5,281,23.749694,38.049202
5,282,23.749066,38.050021
5,283,23.747236,38.0484
5,284,23.745556,38.048888
5,285,23.743317,38.049697
5,286,23.743286,38.050105
5,287,23.745525,38.054065
5,288,23.748266,38.059665
5,289,23.752426,38.065295
5,290,23.759636,38.068416
5,291,23.767157,38.071437
5,292,23.774777,38.074508
5,293,23.781557,38.078937
5,294,23.786226,38.085006
5,295,23.790266,38.090247
5,296,23.791696,38.092135
5,297,23.795576,38.096244
5,298,23.802265,38.098994
5,299,23.809716,38.101905
5,300,23.815106,38.103873
5,301,23.815445,38.105464
5,302,23.819796,38.108554
5,303,23.823376,38.113414
5,304,23.827265,38.115726
5,305,23.830645,38.118736
5,306,23.832674,38.120486
5,307,23.836324,38.124797
5,308,23.838754,38.129958
5,309,23.840574,38.131728
5,310,23.840593,38.131408
5,311,23.840593,38.131358
