50,1,23.881252,37.98997
50,2,23.881332,37.990001
50,3,23.881573,37.990181
50,4,23.882253,37.990661
50,5,23.881943,37.991901
50,6,23.881283,37.99422
50,7,23.881002,37.995219
50,8,23.880372,37.99747
50,9,23.880444,38.000411
50,10,23.880804,38.003371
50,11,23.880814,38.003531
50,12,23.880853,38.003562
50,13,23.880015,38.003783
50,14,23.876653,38.003852
50,15,23.872975,38.004943
50,16,23.869625,38.005573
50,17,23.865265,38.006343
50,18,23.861244,38.007194
50,19,23.859764,38.007404
50,20,23.856034,38.008304
50,21,23.852163,38.009223
50,22,23.847813,38.009944
50,23,23.843313,38.010585
50,24,23.838383,38.011714
50,25,23.833223,38.013354
50,26,23.827053,38.013995
50,27,23.821623,38.013725
50,28,23.820442,38.013664
50,29,23.818732,38.013202
50,30,23.81405,38.011993
50,31,23.812031,38.011523
50,32,23.809382,38.010852
50,33,23.805592,38.009082
50,34,23.80128,38.007381
50,35,23.796421,38.005992
50,36,23.793151,38.003863
50,37,23.790392,38.002162
50,38,23.787043,38.001052
50,39,23.784413,38.002372
50,40,23.783851,38.002642
50,41,23.783741,38.002693
50,42,23.782492,38.003314
50,43,23.781752,38.002643
50,44,23.779432,38.001384
50,45,23.776833,38.001525
50,46,23.775923,38.003783
50,47,23.775723,38.004351
50,48,23.775692,38.004332
50,49,23.775541,38.004393
50,50,23.775702,38.004394
50,51,23.775661,38.004665
50,52,23.775621,38.004653
50,53,23.776041,38.003433
50,54,23.77676,38.001384
50,55,23.778049,38.001224
50,56,23.78125,38.001945
50,57,23.783541,38.002754
50,58,23.78664,38.001224
50,59,23.788139,38.001242
50,60,23.791859,38.002642
50,61,23.795389,38.005344
50,62,23.800388,38.007003
50,63,23.805548,38.008915
50,64,23.810758,38.011065
50,65,23.816288,38.012355
50,66,23.820007,38.013415
50,67,23.821367,38.013564
50,68,23.825838,38.013785
50,69,23.831538,38.013565
50,70,23.837127,38.012165
50,71,23.842258,38.010673
50,72,23.847819,38.009902
50,73,23.853369,38.008964
50,74,23.857168,38.007854
50,75,23.858997,38.007453
50,76,23.863517,38.006664
50,77,23.868858,38.005603
50,78,23.874128,38.004523
50,79,23.878689,38.003772
50,80,23.880718,38.00323
50,81,23.880188,37.99974
50,82,23.880798,37.995712
50,83,23.881858,37.991931
50,84,23.881769,37.990463
50,85,23.881858,37.990523
50,86,23.881309,37.990043
50,87,23.881756,37.990364
50,88,23.881815,37.990424
50,89,23.882115,37.991146
50,90,23.881264,37.994186
50,91,23.880292,37.997695
50,92,23.880613,38.001274
50,93,23.880774,38.003585
50,94,23.880774,38.003585
50,95,23.880573,38.003784
50,96,23.877372,38.003783
50,97,23.873502,38.004733
50,98,23.870993,38.005343
50,99,23.866752,38.006114
50,100,23.862633,38.006904
50,101,23.860723,38.007285
50,102,23.859314,38.007476
50,103,23.855354,38.008537
50,104,23.851065,38.009418
50,105,23.845724,38.010299
50,106,23.840884,38.010859
50,107,23.836162,38.012729
50,108,23.831663,38.01369
50,109,23.826113,38.01395
50,110,23.820692,38.013698
50,111,23.820433,38.013667
50,112,23.818814,38.013237
50,113,23.814514,38.012126
50,114,23.811514,38.011436
50,115,23.808063,38.010295
50,116,23.804653,38.008654
50,117,23.800613,38.007216
50,118,23.795624,38.005676
50,119,23.792814,38.003616
50,120,23.789743,38.001964
50,121,23.786743,38.001262
50,122,23.783884,38.002651
50,123,23.783854,38.00267
50,124,23.783774,38.002708
50,125,23.782512,38.003348
50,126,23.781773,38.002658
50,127,23.779253,38.001387
50,128,23.776801,38.001659
50,129,23.775832,38.004077
50,130,23.775652,38.004467
50,131,23.775701,38.004238
50,132,23.775612,38.004397
50,133,23.776021,38.003516
50,134,23.776691,38.001338
50,135,23.778331,38.001258
50,136,23.781591,38.002349
50,137,23.784101,38.00251
50,138,23.786842,38.001128
50,139,23.787942,38.001197
50,140,23.791492,38.002437
50,141,23.795152,38.005175
50,142,23.799242,38.006797
50,143,23.803682,38.008116
50,144,23.808983,38.010566
50,145,23.815073,38.012096
50,146,23.820614,38.013545
50,147,23.824503,38.013706
50,148,23.824922,38.013724
50,149,23.829492,38.013804
50,150,23.832422,38.013385
50,151,23.834541,38.012954
50,152,23.838961,38.011325
50,153,23.843842,38.010505
50,154,23.849481,38.009604
50,155,23.855063,38.008544
50,156,23.859931,38.007274
50,157,23.864921,38.006362
50,158,23.870471,38.005344
50,159,23.875572,38.004085
50,160,23.880123,38.003752
50,161,23.880734,38.003741
50,162,23.880654,38.001632
50,163,23.880243,37.997901
50,164,23.881413,37.993602
50,165,23.882042,37.990611
50,166,23.881302,37.990252
50,167,23.881292,37.990264
50,168,23.881222,37.990596
50,169,23.881382,37.991004
50,170,23.881302,37.991554
50,171,23.881351,37.991355
50,172,23.881351,37.991565
50,173,23.881401,37.991657
50,174,23.88207,37.990695
50,175,23.881891,37.990523
50,176,23.881922,37.990512
50,177,23.881521,37.990081
50,178,23.881391,37.989951
50,179,23.881311,37.990069
50,180,23.880911,37.989638
50,181,23.880261,37.989017
50,182,23.879301,37.989505
50,183,23.8768,37.991096
50,184,23.874861,37.992385
50,185,23.87441,37.991923
50,186,23.872962,37.990073
50,187,23.87071,37.990165
50,188,23.87054,37.991343
50,189,23.87219,37.993682
50,190,23.870309,37.995822
50,191,23.867661,37.99734
50,192,23.864601,37.99897
50,193,23.861252,38.000319
50,194,23.858422,38.002158
50,195,23.857922,38.002769
50,196,23.857952,38.005149
50,197,23.858442,38.00698
50,198,23.858581,38.007411
50,199,23.858581,38.007411
50,200,23.858351,38.00756
50,201,23.856861,38.008079
50,202,23.856481,38.00883
50,203,23.858162,38.010059
50,204,23.859503,38.01081
50,205,23.860122,38.01237
50,206,23.860323,38.015262
50,207,23.860403,38.018031
50,208,23.860413,38.019603
50,209,23.860193,38.021281
50,210,23.859904,38.02251
50,211,23.859663,38.023658
50,212,23.859604,38.023868
50,213,23.856773,38.024436
50,214,23.853385,38.025257
50,215,23.850464,38.026195
50,216,23.850464,38.026206
50,217,23.850214,38.026298
50,218,23.847663,38.027118
50,219,23.844784,38.028788
50,220,23.843584,38.027758
50,221,23.841913,38.02769
50,222,23.838993,38.028941
50,223,23.838083,38.029342
50,224,23.837722,38.029513
50,225,23.837583,38.029575
50,226,23.837574,38.029575
50,227,23.837083,38.029495
50,228,23.836614,38.028766
50,229,23.836355,38.028415
50,230,23.836125,38.028094
50,231,23.835695,38.027613
50,232,23.835396,38.027313
50,233,23.834816,38.026744
50,234,23.834476,38.026393
50,235,23.834366,38.026313
50,236,23.834066,38.026023
50,237,23.833566,38.025164
50,238,23.832707,38.025023
50,239,23.832176,38.025374
50,240,23.832176,38.025454
50,241,23.832396,38.025436
50,242,23.832466,38.025546
50,243,23.831615,38.025955
50,244,23.830776,38.026424
50,245,23.829136,38.027503
50,246,23.828797,38.027743
50,247,23.823335,38.032695
50,248,23.822845,38.033027
50,249,23.822795,38.033057
50,250,23.822576,38.033286
50,251,23.821466,38.034118
50,252,23.820736,38.034728
50,253,23.819326,38.03593
50,254,23.817146,38.03757
50,255,23.814176,38.038901
50,256,23.813316,38.039203
50,257,23.813097,38.039222
50,258,23.813196,38.039252
50,259,23.813215,38.039252
50,260,23.813215,38.039264
50,261,23.813046,38.039325
50,262,23.811265,38.039894
50,263,23.810057,38.040164
50,264,23.810556,38.039974
50,265,23.811436,38.039554
50,266,23.812845,38.039092
50,267,23.813116,38.039023
50,268,23.813125,38.039004
50,269,23.813125,38.038993
50,270,23.813215,38.038982
50,271,23.813224,38.039012
50,272,23.813175,38.039042
50,273,23.813706,38.038864
50,274,23.813686,38.038864
50,275,23.813686,38.038864
50,276,23.813877,38.038733
50,277,23.813618,38.038833
50,278,23.814027,38.038672
50,279,23.814118,38.038604
50,280,23.814118,38.038573
50,281,23.814388,38.038555
50,282,23.814197,38.038703
50,283,23.814648,38.038524
50,284,23.814679,38.038493
50,285,23.814688,38.038474
50,286,23.814879,38.038302
50,287,23.814629,38.038383
50,288,23.815049,38.038192
50,289,23.815338,38.038131
50,290,23.815137,38.038211
50,291,23.815217,38.03815
50,292,23.815107,38.0382
50,293,23.815137,38.038211
50,294,23.815498,38.038092
50,295,23.815968,38.037852
50,296,23.817617,38.036902
50,297,23.818567,38.036094
50,298,23.818647,38.036082
50,299,23.818647,38.036113
50,300,23.818429,38.036373
50,301,23.817019,38.037311
50,302,23.815307,38.038143
50,303,23.813438,38.038844
50,304,23.812618,38.039096
50,305,23.812489,38.039187
50,306,23.812649,38.039088
50,307,23.812739,38.039088
50,308,23.812868,38.039149
50,309,23.810999,38.039691
50,310,23.810028,38.040172
50,311,23.810148,38.040233
50,312,23.812218,38.039531
50,313,23.816069,38.038092
50,314,23.819478,38.035762
50,315,23.820898,38.034561
50,316,23.820957,38.034511
50,317,23.820988,38.034499
50,318,23.821497,38.034011
50,319,23.821836,38.03379
50,320,23.822607,38.03318
50,321,23.823168,38.032718
50,322,23.823418,38.032466
50,323,23.830547,38.026595
50,324,23.830858,38.026344
50,325,23.831098,38.026225
50,326,23.832308,38.025596
50,327,23.832897,38.024795
50,328,23.834017,38.025966
50,329,23.836206,38.028255
50,330,23.837257,38.029724
50,331,23.838598,38.031745
50,332,23.840159,38.034106
50,333,23.841469,38.034137
50,334,23.842989,38.033038
50,335,23.844488,38.032348
50,336,23.845558,38.031299
50,337,23.843918,38.028461
50,338,23.842527,38.026339
50,339,23.843227,38.02637
50,340,23.846777,38.02529
50,341,23.849056,38.02465
50,342,23.847675,38.022102
50,343,23.846096,38.019901
50,344,23.845307,38.018062
50,345,23.844357,38.016384
50,346,23.843977,38.015243
50,347,23.843847,38.014942
50,348,23.843657,38.01435
50,349,23.843567,38.01393
50,350,23.843567,38.013919
50,351,23.843486,38.013198
50,352,23.843447,38.012828
50,353,23.843447,38.012828
50,354,23.843457,38.012157
50,355,23.843487,38.011855
50,356,23.843487,38.011836
50,357,23.843647,38.010757
50,358,23.847347,38.009987
50,359,23.851587,38.009276
50,360,23.854948,38.008536
50,361,23.855188,38.007198
50,362,23.855749,38.005889
50,363,23.856378,38.005057
50,364,23.856079,38.003539
50,365,23.857529,38.002609
50,366,23.8599,38.001189
50,367,23.863329,37.999458
50,368,23.867008,37.997657
50,369,23.871488,37.995608
50,370,23.87464,37.992457
50,371,23.87748,37.990577
50,372,23.879308,37.989418
50,373,23.880928,37.989818
50,374,23.881218,37.99015
50,375,23.881258,37.990199
50,376,23.881368,37.990161
50,377,23.881439,37.990172
50,378,23.88171,37.990321
50,379,23.88187,37.990421
50,380,23.881941,37.990482
50,381,23.88187,37.990531
50,382,23.88187,37.990482
50,383,23.88125,37.990093
50,384,23.88125,37.990093
50,385,23.88112,37.98984
50,386,23.88027,37.989001
50,387,23.87918,37.989543
50,388,23.876362,37.991382
50,389,23.875221,37.992214
50,390,23.875221,37.992214
50,391,23.874941,37.992534
50,392,23.876172,37.994304
50,393,23.875992,37.997405
50,394,23.875882,37.998737
50,395,23.876192,38.000308
50,396,23.876793,38.002097
50,397,23.876752,38.003127
50,398,23.875852,38.003448
50,399,23.875973,38.003978
50,400,23.874502,38.004397
50,401,23.873241,38.004829
50,402,23.869853,38.00555
50,403,23.866182,38.006191
50,404,23.862852,38.006869
50,405,23.860932,38.007259
50,406,23.860872,38.008751
50,407,23.861232,38.011378
50,408,23.860313,38.01276
50,409,23.860313,38.013209
50,410,23.860344,38.015029
50,411,23.860363,38.017608
50,412,23.860433,38.01947
50,413,23.860264,38.020931
50,414,23.859854,38.022719
50,415,23.859663,38.024001
50,416,23.859444,38.02634
50,417,23.859203,38.02962
50,418,23.857764,38.031471
50,419,23.856693,38.032409
50,420,23.856844,38.034
50,421,23.854364,38.035869
50,422,23.851175,38.039051
50,423,23.848205,38.041591
50,424,23.844665,38.043532
50,425,23.841175,38.045474
50,426,23.840034,38.046245
50,427,23.840025,38.046256
50,428,23.839835,38.046397
50,429,23.839754,38.046466
50,430,23.839754,38.046466
50,431,23.839625,38.046557
50,432,23.839625,38.046569
50,433,23.838444,38.045947
50,434,23.835943,38.044109
50,435,23.833933,38.042578
50,436,23.833033,38.041899
50,437,23.832604,38.04161
50,438,23.832363,38.04145
50,439,23.831762,38.041019
50,440,23.831423,38.040779
50,441,23.830652,38.040187
50,442,23.830642,38.040187
50,443,23.830193,38.040386
50,444,23.829942,38.041305
50,445,23.829483,38.042903
50,446,23.828973,38.043971
50,447,23.826954,38.042979
50,448,23.824354,38.041671
50,449,23.821955,38.04042
50,450,23.819704,38.040431
50,451,23.819414,38.04
50,452,23.817703,38.040728
50,453,23.815553,38.042319
50,454,23.812843,38.043781
50,455,23.809682,38.044761
50,456,23.807352,38.045592
50,457,23.807333,38.045592
50,458,23.806624,38.045581
50,459,23.804653,38.043773
50,460,23.802473,38.040972
50,461,23.800983,38.038944
50,462,23.799154,38.037322
50,463,23.797094,38.035651
50,464,23.795623,38.034134
50,465,23.794933,38.033355
50,466,23.793323,38.031524
50,467,23.792043,38.030086
50,468,23.791944,38.029987
50,469,23.791944,38.029975
50,470,23.791645,38.029975
50,471,23.790806,38.030856
50,472,23.789985,38.031318
50,473,23.788856,38.031719
50,474,23.787688,38.032199
50,475,23.787117,38.032477
50,476,23.786597,38.032367
50,477,23.786677,38.031879
50,478,23.786677,38.03189
50,479,23.786966,38.032191
50,480,23.786877,38.032042
50,481,23.786747,38.031772
50,482,23.786667,38.031802
50,483,23.786567,38.031913
50,484,23.786296,38.032203
50,485,23.786726,38.032641
50,486,23.787296,38.032341
50,487,23.787386,38.032279
50,488,23.788256,38.031939
50,489,23.789835,38.031372
50,490,23.791075,38.03025
50,491,23.791415,38.029529
50,492,23.790545,38.028438
50,493,23.789364,38.026157
50,494,23.789364,38.025935
50,495,23.789364,38.025935
50,496,23.789364,38.025775
50,497,23.789354,38.024997
50,498,23.789354,38.024898
50,499,23.789255,38.024428
50,500,23.789255,38.024409
50,501,23.789205,38.024059
50,502,23.791324,38.022808
50,503,23.793514,38.020919
50,504,23.795503,38.018279
50,505,23.798614,38.017318
50,506,23.800184,38.017528
50,507,23.800244,38.017508
50,508,23.802383,38.017841
50,509,23.804233,38.018291
50,510,23.804344,38.01829
50,511,23.806253,38.018741
50,512,23.807342,38.018901
50,513,23.810664,38.01955
50,514,23.812803,38.02008
50,515,23.815174,38.020568
50,516,23.819754,38.021469
50,517,23.824064,38.022277
50,518,23.826845,38.022808
50,519,23.828196,38.023078
50,520,23.828696,38.023208
50,521,23.828766,38.023239
50,522,23.829016,38.023337
50,523,23.829605,38.023448
50,524,23.829905,38.023498
50,525,23.830485,38.023616
50,526,23.830855,38.023708
50,527,23.831126,38.023777
50,528,23.831825,38.024047
50,529,23.832686,38.024608
50,530,23.833605,38.025279
50,531,23.834465,38.02639
50,532,23.835224,38.027179
50,533,23.836353,38.028541
50,534,23.838463,38.02769
50,535,23.841293,38.02642
50,536,23.842433,38.026088
50,537,23.843285,38.026358
50,538,23.846435,38.025359
50,539,23.849004,38.024951
50,540,23.849064,38.02494
50,541,23.849174,38.024902
50,542,23.849843,38.025741
50,543,23.850914,38.025992
50,544,23.854194,38.024951
50,545,23.857615,38.02425
50,546,23.859585,38.023571
50,547,23.860424,38.022609
50,548,23.861765,38.021628
50,549,23.861746,38.019958
50,550,23.862166,38.019759
50,551,23.862726,38.019481
50,552,23.863896,38.018752
50,553,23.865286,38.017524
50,554,23.866886,38.016322
50,555,23.868336,38.018073
50,556,23.871996,38.017715
50,557,23.871795,38.015544
50,558,23.871216,38.011912
50,559,23.870746,38.008502
50,560,23.871776,38.005504
50,561,23.871768,38.005412
50,562,23.871946,38.005111
50,563,23.872556,38.005019
50,564,23.873086,38.004901
50,565,23.873448,38.004783
50,566,23.873977,38.004642
50,567,23.874977,38.004272
50,568,23.876278,38.004001
50,569,23.876497,38.003952
50,570,23.877166,38.00365
50,571,23.876596,38.001849
50,572,23.876097,38.000118
50,573,23.875838,37.999259
50,574,23.875797,37.99919
50,575,23.875927,37.998729
50,576,23.876158,37.998218
50,577,23.875907,37.996959
50,578,23.875899,37.994018
50,579,23.874819,37.992549
50,580,23.877409,37.990711
50,581,23.88019,37.989001
50,582,23.88092,37.989623
50,583,23.881219,37.989932
50,584,23.88205,37.990634
50,585,23.88192,37.990573
50,586,23.88188,37.990424
50,587,23.881529,37.990203
50,588,23.881449,37.990092
50,589,23.881349,37.990104
50,590,23.880859,37.989544
50,591,23.880289,37.989032
50,592,23.87991,37.989192
50,593,23.87749,37.990711
50,594,23.874739,37.992411
50,595,23.873319,37.990523
50,596,23.871201,37.990073
50,597,23.870011,37.990874
50,598,23.87175,37.992614
50,599,23.87042,37.995082
50,600,23.870321,37.995803
50,601,23.870321,37.995803
50,602,23.87034,37.995883
50,603,23.8682,37.997093
50,604,23.865199,37.998691
50,605,23.862159,37.999949
50,606,23.858989,38.00191
50,607,23.8579,38.0037
50,608,23.858221,38.006168
50,609,23.85832,38.006519
50,610,23.85845,38.006969
50,611,23.858459,38.00703
50,612,23.858189,38.00772
50,613,23.856329,38.008288
50,614,23.856979,38.009349
50,615,23.859298,38.01062
50,616,23.860097,38.012279
50,617,23.860408,38.014747
50,618,23.86044,38.018016
50,619,23.860458,38.019626
50,620,23.860279,38.021076
50,621,23.859699,38.023467
50,622,23.859669,38.023665
50,623,23.85966,38.023757
50,624,23.856828,38.024459
50,625,23.852768,38.02547
50,626,23.850917,38.02605
50,627,23.850767,38.026088
50,628,23.850767,38.0261
50,629,23.848867,38.02671
50,630,23.845398,38.02846
50,631,23.843899,38.028251
50,632,23.842539,38.027431
50,633,23.839668,38.028659
50,634,23.838638,38.029121
50,635,23.838367,38.029239
50,636,23.838017,38.02941
50,637,23.838017,38.02941
50,638,23.837606,38.02959
50,639,23.837606,38.02959
50,640,23.837197,38.02967
50,641,23.836836,38.029181
50,642,23.836327,38.02843
50,643,23.836037,38.028029
50,644,23.835546,38.027488
50,645,23.834036,38.026019
50,646,23.833995,38.02597
50,647,23.833206,38.024929
50,648,23.832646,38.025298
50,649,23.831785,38.02592
50,650,23.830786,38.0265
50,651,23.830086,38.026931
50,652,23.829987,38.026969
50,653,23.828837,38.027747
50,654,23.823317,38.032668
50,655,23.823126,38.032477
50,656,23.822867,38.032729
50,657,23.822926,38.032741
