51,1,23.88126,37.990032
51,2,23.88126,37.990013
51,3,23.881279,37.990123
51,4,23.881658,37.990413
51,5,23.882139,37.990744
51,6,23.881898,37.991866
51,7,23.88118,37.994476
51,8,23.88039,37.997287
51,9,23.88031,38.000137
51,10,23.880739,38.002986
51,11,23.879459,38.003806
51,12,23.875959,38.004016
51,13,23.872879,38.004966
51,14,23.87163,38.005268
51,15,23.868429,38.005828
51,16,23.864629,38.006519
51,17,23.861,38.007278
51,18,23.859899,38.007438
51,19,23.85664,38.008167
51,20,23.852899,38.009136
51,21,23.848589,38.009887
51,22,23.844198,38.010536
51,23,23.839788,38.011127
51,24,23.835839,38.012847
51,25,23.830929,38.013877
51,26,23.82557,38.013957
51,27,23.82205,38.013786
51,28,23.819799,38.013534
51,29,23.815019,38.012252
51,30,23.810709,38.011272
51,31,23.80719,38.009883
51,32,23.80348,38.008243
51,33,23.79876,38.006854
51,34,23.79451,38.004886
51,35,23.792169,38.003154
51,36,23.788829,38.001693
51,37,23.78645,38.001422
51,38,23.783899,38.002692
51,39,23.78389,38.002692
51,40,23.782539,38.003383
51,41,23.781999,38.003032
51,42,23.78017,38.001551
51,43,23.77748,38.001251
51,44,23.77651,38.00249
51,45,23.775751,38.004432
51,46,23.775591,38.004451
51,47,23.77564,38.004432
51,48,23.775569,38.004592
51,49,23.77569,38.004352
51,50,23.775721,38.004272
51,51,23.775721,38.004272
51,52,23.776251,38.002964
51,53,23.776602,38.001075
51,54,23.778862,38.001326
51,55,23.781893,38.002837
51,56,23.784884,38.002116
51,57,23.786873,38.001125
51,58,23.786892,38.001113
51,59,23.789722,38.001815
51,60,23.793972,38.004344
51,61,23.799233,38.006854
51,62,23.804722,38.008563
51,63,23.810041,38.010962
51,64,23.816322,38.012423
51,65,23.821533,38.013614
51,66,23.822812,38.013626
51,67,23.822813,38.013664
51,68,23.824564,38.013682
51,69,23.828964,38.013824
51,70,23.832735,38.013312
51,71,23.832864,38.013293
51,72,23.835985,38.012603
51,73,23.840265,38.010894
51,74,23.844816,38.010406
51,75,23.849916,38.009525
51,76,23.854666,38.008666
51,77,23.858366,38.007575
51,78,23.858785,38.007507
51,79,23.862665,38.006877
51,80,23.867525,38.005908
51,81,23.873094,38.004867
51,82,23.877014,38.003799
51,83,23.880754,38.00373
51,84,23.880594,38.00114
51,85,23.880354,37.997451
51,86,23.881414,37.99356
51,87,23.882164,37.990749
51,88,23.881874,37.990558
51,89,23.881874,37.990539
51,90,23.881534,37.990218
51,91,23.881325,37.990028
51,92,23.881365,37.990097
51,93,23.880616,37.989295
51,94,23.879175,37.989566
51,95,23.875765,37.991798
51,96,23.873884,37.991237
51,97,23.872025,37.989825
51,98,23.869425,37.990527
51,99,23.866874,37.988948
51,100,23.865045,37.986377
51,101,23.863057,37.986678
51,102,23.859616,37.98822
51,103,23.856186,37.98976
51,104,23.854976,37.988189
51,105,23.853596,37.987579
51,106,23.850815,37.988768
51,107,23.850475,37.988677
51,108,23.850786,37.986258
51,109,23.851477,37.983078
51,110,23.850277,37.982566
51,111,23.848297,37.982646
51,112,23.848436,37.982684
51,113,23.848496,37.982555
51,114,23.848456,37.982616
51,115,23.849776,37.982566
51,116,23.849685,37.983886
51,117,23.850786,37.984175
51,118,23.850966,37.984176
51,119,23.852375,37.984367
51,120,23.853925,37.984596
51,121,23.855345,37.984497
51,122,23.856285,37.982806
51,123,23.857955,37.982318
51,124,23.860826,37.982787
51,125,23.862476,37.984088
51,126,23.864147,37.985568
51,127,23.865177,37.98677
51,128,23.866297,37.988509
51,129,23.868786,37.990241
51,130,23.871626,37.98986
51,131,23.873586,37.990909
51,132,23.874638,37.992218
51,133,23.876877,37.990898
51,134,23.880038,37.988967
51,135,23.881197,37.989905
51,136,23.881256,37.990016
51,137,23.881306,37.989978
51,138,23.881596,37.990359
51,139,23.881787,37.99047
51,140,23.881787,37.990458
51,141,23.881996,37.990558
51,142,23.881857,37.990547
51,143,23.881687,37.990356
51,144,23.881277,37.990104
51,145,23.881277,37.990104
51,146,23.880867,37.989604
51,147,23.880016,37.989055
51,148,23.877996,37.990256
51,149,23.875246,37.992087
51,150,23.874135,37.991588
51,151,23.872686,37.989779
51,152,23.870516,37.990188
51,153,23.870615,37.991447
51,154,23.872033,37.993957
51,155,23.870245,37.995689
51,156,23.869674,37.99617
51,157,23.866474,37.997951
51,158,23.862613,37.999709
51,159,23.859064,38.001781
51,160,23.857864,38.003802
51,161,23.858305,38.006541
51,162,23.858405,38.006873
51,163,23.858405,38.006885
51,164,23.858503,38.007175
51,165,23.858484,38.007186
51,166,23.858485,38.007297
51,167,23.857873,38.007678
51,168,23.856653,38.008079
51,169,23.856513,38.00877
51,170,23.857173,38.0097
51,171,23.855304,38.010901
51,172,23.853745,38.013702
51,173,23.852264,38.016982
51,174,23.850864,38.020091
51,175,23.848746,38.020511
51,176,23.847056,38.02114
51,177,23.848326,38.022991
51,178,23.849396,38.024982
51,179,23.850166,38.02611
51,180,23.848707,38.02671
51,181,23.845667,38.028251
51,182,23.843915,38.028411
51,183,23.842797,38.027263
51,184,23.840117,38.028404
51,185,23.837496,38.029563
51,186,23.837166,38.029624
51,187,23.836026,38.028053
51,188,23.834025,38.026084
51,189,23.832855,38.024814
51,190,23.832475,38.025443
51,191,23.831636,38.025893
51,192,23.830826,38.026344
51,193,23.829706,38.027064
51,194,23.828747,38.027705
51,195,23.823307,38.032504
51,196,23.823008,38.032794
51,197,23.823267,38.032565
51,198,23.830507,38.026634
51,199,23.830806,38.026412
51,200,23.831476,38.026042
51,201,23.832117,38.025703
51,202,23.832547,38.025272
51,203,23.832926,38.024802
51,204,23.833666,38.025493
51,205,23.834356,38.026352
51,206,23.835896,38.027942
51,207,23.836715,38.028403
51,208,23.838976,38.027492
51,209,23.841686,38.026233
51,210,23.842855,38.026622
51,211,23.845036,38.025573
51,212,23.848085,38.025165
51,213,23.849097,38.024925
51,214,23.848406,38.023444
51,215,23.846566,38.020763
51,216,23.845806,38.019031
51,217,23.846337,38.018031
51,218,23.849086,38.017779
51,219,23.851347,38.017681
51,220,23.852527,38.01628
51,221,23.854458,38.012042
51,222,23.857088,38.009784
51,223,23.858078,38.008926
51,224,23.857877,38.008594
51,225,23.857858,38.008513
51,226,23.857469,38.008025
51,227,23.857439,38.008025
51,228,23.857059,38.006984
51,229,23.8554,38.007392
51,230,23.85553,38.006202
51,231,23.85638,38.005282
51,232,23.856131,38.003352
51,233,23.859041,38.001834
51,234,23.861462,38.000183
51,235,23.86148,38.000144
51,236,23.8617,38.000076
51,237,23.864321,37.999076
51,238,23.8672,37.997558
51,239,23.870041,37.996009
51,240,23.870362,37.995917
51,241,23.873082,37.994357
51,242,23.87598,37.991569
51,243,23.879761,37.989169
51,244,23.880421,37.989181
51,245,23.881241,37.990039
51,246,23.88121,37.990039
51,247,23.88121,37.99005
51,248,23.881219,37.98989
51,249,23.881149,37.98986
51,250,23.88114,37.98986
51,251,23.8804,37.989131
51,252,23.8794,37.989421
51,253,23.876631,37.991203
51,254,23.875221,37.992233
51,255,23.875212,37.992233
51,256,23.875082,37.992282
51,257,23.875763,37.99372
51,258,23.875923,37.996509
51,259,23.876194,37.99842
51,260,23.875754,37.999068
51,261,23.875753,37.999106
51,262,23.875843,37.999637
51,263,23.876534,38.001739
51,264,23.876813,38.002758
51,265,23.875843,38.003379
51,266,23.875794,38.003738
51,267,23.875343,38.004088
51,268,23.873703,38.00465
51,269,23.872072,38.005149
51,270,23.869822,38.005568
51,271,23.866802,38.006118
51,272,23.865143,38.006389
51,273,23.862174,38.007049
51,274,23.860594,38.007407
51,275,23.860945,38.009048
51,276,23.861226,38.011417
51,277,23.860355,38.013465
51,278,23.860275,38.016586
51,279,23.860415,38.019718
51,280,23.860414,38.019828
51,281,23.860214,38.021216
51,282,23.859664,38.023635
51,283,23.859594,38.023944
51,284,23.859305,38.024055
51,285,23.856334,38.024665
51,286,23.853025,38.025425
51,287,23.850706,38.026176
51,288,23.850585,38.026214
51,289,23.850576,38.026225
51,290,23.848787,38.026794
51,291,23.845817,38.028273
51,292,23.844097,38.028674
51,293,23.843037,38.027213
51,294,23.840936,38.028071
51,295,23.838386,38.029212
51,296,23.837486,38.029613
51,297,23.837477,38.029624
51,298,23.837156,38.029643
51,299,23.835926,38.027954
51,300,23.833977,38.025985
51,301,23.832996,38.024844
51,302,23.832475,38.025585
51,303,23.831476,38.026073
51,304,23.830556,38.026622
51,305,23.829076,38.027541
51,306,23.828817,38.027762
51,307,23.823218,38.032642
51,308,23.823078,38.032581
51,309,23.823048,38.032832
51,310,23.823078,38.032802
51,311,23.823309,38.032562
51,312,23.829338,38.02774
51,313,23.830837,38.026409
51,314,23.831768,38.025878
51,315,23.832538,38.025359
51,316,23.8329,38.024848
51,317,23.832939,38.024817
51,318,23.833569,38.025226
51,319,23.834288,38.026256
51,320,23.836209,38.028255
51,321,23.838037,38.027847
51,322,23.840388,38.026855
51,323,23.842468,38.026054
51,324,23.844279,38.025832
51,325,23.847519,38.025222
51,326,23.849129,38.02492
51,327,23.848459,38.023441
51,328,23.846469,38.020549
51,329,23.84519,38.017787
51,330,23.843999,38.015178
51,331,23.84366,38.014049
51,332,23.843641,38.01385
51,333,23.843531,38.013011
51,334,23.843512,38.01287
51,335,23.843502,38.012851
51,336,23.843561,38.012
51,337,23.84361,38.011691
51,338,23.84363,38.011642
51,339,23.84372,38.011153
51,340,23.847188,38.010005
51,341,23.851399,38.009277
51,342,23.853729,38.008937
51,343,23.854919,38.007476
51,344,23.855819,38.006125
51,345,23.85643,38.004898
51,346,23.856889,38.002978
51,347,23.86083,38.00056
51,348,23.86474,37.9989
51,349,23.868521,37.996841
51,350,23.870041,37.99602
51,351,23.8731,37.99441
51,352,23.876391,37.991333
51,353,23.880161,37.988982
51,354,23.881121,37.989802
51,355,23.8813,37.989982
51,356,23.8813,37.989963
51,357,23.881599,37.990345
51,358,23.881799,37.990504
51,359,23.881799,37.990504
51,360,23.881421,37.990184
51,361,23.88126,37.989986
51,362,23.88138,37.990127
51,363,23.88125,37.990066
51,364,23.88126,37.990054
51,365,23.881,37.989684
51,366,23.880991,37.989696
51,367,23.880771,37.989498
51,368,23.880202,37.989035
51,369,23.87844,37.990054
51,370,23.87564,37.991935
51,371,23.875641,37.993544
51,372,23.875992,37.996405
51,373,23.876262,37.998645
51,374,23.875992,37.999546
51,375,23.87675,38.001674
51,376,23.877201,38.003063
51,377,23.877352,38.003711
51,378,23.875921,38.00402
51,379,23.872921,38.004958
51,380,23.869332,38.00568
51,381,23.865653,38.006309
51,382,23.861922,38.007099
51,383,23.860962,38.007309
51,384,23.860672,38.007617
51,385,23.861001,38.009426
51,386,23.861212,38.011966
51,387,23.860441,38.014186
51,388,23.860401,38.017726
51,389,23.86042,38.019904
51,390,23.86042,38.019923
51,391,23.860201,38.021361
51,392,23.859661,38.02373
51,393,23.856861,38.024501
51,394,23.85345,38.025302
51,395,23.85061,38.026221
51,396,23.85061,38.026233
51,397,23.849181,38.026702
51,398,23.84606,38.028171
51,399,23.844111,38.028762
51,400,23.84264,38.026561
51,401,23.840139,38.02526
51,402,23.838271,38.024269
51,403,23.836959,38.022098
51,404,23.83609,38.021766
51,405,23.835881,38.022055
51,406,23.836001,38.021796
51,407,23.836041,38.021785
51,408,23.83609,38.021774
51,409,23.83609,38.021774
51,410,23.835859,38.021983
51,411,23.8359,38.022224
51,412,23.83613,38.022502
51,413,23.83637,38.022803
51,414,23.83663,38.023124
51,415,23.83679,38.023322
51,416,23.83679,38.023341
51,417,23.836401,38.022872
51,418,23.835852,38.022163
51,419,23.83611,38.021712
51,420,23.836121,38.021694
51,421,23.836731,38.021724
51,422,23.838241,38.024074
51,423,23.841162,38.025443
51,424,23.843601,38.026233
51,425,23.847002,38.025321
51,426,23.848853,38.025012
51,427,23.849143,38.024753
51,428,23.847662,38.022082
51,429,23.845862,38.018951
51,430,23.844221,38.015971
51,431,23.843481,38.012802
51,432,23.843671,38.010841
51,433,23.84768,38.010001
51,434,23.852991,38.009082
51,435,23.854891,38.007934
51,436,23.857062,38.006854
51,437,23.857252,38.006793
51,438,23.857332,38.006774
51,439,23.855522,38.007316
51,440,23.855632,38.006145
51,441,23.856452,38.005054
51,442,23.856552,38.003135
51,443,23.858853,38.001934
51,444,23.862972,37.999595
51,445,23.866981,37.997695
51,446,23.869881,37.996066
51,447,23.872489,37.995048
51,448,23.875561,37.991878
51,449,23.8801,37.989016
51,450,23.88446,37.987025
51,451,23.889021,37.984477
51,452,23.893572,37.981399
51,453,23.897831,37.97866
51,454,23.901481,37.976298
51,455,23.904531,37.973277
51,456,23.905542,37.970878
51,457,23.905542,37.970637
51,458,23.905663,37.968887
51,459,23.907402,37.968116
51,460,23.909952,37.968208
51,461,23.911213,37.969909
51,462,23.911163,37.969909
51,463,23.911173,37.969829
51,464,23.910044,37.96849
51,465,23.908933,37.968219
51,466,23.905862,37.969558
51,467,23.905013,37.972476
51,468,23.901832,37.976135
51,469,23.896781,37.979385
51,470,23.892051,37.982486
51,471,23.887352,37.985477
51,472,23.883692,37.987506
51,473,23.88033,37.988955
51,474,23.881432,37.990146
51,475,23.881321,37.990028
51,476,23.88129,37.990028
51,477,23.88069,37.989299
51,478,23.88019,37.989009
51,479,23.87866,37.989909
51,480,23.87587,37.991759
51,481,23.874331,37.991771
51,482,23.87273,37.989803
51,483,23.87052,37.990253
51,484,23.870248,37.990992
51,485,23.872038,37.992892
51,486,23.870308,37.995292
51,487,23.870308,37.995822
51,488,23.870308,37.995833
51,489,23.869648,37.996272
51,490,23.866537,37.998012
51,491,23.862726,37.999762
51,492,23.859176,38.001834
51,493,23.857897,38.003803
51,494,23.858366,38.006782
51,495,23.858556,38.007324
51,496,23.858556,38.007305
51,497,23.857807,38.007804
51,498,23.854948,38.008735
51,499,23.851529,38.009414
51,500,23.847639,38.010116
51,501,23.844348,38.010658
51,502,23.844019,38.010696
51,503,23.84401,38.010684
51,504,23.843759,38.011245
51,505,23.84364,38.013434
51,506,23.844428,38.016406
51,507,23.845989,38.019267
51,508,23.846929,38.021118
51,509,23.8449,38.021369
51,510,23.842341,38.02151
51,511,23.83925,38.021709
51,512,23.836991,38.020919
51,513,23.836419,38.021568
51,514,23.836019,38.021647
51,515,23.8366,38.023079
51,516,23.836319,38.022769
51,517,23.83593,38.021869
51,518,23.836799,38.021888
51,519,23.838049,38.023696
51,520,23.839939,38.025085
51,521,23.84273,38.026523
51,522,23.845189,38.025584
51,523,23.84859,38.025104
51,524,23.84898,38.024513
51,525,23.847219,38.021534
51,526,23.845391,38.018203
51,527,23.84382,38.014713
51,528,23.84354,38.011963
51,529,23.84368,38.011131
51,530,23.843689,38.011119
51,531,23.845758,38.010287
51,532,23.849767,38.009608
51,533,23.853828,38.008937
51,534,23.854778,38.007698
51,535,23.855028,38.006267
51,536,23.855978,38.005336
51,537,23.856178,38.003875
51,538,23.856398,38.003246
51,539,23.857798,38.002524
51,540,23.860958,38.000534
51,541,23.864908,37.998855
51,542,23.868668,37.996783
51,543,23.872948,37.994624
51,544,23.876617,37.991233
51,545,23.880216,37.989063
51,546,23.881268,37.990153
51,547,23.881277,37.990085
51,548,23.881348,37.990024
51,549,23.881378,37.989894
51,550,23.880527,37.989154
51,551,23.879029,37.989745
51,552,23.876008,37.991756
51,553,23.875489,37.993335
51,554,23.876089,37.995876
51,555,23.876249,37.998576
51,556,23.875888,37.999568
51,557,23.87653,38.001536
51,558,23.877038,38.003078
51,559,23.877069,38.003879
51,560,23.874988,38.004359
51,561,23.871969,38.00529
51,562,23.87187,38.005321
51,563,23.869051,38.005832
51,564,23.865401,38.006442
51,565,23.86162,38.007274
51,566,23.8606,38.007515
51,567,23.86093,38.009364
51,568,23.86079,38.012424
51,569,23.86034,38.015155
51,570,23.86043,38.019336
51,571,23.86017,38.021407
51,572,23.859461,38.024078
51,573,23.855971,38.024817
51,574,23.852119,38.025749
51,575,23.850559,38.02626
51,576,23.850559,38.026248
51,577,23.848509,38.026908
51,578,23.845249,38.028617
51,579,23.843618,38.027915
51,580,23.841509,38.025706
51,581,23.838299,38.024505
51,582,23.836948,38.022094
51,583,23.836109,38.021685
51,584,23.83598,38.021587
51,585,23.835899,38.021919
51,586,23.836029,38.022357
51,587,23.83635,38.022757
51,588,23.836679,38.023139
51,589,23.836791,38.023281
51,590,23.83678,38.023291
51,591,23.836571,38.02304
51,592,23.836151,38.022529
51,593,23.835851,38.021949
51,594,23.836702,38.021709
51,595,23.838143,38.02383
51,596,23.840813,38.025291
51,597,23.843233,38.026401
51,598,23.846554,38.025321
51,599,23.849174,38.02476
51,600,23.847685,38.022052
51,601,23.845835,38.018863
51,602,23.844315,38.016192
51,603,23.843525,38.013141
51,604,23.843494,38.01221
51,605,23.843514,38.011981
51,606,23.843704,38.010902
51,607,23.843704,38.010882
51,608,23.844264,38.010413
51,609,23.849106,38.009662
51,610,23.854055,38.008811
51,611,23.855106,38.007422
51,612,23.855856,38.006023
51,613,23.856377,38.004794
51,614,23.856877,38.002914
51,615,23.860926,38.000453
51,616,23.864966,37.998744
51,617,23.868935,37.996512
51,618,23.873785,37.993232
51,619,23.879225,37.989463
51,620,23.881165,37.989795
51,621,23.881355,37.990054
51,622,23.881596,37.990165
51,623,23.881506,37.990917
51,624,23.881826,37.990745
51,625,23.881767,37.990783
51,626,23.881798,37.990795
51,627,23.881539,37.991134
51,628,23.881729,37.991584
51,629,23.881698,37.991603
51,630,23.881738,37.991584
51,631,23.88181,37.990485
51,632,23.88188,37.990577
51,633,23.88175,37.990478
51,634,23.881309,37.990078
51,635,23.88134,37.990066
51,636,23.880621,37.989326
51,637,23.87887,37.989856
51,638,23.875429,37.992137
51,639,23.873629,37.990947
51,640,23.871988,37.989948
51,641,23.868917,37.990398
51,642,23.866188,37.988338
51,643,23.864387,37.985766
51,644,23.862547,37.984016
51,645,23.860537,37.982867
51,646,23.857267,37.982379
51,647,23.856348,37.983588
51,648,23.855117,37.984859
51,649,23.852768,37.98452
51,650,23.851269,37.984081
51,651,23.851299,37.982509
51,652,23.84873,37.982688
51,653,23.84845,37.982676
51,654,23.84857,37.982585
