52,1,23.848703,37.982593
52,2,23.848503,37.982604
52,3,23.849033,37.982592
52,4,23.849924,37.982722
52,5,23.849684,37.984054
52,6,23.850334,37.984195
52,7,23.851034,37.984157
52,8,23.850804,37.986019
52,9,23.850643,37.98735
52,10,23.851523,37.987388
52,11,23.851522,37.987277
52,12,23.851553,37.987277
52,13,23.851723,37.986388
52,14,23.852752,37.986457
52,15,23.853854,37.986426
52,16,23.854723,37.985118
52,17,23.856033,37.983916
52,18,23.856644,37.982078
52,19,23.859764,37.982578
52,20,23.861964,37.983516
52,21,23.863453,37.985248
52,22,23.865312,37.9869
52,23,23.867524,37.98944
52,24,23.870293,37.990241
52,25,23.873232,37.990359
52,26,23.874932,37.992099
52,27,23.874931,37.991938
52,28,23.874842,37.99208
52,29,23.875001,37.992019
52,30,23.875021,37.992019
52,31,23.875462,37.99192
52,32,23.878431,37.98997
52,33,23.88199,37.98801
52,34,23.88274,37.987758
52,35,23.884889,37.986747
52,36,23.88842,37.984779
52,37,23.892191,37.982318
52,38,23.896181,37.979697
52,39,23.90019,37.977126
52,40,23.903949,37.974208
52,41,23.90546,37.970638
52,42,23.90546,37.970649
52,43,23.905281,37.97071
52,44,23.90546,37.970611
52,45,23.905599,37.969752
52,46,23.90605,37.968063
52,47,23.907681,37.967414
52,48,23.90657,37.967284
52,49,23.905871,37.968295
52,50,23.905491,37.971446
52,51,23.90328,37.974925
52,52,23.89957,37.977546
52,53,23.895441,37.980174
52,54,23.890341,37.983615
52,55,23.88591,37.986194
52,56,23.883181,37.987632
52,57,23.88121,37.988403
52,58,23.881019,37.989592
52,59,23.881408,37.990013
52,60,23.881258,37.990001
52,61,23.881208,37.99005
52,62,23.881189,37.989871
52,63,23.881189,37.989859
52,64,23.880549,37.989261
52,65,23.880009,37.989089
52,66,23.877918,37.990348
52,67,23.875038,37.992278
52,68,23.873789,37.9911
52,69,23.872299,37.989791
52,70,23.869718,37.990791
52,71,23.870958,37.992061
52,72,23.871468,37.994441
52,73,23.870227,37.995853
52,74,23.870247,37.995833
52,75,23.868477,37.996902
52,76,23.865177,37.998691
52,77,23.861517,38.000209
52,78,23.858147,38.002349
52,79,23.857907,38.004688
52,80,23.858507,38.007179
52,81,23.858417,38.007609
52,82,23.857196,38.007888
52,83,23.854446,38.008758
52,84,23.850317,38.009517
52,85,23.845837,38.010268
52,86,23.841417,38.010799
52,87,23.837597,38.01213
52,88,23.835938,38.012801
52,89,23.835737,38.01284
52,90,23.834347,38.013141
52,91,23.833777,38.013259
52,92,23.833777,38.013259
52,93,23.832266,38.013579
52,94,23.831085,38.013808
52,95,23.830354,38.013919
52,96,23.829735,38.013957
52,97,23.829463,38.013969
52,98,23.829004,38.013958
52,99,23.828304,38.013927
52,100,23.828094,38.013957
52,101,23.827554,38.013957
52,102,23.827324,38.013969
52,103,23.826694,38.013938
52,104,23.825914,38.013927
52,105,23.825104,38.013896
52,106,23.823484,38.013785
52,107,23.823425,38.013785
52,108,23.822546,38.013747
52,109,23.819876,38.013488
52,110,23.816586,38.012569
52,111,23.815945,38.012397
52,112,23.811994,38.011508
52,113,23.807615,38.010039
52,114,23.804125,38.008441
52,115,23.803785,38.008311
52,116,23.803076,38.00806
52,117,23.802706,38.00793
52,118,23.802265,38.007739
52,119,23.801994,38.00761
52,120,23.800794,38.007209
52,121,23.800455,38.007159
52,122,23.800026,38.007079
52,123,23.799495,38.00703
52,124,23.798306,38.00666
52,125,23.797485,38.006389
52,126,23.797455,38.006389
52,127,23.796894,38.00621
52,128,23.796614,38.00613
52,129,23.796074,38.005939
52,130,23.795565,38.005588
52,131,23.794605,38.004886
52,132,23.794506,38.004825
52,133,23.794015,38.004493
52,134,23.793837,38.004383
52,135,23.793778,38.004321
52,136,23.793337,38.00397
52,137,23.792887,38.003638
52,138,23.792878,38.003627
52,139,23.792187,38.003086
52,140,23.791296,38.002475
52,141,23.790056,38.002093
52,142,23.789216,38.001743
52,143,23.788628,38.001571
52,144,23.787008,38.001182
52,145,23.784869,38.002223
52,146,23.783158,38.003055
52,147,23.782077,38.003173
52,148,23.781187,38.001922
52,149,23.778497,38.001311
52,150,23.777156,38.001422
52,151,23.776426,38.001052
52,152,23.774056,38.001891
52,153,23.773506,38.002113
52,154,23.773487,38.002113
52,155,23.772028,38.000663
52,156,23.770178,37.999114
52,157,23.770017,37.998924
52,158,23.769577,37.998534
52,159,23.769497,37.998443
52,160,23.768747,37.997192
52,161,23.768667,37.997081
52,162,23.768278,37.99636
52,163,23.768127,37.996058
52,164,23.767847,37.995467
52,165,23.767627,37.994987
52,166,23.767159,37.994129
52,167,23.766838,37.99348
52,168,23.766438,37.992691
52,169,23.766187,37.992282
52,170,23.766128,37.992283
52,171,23.765858,37.991713
52,172,23.765867,37.991675
52,173,23.765487,37.991107
52,174,23.765007,37.990676
52,175,23.764316,37.989856
52,176,23.764226,37.989696
52,177,23.763767,37.989074
52,178,23.763286,37.988586
52,179,23.763055,37.988357
52,180,23.762904,37.988216
52,181,23.762504,37.987964
52,182,23.762273,37.987655
52,183,23.761593,37.987094
52,184,23.761433,37.987315
52,185,23.761343,37.987506
52,186,23.761303,37.987395
52,187,23.761333,37.987426
52,188,23.761343,37.987335
52,189,23.761333,37.987155
52,190,23.761315,37.987155
52,191,23.761555,37.987144
52,192,23.761665,37.987014
52,193,23.761656,37.986984
52,194,23.761477,37.986774
52,195,23.761457,37.986774
52,196,23.761568,37.986312
52,197,23.761729,37.986301
52,198,23.763198,37.986042
52,199,23.765107,37.9859
52,200,23.766798,37.98754
52,201,23.769287,37.989379
52,202,23.773437,37.991878
52,203,23.777487,37.994296
52,204,23.779766,37.995727
52,205,23.782736,37.997718
52,206,23.786026,38.000198
52,207,23.789445,38.001716
52,208,23.792826,38.003455
52,209,23.792896,38.003505
52,210,23.795126,38.005175
52,211,23.798287,38.006527
52,212,23.801796,38.007438
52,213,23.805246,38.008789
52,214,23.809086,38.010597
52,215,23.813526,38.011726
52,216,23.816316,38.012397
52,217,23.818846,38.013126
52,218,23.818956,38.013145
52,219,23.820535,38.013545
52,220,23.823375,38.013675
52,221,23.826996,38.013874
52,222,23.829777,38.013854
52,223,23.832946,38.013294
52,224,23.837486,38.012023
52,225,23.841227,38.010802
52,226,23.845387,38.010322
52,227,23.850406,38.009463
52,228,23.854677,38.008624
52,229,23.854918,38.007454
52,230,23.855148,38.006152
52,231,23.855718,38.005344
52,232,23.856199,38.003925
52,233,23.856399,38.003173
52,234,23.85997,38.001144
52,235,23.862961,37.999583
52,236,23.866251,37.998054
52,237,23.869301,37.996295
52,238,23.871931,37.995365
52,239,23.873991,37.992946
52,240,23.877571,37.990516
52,241,23.880321,37.989025
52,242,23.881292,37.990073
52,243,23.881312,37.989982
52,244,23.881371,37.990073
52,245,23.88121,37.990073
52,246,23.88112,37.989963
52,247,23.88112,37.989951
52,248,23.88096,37.989761
52,249,23.880901,37.9897
52,250,23.88067,37.98947
52,251,23.880251,37.989063
52,252,23.88005,37.989074
52,253,23.87812,37.990222
52,254,23.875221,37.992152
52,255,23.874502,37.992122
52,256,23.872991,37.990191
52,257,23.870941,37.990093
52,258,23.870352,37.991153
52,259,23.872202,37.993293
52,260,23.871662,37.994334
52,261,23.871391,37.994465
52,262,23.870262,37.995795
52,263,23.870263,37.995814
52,264,23.870232,37.996024
52,265,23.867472,37.997474
52,266,23.863621,37.999416
52,267,23.85972,38.001407
52,268,23.85792,38.001895
52,269,23.85838,37.999744
52,270,23.85776,37.998233
52,271,23.85738,37.997623
52,272,23.855431,37.997902
52,273,23.852742,37.998061
52,274,23.852631,37.998801
52,275,23.852701,37.999209
52,276,23.852501,37.999488
52,277,23.852492,37.999499
52,278,23.851862,37.99919
52,279,23.850652,37.99834
52,280,23.849333,37.997588
52,281,23.847964,37.996989
52,282,23.846394,37.996631
52,283,23.844793,37.997051
52,284,23.844793,37.997051
52,285,23.844664,37.997131
52,286,23.844704,37.997092
52,287,23.844753,37.997081
52,288,23.844963,37.99689
52,289,23.846024,37.99663
52,290,23.846242,37.996581
52,291,23.846262,37.99657
52,292,23.846952,37.996631
52,293,23.847902,37.99697
52,294,23.849361,37.997561
52,295,23.850751,37.998363
52,296,23.852182,37.999381
52,297,23.852602,37.998771
52,298,23.852642,37.998179
52,299,23.855423,37.99789
52,300,23.857513,37.99784
52,301,23.858063,37.998691
52,302,23.858202,38.000343
52,303,23.857961,38.002353
52,304,23.860592,38.000701
52,305,23.864391,37.999072
52,306,23.8679,37.997203
52,307,23.872251,37.995205
52,308,23.876531,37.991214
52,309,23.880312,37.989036
52,310,23.881342,37.990115
52,311,23.881231,37.989974
52,312,23.881222,37.989913
52,313,23.881361,37.990142
52,314,23.88136,37.990051
52,315,23.88132,37.990169
52,316,23.881672,37.99039
52,317,23.881441,37.990271
52,318,23.881361,37.990222
52,319,23.88113,37.990363
52,320,23.881121,37.990382
52,321,23.881321,37.990382
52,322,23.881071,37.989944
52,323,23.881052,37.989864
52,324,23.880923,37.989684
52,325,23.880402,37.989174
52,326,23.879301,37.989532
52,327,23.876501,37.991333
52,328,23.874432,37.991992
52,329,23.872751,37.98989
52,330,23.87016,37.990451
52,331,23.871021,37.991901
52,332,23.871431,37.994449
52,333,23.870322,37.995941
52,334,23.867792,37.997321
52,335,23.864301,37.999152
52,336,23.860623,38.00075
52,337,23.857933,38.002742
52,338,23.858004,38.005554
52,339,23.858494,38.007133
52,340,23.858274,38.007663
52,341,23.856714,38.008162
52,342,23.854824,38.008732
52,343,23.851524,38.009372
52,344,23.848453,38.009902
52,345,23.844894,38.010463
52,346,23.841114,38.010863
52,347,23.836933,38.012454
52,348,23.834482,38.013125
52,349,23.833483,38.013336
52,350,23.832622,38.013515
52,351,23.831333,38.013785
52,352,23.830693,38.013896
52,353,23.829921,38.013957
52,354,23.829321,38.013976
52,355,23.82826,38.014007
52,356,23.82708,38.014007
52,357,23.826469,38.013995
52,358,23.825689,38.013957
52,359,23.82423,38.013878
52,360,23.82419,38.013888
52,361,23.82349,38.013858
52,362,23.822171,38.013778
52,363,23.822171,38.013778
52,364,23.821951,38.013808
52,365,23.819672,38.013557
52,366,23.815953,38.012489
52,367,23.813223,38.011859
52,368,23.812612,38.011718
52,369,23.809343,38.010886
52,370,23.805522,38.009067
52,371,23.802612,38.007896
52,372,23.802171,38.007705
52,373,23.798691,38.006793
52,374,23.795909,38.005794
52,375,23.79529,38.005393
52,376,23.793381,38.004004
52,377,23.79302,38.003726
52,378,23.79289,38.003616
52,379,23.792631,38.003387
52,380,23.79219,38.003028
52,381,23.792052,38.002849
52,382,23.792011,38.002788
52,383,23.791712,38.002578
52,384,23.791323,38.002379
52,385,23.790833,38.002189
52,386,23.790093,38.00196
52,387,23.789972,38.001949
52,388,23.789433,38.001788
52,389,23.788482,38.001487
52,390,23.788313,38.001437
52,391,23.787902,38.001258
52,392,23.787702,38.00114
52,393,23.786851,38.00114
52,394,23.786211,38.00149
52,395,23.786192,38.001502
52,396,23.784921,38.002151
52,397,23.783941,38.002589
52,398,23.783922,38.00262
52,399,23.782741,38.003219
52,400,23.782251,38.00328
52,401,23.782072,38.003029
52,402,23.781882,38.002788
52,403,23.781882,38.002788
52,404,23.781742,38.002628
52,405,23.781573,38.002437
52,406,23.781462,38.002296
52,407,23.781422,38.002235
52,408,23.781271,38.002063
52,409,23.781061,38.001804
52,410,23.780892,38.001693
52,411,23.780201,38.001582
52,412,23.77952,38.001464
52,413,23.77887,38.001372
52,414,23.778599,38.001311
52,415,23.777498,38.00135
52,416,23.776019,38.001071
52,417,23.774498,38.001731
52,418,23.774088,38.001903
52,419,23.773857,38.002021
52,420,23.773826,38.002021
52,421,23.773136,38.00199
52,422,23.770916,37.999691
52,423,23.768066,37.995971
52,424,23.767536,37.994781
52,425,23.767046,37.9938
52,426,23.766127,37.991912
52,427,23.765916,37.991512
52,428,23.765606,37.991042
52,429,23.763895,37.988941
52,430,23.763225,37.988269
52,431,23.762945,37.988028
52,432,23.762664,37.987788
52,433,23.762544,37.98767
52,434,23.761996,37.98717
52,435,23.761675,37.987319
52,436,23.761616,37.987281
52,437,23.761295,37.98719
52,438,23.761446,37.987201
52,439,23.761456,37.98725
52,440,23.761586,37.987213
52,441,23.761675,37.987102
52,442,23.761694,37.987071
52,443,23.761494,37.986801
52,444,23.761494,37.98677
52,445,23.762323,37.986209
52,446,23.762873,37.986099
52,447,23.763671,37.985957
52,448,23.765472,37.986209
52,449,23.766822,37.987399
52,450,23.768173,37.988738
52,451,23.771244,37.990829
52,452,23.774244,37.992179
52,453,23.774815,37.992457
52,454,23.775395,37.992789
52,455,23.776325,37.99338
52,456,23.776356,37.993411
52,457,23.776716,37.993689
52,458,23.776886,37.993819
52,459,23.777805,37.994521
52,460,23.778125,37.994762
52,461,23.778536,37.995021
52,462,23.780626,37.996249
52,463,23.782227,37.997348
52,464,23.782457,37.997539
52,465,23.783956,37.998759
52,466,23.783966,37.998771
52,467,23.785496,37.999931
52,468,23.788096,38.0013
52,469,23.788946,38.00159
52,470,23.790006,38.001979
52,471,23.791126,38.002448
52,472,23.791916,38.00288
52,473,23.792585,38.003398
52,474,23.794636,38.004909
52,475,23.798426,38.00664
52,476,23.801506,38.007412
52,477,23.806016,38.009212
52,478,23.808527,38.010421
52,479,23.810377,38.011093
52,480,23.810387,38.011093
52,481,23.812986,38.011661
52,482,23.817087,38.01266
52,483,23.819388,38.013309
52,484,23.822427,38.01369
52,485,23.826646,38.013931
52,486,23.832407,38.01348
52,487,23.836758,38.012462
52,488,23.839697,38.011111
52,489,23.841877,38.010791
52,490,23.845257,38.010402
52,491,23.850237,38.009521
52,492,23.854177,38.0088
52,493,23.855017,38.007468
52,494,23.855776,38.00616
52,495,23.856457,38.005221
52,496,23.856146,38.00336
52,497,23.859346,38.001658
52,498,23.862957,37.999636
52,499,23.866577,37.997935
52,500,23.869608,37.996196
52,501,23.871588,37.995597
52,502,23.874129,37.992866
52,503,23.877619,37.990516
52,504,23.880388,37.989135
52,505,23.881268,37.990215
52,506,23.881286,37.990695
52,507,23.881277,37.990714
52,508,23.881376,37.990886
52,509,23.881946,37.990646
52,510,23.881916,37.990615
52,511,23.881916,37.990577
52,512,23.881886,37.990547
52,513,23.881875,37.990566
52,514,23.881275,37.990115
52,515,23.881275,37.990115
52,516,23.881185,37.989875
52,517,23.881176,37.989875
52,518,23.880605,37.989364
52,519,23.879576,37.989333
52,520,23.876736,37.991142
52,521,23.874645,37.992392
52,522,23.873226,37.990482
52,523,23.870926,37.9901
52,524,23.870436,37.991061
52,525,23.872305,37.993491
52,526,23.870325,37.995723
52,527,23.870315,37.995742
52,528,23.870316,37.995952
52,529,23.867445,37.99747
52,530,23.863765,37.999339
52,531,23.859596,38.001468
52,532,23.857956,38.001559
52,533,23.858424,37.9995
52,534,23.857755,37.998191
52,535,23.857505,37.99776
52,536,23.856145,37.997741
52,537,23.853136,37.998019
52,538,23.852686,37.998458
52,539,23.852676,37.999088
52,540,23.852007,37.999228
52,541,23.850396,37.998081
52,542,23.848907,37.997409
52,543,23.848128,37.997039
52,544,23.847377,37.996867
52,545,23.846248,37.996615
52,546,23.845108,37.996837
52,547,23.844837,37.997035
52,548,23.844716,37.997066
52,549,23.844757,37.997054
52,550,23.844937,37.996863
52,551,23.847076,37.996672
52,552,23.848377,37.997092
52,553,23.850098,37.997741
52,554,23.851448,37.998752
52,555,23.852537,37.999363
52,556,23.852657,37.99837
52,557,23.853937,37.99792
52,558,23.857407,37.997531
52,559,23.857968,37.998389
52,560,23.858319,38.000019
52,561,23.857998,38.002238
52,562,23.859518,38.001407
52,563,23.863058,37.999488
52,564,23.866259,37.997996
52,565,23.869638,37.996085
52,566,23.870298,37.995876
52,567,23.872827,37.994647
52,568,23.876488,37.991188
52,569,23.880287,37.988936
52,570,23.881027,37.989665
52,571,23.881188,37.990535
52,572,23.881267,37.990653
52,573,23.881267,37.990664
52,574,23.881326,37.990775
52,575,23.881906,37.990585
52,576,23.881386,37.989943
52,577,23.881296,37.989963
52,578,23.880856,37.989482
52,579,23.880285,37.988963
52,580,23.880476,37.988791
52,581,23.883125,37.987662
52,582,23.884035,37.987175
52,583,23.884035,37.987175
52,584,23.884994,37.986743
52,585,23.888114,37.985004
52,586,23.891556,37.982783
52,587,23.895336,37.980273
52,588,23.899095,37.977855
52,589,23.902775,37.975395
52,590,23.905085,37.972126
52,591,23.905744,37.968414
52,592,23.906294,37.965823
52,593,23.906485,37.964225
52,594,23.904126,37.963725
52,595,23.900715,37.963015
52,596,23.900394,37.960967
52,597,23.900484,37.959659
52,598,23.900385,37.957599
52,599,23.900245,37.955631
52,600,23.899326,37.953662
52,601,23.897976,37.951103
52,602,23.896495,37.947913
52,603,23.894776,37.944522
52,604,23.893304,37.941333
52,605,23.891815,37.938201
52,606,23.890726,37.935672
52,607,23.889046,37.932964
52,608,23.886687,37.933666
52,609,23.884207,37.935214
52,610,23.882946,37.933013
52,611,23.882557,37.932193
52,612,23.884296,37.930514
52,613,23.885437,37.927536
52,614,23.883766,37.923816
52,615,23.888976,37.922256
52,616,23.891947,37.918365
52,617,23.894476,37.914184
52,618,23.895007,37.911933
52,619,23.894457,37.909572
52,620,23.894226,37.905883
52,621,23.894746,37.903781
52,622,23.894746,37.90377
52,623,23.894447,37.903171
52,624,23.891397,37.900779
52,625,23.886287,37.89894
52,626,23.884829,37.898471
52,627,23.883678,37.895461
52,628,23.882748,37.891723
52,629,23.881817,37.891391
52,630,23.881777,37.891391
52,631,23.881358,37.889133
52,632,23.879017,37.886352
52,633,23.875886,37.883643
52,634,23.872087,37.880805
52,635,23.868967,37.878257
52,636,23.866497,37.876548
52,637,23.864138,37.875068
52,638,23.861078,37.873447
52,639,23.859318,37.873355
52,640,23.856338,37.872596
