53,1,23.761219,38.019424
53,2,23.76133,38.019313
53,3,23.761199,38.019564
53,4,23.76034,38.019664
53,5,23.75971,38.020385
53,6,23.758831,38.020866
53,7,23.757801,38.021136
53,8,23.758821,38.022468
53,9,23.760841,38.024989
53,10,23.763191,38.027809
53,11,23.764771,38.029929
53,12,23.767802,38.032161
53,13,23.771051,38.033851
53,14,23.773041,38.033389
53,15,23.773491,38.033057
53,16,23.773581,38.032989
53,17,23.77428,38.03263
53,18,23.77536,38.032161
53,19,23.776239,38.031649
53,20,23.777939,38.030639
53,21,23.77887,38.030071
53,22,23.779258,38.029842
53,23,23.780519,38.029151
53,24,23.781028,38.02883
53,25,23.781879,38.0283
53,26,23.78244,38.027969
53,27,23.783491,38.027328
53,28,23.783751,38.027156
53,29,23.78582,38.025935
53,30,23.78838,38.024444
53,31,23.78858,38.024284
53,32,23.789801,38.023662
53,33,23.79262,38.021903
53,34,23.79323,38.021182
53,35,23.79504,38.018661
53,36,23.795321,38.01831
53,37,23.797071,38.01739
53,38,23.800682,38.017612
53,39,23.802492,38.017963
53,40,23.803282,38.018081
53,41,23.803332,38.0181
53,42,23.804682,38.018359
53,43,23.805251,38.018501
53,44,23.805483,38.01855
53,45,23.805553,38.018581
53,46,23.807684,38.019011
53,47,23.811034,38.019683
53,48,23.813823,38.020354
53,49,23.817315,38.021003
53,50,23.821184,38.021934
53,51,23.825434,38.022544
53,52,23.829344,38.023345
53,53,23.832424,38.024363
53,54,23.833784,38.025512
53,55,23.834293,38.026263
53,56,23.835773,38.027724
53,57,23.836223,38.028274
53,58,23.837155,38.028155
53,59,23.839004,38.027446
53,60,23.841555,38.026244
53,61,23.842545,38.026264
53,62,23.844175,38.025844
53,63,23.847145,38.025233
53,64,23.848955,38.024901
53,65,23.849085,38.024871
53,66,23.848605,38.0237
53,67,23.847244,38.021469
53,68,23.846615,38.02069
53,69,23.845486,38.01842
53,70,23.846935,38.017932
53,71,23.849954,38.017681
53,72,23.852125,38.01723
53,73,23.853556,38.014091
53,74,23.855476,38.010803
53,75,23.857446,38.009322
53,76,23.857376,38.008121
53,77,23.858776,38.00756
53,78,23.862076,38.007018
53,79,23.865595,38.006267
53,80,23.869215,38.005596
53,81,23.869665,38.005504
53,82,23.870405,38.005363
53,83,23.870606,38.005332
53,84,23.871065,38.005241
53,85,23.871345,38.00518
53,86,23.872086,38.005031
53,87,23.872776,38.004901
53,88,23.873236,38.004783
53,89,23.873316,38.004752
53,90,23.873565,38.004672
53,91,23.873686,38.004634
53,92,23.874476,38.004375
53,93,23.875946,38.003974
53,94,23.876406,38.003875
53,95,23.876436,38.003875
53,96,23.876676,38.003826
53,97,23.877987,38.003765
53,98,23.878576,38.003734
53,99,23.879696,38.003695
53,100,23.879795,38.003707
53,101,23.881175,38.003737
53,102,23.883096,38.003539
53,103,23.883217,38.003528
53,104,23.884367,38.003516
53,105,23.886726,38.003855
53,106,23.887856,38.004016
53,107,23.890597,38.004436
53,108,23.895367,38.003836
53,109,23.899517,38.003115
53,110,23.904238,38.002605
53,111,23.909079,38.002513
53,112,23.91244,38.000891
53,113,23.916529,37.999061
53,114,23.92125,37.997932
53,115,23.92371,37.997562
53,116,23.928299,37.997841
53,117,23.933119,37.99895
53,118,23.937288,38.000659
53,119,23.941298,38.001968
53,120,23.944347,38.002937
53,121,23.945487,38.002845
53,122,23.946138,38.001987
53,123,23.947257,38.001308
53,124,23.947998,38.000858
53,125,23.948979,38.000636
53,126,23.949228,38.000736
53,127,23.949248,38.000563
53,128,23.948017,38.000904
53,129,23.947817,38.001033
53,130,23.947696,38.001094
53,131,23.947426,38.001083
53,132,23.947525,38.001174
53,133,23.948485,38.000675
53,134,23.949064,37.999606
53,135,23.948994,37.998695
53,136,23.949003,37.998523
53,137,23.948984,37.998302
53,138,23.949164,37.998381
53,139,23.949333,37.998511
53,140,23.949404,37.998542
53,141,23.949093,37.998572
53,142,23.949173,37.999732
53,143,23.948593,38.000651
53,144,23.947622,38.001102
53,145,23.947262,38.001323
53,146,23.946161,38.002261
53,147,23.945121,38.00323
53,148,23.943293,38.00275
53,149,23.940203,38.001869
53,150,23.936034,38.000167
53,151,23.931624,37.998546
53,152,23.928033,37.997924
53,153,23.923623,37.997665
53,154,23.918814,37.998545
53,155,23.913793,37.999827
53,156,23.910914,38.002486
53,157,23.906325,38.002616
53,158,23.901563,38.002937
53,159,23.899683,38.003134
53,160,23.896513,38.003665
53,161,23.891952,38.004497
53,162,23.889992,38.004428
53,163,23.886961,38.003948
53,164,23.884071,38.003517
53,165,23.882242,38.003715
53,166,23.882184,38.003727
53,167,23.881732,38.003757
53,168,23.880123,38.003757
53,169,23.878353,38.003768
53,170,23.878152,38.003768
53,171,23.877672,38.003807
53,172,23.876132,38.004028
53,173,23.874323,38.004497
53,174,23.872282,38.005088
53,175,23.869081,38.005668
53,176,23.867792,38.005908
53,177,23.866222,38.006167
53,178,23.863862,38.006629
53,179,23.860952,38.007228
53,180,23.860823,38.008708
53,181,23.861143,38.011229
53,182,23.860264,38.012679
53,183,23.860344,38.014819
53,184,23.860344,38.017719
53,185,23.860304,38.020469
53,186,23.859774,38.022929
53,187,23.859653,38.023639
53,188,23.859653,38.02365
53,189,23.858133,38.024138
53,190,23.854443,38.024859
53,191,23.851013,38.026
53,192,23.850653,38.026118
53,193,23.848632,38.026767
53,194,23.845043,38.028628
53,195,23.843474,38.027587
53,196,23.841833,38.027679
53,197,23.839123,38.028857
53,198,23.839092,38.028876
53,199,23.838673,38.029075
53,200,23.838642,38.029087
53,201,23.838442,38.029178
53,202,23.838211,38.029277
53,203,23.838202,38.029277
53,204,23.837801,38.029449
53,205,23.837751,38.02946
53,206,23.837381,38.029639
53,207,23.837331,38.029651
53,208,23.836903,38.029219
53,209,23.836813,38.029109
53,210,23.836473,38.028659
53,211,23.835894,38.02788
53,212,23.834504,38.02647
53,213,23.833942,38.025878
53,214,23.833332,38.024967
53,215,23.832942,38.025016
53,216,23.832093,38.025435
53,217,23.831003,38.026015
53,218,23.830513,38.026275
53,219,23.823344,38.032516
53,220,23.823454,38.032687
53,221,23.823035,38.032996
53,222,23.822794,38.033046
53,223,23.822624,38.032855
53,224,23.822735,38.032955
53,225,23.822494,38.033134
53,226,23.822463,38.033164
53,227,23.823105,38.032814
53,228,23.823346,38.032615
53,229,23.823225,38.032615
53,230,23.822965,38.032455
53,231,23.822706,38.032573
53,232,23.822277,38.033004
53,233,23.822518,38.032863
53,234,23.822758,38.032603
53,235,23.822977,38.032405
53,236,23.823156,38.032634
53,237,23.822996,38.032935
53,238,23.822607,38.033275
53,239,23.822598,38.033214
53,240,23.822718,38.033103
53,241,23.822698,38.033122
53,242,23.823158,38.032733
53,243,23.823258,38.032653
53,244,23.829998,38.027293
53,245,23.830288,38.027072
53,246,23.830008,38.027232
53,247,23.830637,38.026672
53,248,23.831796,38.025981
53,249,23.832697,38.025271
53,250,23.832867,38.024833
53,251,23.830717,38.023864
53,252,23.827788,38.023243
53,253,23.827257,38.023124
53,254,23.824297,38.022563
53,255,23.820828,38.022113
53,256,23.817229,38.021232
53,257,23.814259,38.020633
53,258,23.813239,38.020412
53,259,23.809668,38.019641
53,260,23.807938,38.019301
53,261,23.807817,38.019271
53,262,23.805607,38.018771
53,263,23.803337,38.018283
53,264,23.802577,38.018112
53,265,23.800398,38.017722
53,266,23.798748,38.017463
53,267,23.797317,38.017524
53,268,23.797247,38.017604
53,269,23.795507,38.018573
53,270,23.794897,38.019332
53,271,23.794047,38.020584
53,272,23.793726,38.021045
53,273,23.793356,38.021556
53,274,23.791315,38.022986
53,275,23.790375,38.023647
53,276,23.788365,38.024646
53,277,23.787294,38.025348
53,278,23.786564,38.025917
53,279,23.785783,38.026405
53,280,23.782284,38.028525
53,281,23.780754,38.029365
53,282,23.779363,38.030124
53,283,23.776714,38.031615
53,284,23.773874,38.033126
53,285,23.772112,38.034362
53,286,23.772013,38.034381
53,287,23.770483,38.03379
53,288,23.767433,38.032298
53,289,23.764454,38.029658
53,290,23.761673,38.026679
53,291,23.759173,38.02333
53,292,23.758463,38.022419
53,293,23.758312,38.022258
53,294,23.758042,38.021899
53,295,23.757792,38.021629
53,296,23.756872,38.021869
53,297,23.756653,38.021831
53,298,23.754584,38.022602
53,299,23.754324,38.0227
53,300,23.754025,38.022509
53,301,23.753834,38.022059
53,302,23.753344,38.020659
53,303,23.753205,38.020339
53,304,23.753174,38.020259
53,305,23.753504,38.019927
53,306,23.754525,38.019507
53,307,23.754534,38.019458
53,308,23.754983,38.019237
53,309,23.755193,38.019225
53,310,23.755293,38.019324
53,311,23.755872,38.019115
53,312,23.755903,38.019084
53,313,23.756255,38.019313
53,314,23.757065,38.020534
53,315,23.758174,38.021034
53,316,23.759594,38.020553
53,317,23.760143,38.019973
53,318,23.761173,38.019733
53,319,23.761324,38.019534
53,320,23.761403,38.019522
