55,1,23.840842,38.131308
55,2,23.840931,38.131168
55,3,23.840931,38.131049
55,4,23.841071,38.130969
55,5,23.84106,38.130919
55,6,23.84111,38.130981
55,7,23.84071,38.131549
55,8,23.8407,38.13156
55,9,23.840401,38.131862
55,10,23.83947,38.131453
55,11,23.83827,38.129035
55,12,23.83625,38.124854
55,13,23.833099,38.121036
55,14,23.830099,38.117935
55,15,23.829359,38.116794
55,16,23.829038,38.116073
55,17,23.828548,38.114452
55,18,23.826729,38.11222
55,19,23.825998,38.10984
55,20,23.826038,38.107371
55,21,23.826159,38.104961
55,22,23.825899,38.10308
55,23,23.82551,38.100699
55,24,23.825491,38.099891
55,25,23.825139,38.099509
55,26,23.82447,38.098128
55,27,23.823802,38.095767
55,28,23.82217,38.092857
55,29,23.82125,38.091476
55,30,23.82061,38.090907
55,31,23.819891,38.090187
55,32,23.819471,38.089797
55,33,23.817972,38.088638
55,34,23.816921,38.087219
55,35,23.816461,38.085898
55,36,23.816492,38.084979
55,37,23.816342,38.084468
55,38,23.815701,38.083137
55,39,23.81538,38.082797
55,40,23.815211,38.082576
55,41,23.814821,38.081836
55,42,23.814671,38.081374
55,43,23.814331,38.079994
55,44,23.814091,38.079444
55,45,23.81378,38.078926
55,46,23.812729,38.077445
55,47,23.81218,38.076396
55,48,23.81212,38.075526
55,49,23.812321,38.074706
55,50,23.812481,38.073905
55,51,23.812321,38.073245
55,52,23.81118,38.071735
55,53,23.811081,38.069255
55,54,23.809921,38.066474
55,55,23.809212,38.063175
55,56,23.808672,38.059573
55,57,23.808582,38.059085
55,58,23.809983,38.056983
55,59,23.811552,38.054744
55,60,23.810362,38.052223
55,61,23.808592,38.049884
55,62,23.807682,38.047393
55,63,23.806393,38.045383
55,64,23.804252,38.043273
55,65,23.803824,38.042964
55,66,23.802972,38.042605
55,67,23.804592,38.041274
55,68,23.807553,38.039935
55,69,23.808221,38.039603
55,70,23.808221,38.039592
55,71,23.808721,38.040183
55,72,23.808901,38.041103
55,73,23.808901,38.041233
55,74,23.809321,38.04106
55,75,23.80916,38.040962
55,76,23.80916,38.041541
55,77,23.80937,38.043582
55,78,23.809389,38.044543
55,79,23.808819,38.044784
55,80,23.807708,38.045264
55,81,23.807699,38.045276
55,82,23.807299,38.045474
55,83,23.807807,38.046585
55,84,23.808937,38.049563
55,85,23.810688,38.052104
55,86,23.810959,38.052783
55,87,23.811949,38.054832
55,88,23.809279,38.05717
55,89,23.809109,38.060711
55,90,23.809509,38.063731
55,91,23.809519,38.063762
55,92,23.809858,38.065562
55,93,23.811209,38.068603
55,94,23.81124,38.069903
55,95,23.811579,38.071803
55,96,23.812529,38.073493
55,97,23.812408,38.074283
55,98,23.812538,38.076633
55,99,23.813987,38.078891
55,100,23.814807,38.081462
55,101,23.815998,38.083262
55,102,23.816488,38.085273
55,103,23.816618,38.086394
55,104,23.816717,38.086586
55,105,23.817077,38.087085
55,106,23.817207,38.087295
55,107,23.817266,38.087394
55,108,23.817695,38.088043
55,109,23.818436,38.088813
55,110,23.818836,38.088984
55,111,23.819027,38.089103
55,112,23.819647,38.089725
55,113,23.820747,38.090656
55,114,23.821768,38.091544
55,115,23.823557,38.094554
55,116,23.824416,38.097576
55,117,23.824457,38.097644
55,118,23.823878,38.098304
55,119,23.819767,38.100215
55,120,23.816316,38.101417
55,121,23.817127,38.103877
55,122,23.819277,38.107047
55,123,23.822437,38.110069
55,124,23.825977,38.113437
55,125,23.828718,38.116218
55,126,23.832738,38.120257
55,127,23.836538,38.124839
55,128,23.837898,38.127688
55,129,23.838959,38.129909
55,130,23.840679,38.131549
55,131,23.841229,38.130729
55,132,23.841118,38.130729
55,133,23.840927,38.130878
55,134,23.840878,38.130946
55,135,23.840317,38.131655
55,136,23.839597,38.131556
55,137,23.838257,38.128868
55,138,23.836117,38.124415
55,139,23.832736,38.120548
55,140,23.829377,38.117156
55,141,23.829136,38.116218
55,142,23.828535,38.114356
55,143,23.826475,38.111766
55,144,23.825914,38.109886
55,145,23.825914,38.107516
55,146,23.826025,38.104786
55,147,23.825664,38.101996
55,148,23.825393,38.100677
55,149,23.825073,38.099505
55,150,23.824503,38.098415
55,151,23.823723,38.095706
55,152,23.822303,38.093196
55,153,23.822244,38.093127
55,154,23.821994,38.092757
55,155,23.821915,38.092628
55,156,23.821724,38.092258
55,157,23.821483,38.091857
55,158,23.821243,38.091659
55,159,23.821173,38.091578
55,160,23.820932,38.091407
55,161,23.820312,38.090945
55,162,23.819742,38.090377
55,163,23.819113,38.089698
55,164,23.818453,38.089289
55,165,23.818012,38.08892
55,166,23.817321,38.08802
55,167,23.816742,38.087131
55,168,23.816532,38.085212
55,169,23.815142,38.082622
55,170,23.814522,38.081073
55,171,23.814371,38.080592
55,172,23.813742,38.078941
55,173,23.812391,38.076999
55,174,23.81219,38.076629
55,175,23.812012,38.075858
55,176,23.812082,38.075267
55,177,23.812163,38.074996
55,178,23.812362,38.074156
55,179,23.811672,38.072566
55,180,23.810982,38.070518
55,181,23.810982,38.070068
55,182,23.810942,38.068156
55,183,23.809912,38.066577
55,184,23.809431,38.065116
55,185,23.808981,38.062118
55,186,23.80853,38.059219
55,187,23.808491,38.059039
55,188,23.809432,38.057158
55,189,23.811762,38.055308
55,190,23.810973,38.053619
55,191,23.809803,38.051288
55,192,23.808193,38.0494
55,193,23.807564,38.047351
55,194,23.807453,38.047
55,195,23.806863,38.045932
55,196,23.805994,38.045222
55,197,23.804473,38.043731
55,198,23.803463,38.042899
55,199,23.803723,38.041499
55,200,23.806423,38.040561
55,201,23.807734,38.03989
55,202,23.808054,38.039741
55,203,23.808584,38.039993
55,204,23.808936,38.041381
55,205,23.809155,38.04338
55,206,23.809324,38.044811
55,207,23.810335,38.044551
55,208,23.812595,38.04386
55,209,23.815136,38.042522
55,210,23.816036,38.041721
55,211,23.815425,38.04156
55,212,23.815266,38.041599
55,213,23.815266,38.041568
55,214,23.815805,38.041469
55,215,23.816145,38.041839
55,216,23.815254,38.042488
55,217,23.812383,38.043986
55,218,23.809433,38.044837
55,219,23.807743,38.045436
55,220,23.807712,38.045436
55,221,23.807533,38.045497
55,222,23.807623,38.046546
55,223,23.808172,38.048675
55,224,23.808712,38.049685
55,225,23.809353,38.050135
55,226,23.809723,38.050678
55,227,23.809994,38.051239
55,228,23.810154,38.051528
55,229,23.810274,38.05178
55,230,23.810884,38.052928
55,231,23.811214,38.053717
55,232,23.811393,38.054049
55,233,23.811634,38.056319
55,234,23.808815,38.057891
55,235,23.808954,38.06023
55,236,23.809404,38.063381
55,237,23.810005,38.066299
55,238,23.810634,38.06721
55,239,23.811125,38.068759
55,240,23.811144,38.069609
55,241,23.811163,38.070629
55,242,23.811483,38.071887
55,243,23.812023,38.07259
55,244,23.812063,38.07265
55,245,23.812402,38.074012
55,246,23.812212,38.076293
55,247,23.812761,38.077403
55,248,23.813301,38.078094
55,249,23.813901,38.079055
55,250,23.814712,38.081596
55,251,23.815253,38.082595
55,252,23.815653,38.083064
55,253,23.815942,38.083525
55,254,23.816183,38.084117
55,255,23.816374,38.084586
55,256,23.816464,38.085246
55,257,23.816404,38.086196
55,258,23.816954,38.087215
55,259,23.817283,38.087726
55,260,23.817324,38.087787
55,261,23.817724,38.088366
55,262,23.818184,38.088866
55,263,23.818403,38.089015
55,264,23.819014,38.089416
55,265,23.819744,38.090224
55,266,23.821055,38.091304
55,267,23.821585,38.091865
55,268,23.821945,38.092383
55,269,23.823525,38.095145
55,270,23.824514,38.098197
55,271,23.825384,38.099776
55,272,23.825644,38.101836
55,273,23.825983,38.104617
55,274,23.825912,38.107379
55,275,23.825832,38.109439
55,276,23.826353,38.111468
55,277,23.828093,38.113807
55,278,23.829052,38.115268
55,279,23.829092,38.115329
55,280,23.829083,38.11587
55,281,23.829262,38.116889
55,282,23.832022,38.119651
55,283,23.835701,38.1235
55,284,23.83773,38.12765
55,285,23.83937,38.131049
55,286,23.840681,38.1314
55,287,23.840771,38.131229
55,288,23.840869,38.131129
55,289,23.84088,38.131141
55,290,23.84099,38.131103
55,291,23.841089,38.130962
55,292,23.841049,38.130981
55,293,23.841108,38.130931
55,294,23.841077,38.130999
55,295,23.841028,38.13116
55,296,23.840899,38.131308
55,297,23.840399,38.131908
55,298,23.840078,38.131926
55,299,23.839428,38.131378
55,300,23.837827,38.128097
55,301,23.835727,38.123859
55,302,23.832397,38.120318
55,303,23.830128,38.1188
55,304,23.829218,38.117808
55,305,23.827638,38.116157
55,306,23.825109,38.114108
55,307,23.82387,38.113738
55,308,23.823259,38.11177
55,309,23.820209,38.10884
55,310,23.815979,38.104911
55,311,23.809328,38.10205
55,312,23.803218,38.09962
55,313,23.79723,38.09732
55,314,23.79291,38.094089
55,315,23.79078,38.0913
55,316,23.78806,38.087798
55,317,23.78504,38.083907
55,318,23.78204,38.080127
55,319,23.779499,38.077708
55,320,23.779989,38.077166
55,321,23.78114,38.078315
55,322,23.78298,38.080615
55,323,23.78483,38.083056
55,324,23.785901,38.084388
55,325,23.78615,38.084506
55,326,23.786351,38.084506
55,327,23.78673,38.084598
55,328,23.786739,38.084617
55,329,23.786699,38.084628
55,330,23.786779,38.084678
55,331,23.786878,38.084716
55,332,23.787218,38.084777
55,333,23.787498,38.085147
55,334,23.787547,38.085086
55,335,23.787038,38.084834
55,336,23.786749,38.084693
55,337,23.786758,38.084682
55,338,23.786318,38.084522
55,339,23.786438,38.085002
55,340,23.787829,38.086852
55,341,23.789599,38.089153
55,342,23.790107,38.089953
55,343,23.791088,38.091236
55,344,23.791307,38.091525
55,345,23.791378,38.091625
55,346,23.792837,38.093585
55,347,23.796557,38.096736
55,348,23.801907,38.098846
55,349,23.807217,38.100985
55,350,23.812567,38.102966
55,351,23.815077,38.103877
55,352,23.815167,38.103988
55,353,23.814827,38.105517
55,354,23.818367,38.107207
55,355,23.821957,38.110698
55,356,23.824127,38.114096
55,357,23.827497,38.116008
55,358,23.830328,38.118797
55,359,23.831589,38.119445
55,360,23.834358,38.122256
55,361,23.836938,38.126178
55,362,23.838799,38.130069
55,363,23.840458,38.131839
55,364,23.840898,38.131118
55,365,23.840939,38.131129
55,366,23.841089,38.130989
55,367,23.841108,38.130919
55,368,23.841118,38.130859
55,369,23.841128,38.130988
55,370,23.841097,38.131027
55,371,23.840776,38.131488
55,372,23.839956,38.131847
55,373,23.839505,38.131316
55,374,23.838026,38.128337
55,375,23.836946,38.126159
55,376,23.837705,38.126018
55,377,23.839586,38.126506
55,378,23.842556,38.127128
55,379,23.844906,38.12709
55,380,23.847406,38.128871
55,381,23.848757,38.129611
55,382,23.851017,38.129951
55,383,23.853367,38.130519
55,384,23.855526,38.130927
55,385,23.857197,38.131259
55,386,23.858446,38.13153
55,387,23.858996,38.131622
55,388,23.859135,38.131622
55,389,23.859174,38.13145
55,390,23.857905,38.129921
55,391,23.856655,38.129611
55,392,23.854984,38.12942
55,393,23.854583,38.129382
55,394,23.854574,38.129382
55,395,23.854555,38.129241
55,396,23.854506,38.129302
55,397,23.854786,38.129413
55,398,23.856257,38.129531
55,399,23.857466,38.129592
55,400,23.857866,38.129882
55,401,23.859196,38.131492
55,402,23.859286,38.131572
55,403,23.858275,38.131504
55,404,23.858293,38.131492
55,405,23.857535,38.131332
55,406,23.854914,38.130813
55,407,23.854914,38.130813
55,408,23.854673,38.130775
55,409,23.850852,38.129886
55,410,23.847122,38.128616
55,411,23.844042,38.127086
55,412,23.840671,38.126677
55,413,23.837832,38.125998
55,414,23.837251,38.126479
55,415,23.837841,38.127898
55,416,23.839041,38.130439
55,417,23.840422,38.13185
55,418,23.840942,38.13111
55,419,23.841023,38.13098
55,420,23.841072,38.130919
55,421,23.841072,38.130931
55,422,23.841022,38.131072
55,423,23.841003,38.131083
55,424,23.840813,38.131362
55,425,23.839842,38.131873
55,426,23.838861,38.130172
55,427,23.836891,38.12601
55,428,23.83369,38.121558
55,429,23.83065,38.11864
55,430,23.82946,38.118152
55,431,23.828741,38.117294
55,432,23.826381,38.114955
55,433,23.824211,38.114006
55,434,23.823512,38.112025
55,435,23.820691,38.109294
55,436,23.816581,38.105384
55,437,23.810001,38.102313
55,438,23.80347,38.099723
55,439,23.797081,38.097274
55,440,23.79265,38.093795
55,441,23.791309,38.092025
55,442,23.791278,38.091964
55,443,23.790298,38.090675
55,444,23.787668,38.087283
55,445,23.784298,38.082885
55,446,23.780368,38.078136
55,447,23.775399,38.075065
55,448,23.770517,38.073096
55,449,23.766237,38.071357
55,450,23.761939,38.069636
55,451,23.758867,38.068778
55,452,23.759737,38.069098
55,453,23.759916,38.067798
55,454,23.759846,38.066378
55,455,23.758795,38.06459
55,456,23.758264,38.06398
55,457,23.757555,38.06369
55,458,23.756204,38.063808
55,459,23.755104,38.063769
55,460,23.754994,38.063689
55,461,23.754803,38.063751
55,462,23.754744,38.063712
55,463,23.754864,38.0637
55,464,23.755225,38.063529
55,465,23.755375,38.063491
55,466,23.755485,38.0634
55,467,23.754826,38.063739
55,468,23.755905,38.063899
55,469,23.757456,38.063628
55,470,23.758057,38.06372
55,471,23.759346,38.06517
55,472,23.759997,38.066902
55,473,23.760686,38.06869
55,474,23.763807,38.069999
55,475,23.767717,38.071589
55,476,23.771977,38.073322
55,477,23.776207,38.075042
55,478,23.780207,38.077571
55,479,23.783567,38.081462
55,480,23.786457,38.085242
55,481,23.789437,38.089103
55,482,23.791006,38.091152
55,483,23.791526,38.09183
55,484,23.793417,38.094291
55,485,23.797157,38.09698
55,486,23.802218,38.098941
55,487,23.807377,38.100989
55,488,23.812357,38.102889
55,489,23.815107,38.103859
55,490,23.814827,38.10477
55,491,23.816437,38.10559
55,492,23.819178,38.107929
55,493,23.821977,38.110659
55,494,23.823847,38.113979
55,495,23.826856,38.115329
55,496,23.829545,38.11814
55,497,23.830826,38.11888
55,498,23.832226,38.120299
55,499,23.834366,38.122321
55,500,23.836417,38.125202
55,501,23.837446,38.12725
55,502,23.838165,38.128768
55,503,23.839045,38.130577
55,504,23.840374,38.131939
55,505,23.840974,38.131187
55,506,23.840975,38.130946
55,507,23.841024,38.130878
55,508,23.840965,38.130828
55,509,23.840965,38.130828
55,510,23.840965,38.130866
55,511,23.840885,38.130896
55,512,23.840935,38.130847
55,513,23.841045,38.131187
55,514,23.840805,38.131465
55,515,23.840095,38.131866
55,516,23.840246,38.132804
55,517,23.841837,38.136054
55,518,23.844787,38.138255
55,519,23.845487,38.139297
55,520,23.845497,38.139347
55,521,23.847578,38.139487
55,522,23.851808,38.139548
55,523,23.854898,38.13816
55,524,23.856119,38.13689
55,525,23.856209,38.137069
55,526,23.8562,38.137149
55,527,23.855959,38.13718
55,528,23.855268,38.13787
55,529,23.853778,38.139388
55,530,23.85055,38.139617
55,531,23.84647,38.139549
55,532,23.8456,38.139518
55,533,23.8456,38.139518
55,534,23.8454,38.13948
55,535,23.843121,38.138099
55,536,23.84131,38.135058
55,537,23.839851,38.131999
55,538,23.840332,38.131648
55,539,23.839993,38.131408
55,540,23.840012,38.131458
55,541,23.839981,38.131458
55,542,23.839924,38.131381
