56,1,23.840098,38.131236
56,2,23.840618,38.131705
56,3,23.840819,38.131385
56,4,23.840808,38.131423
56,5,23.840679,38.131454
56,6,23.840749,38.131335
56,7,23.841089,38.131015
56,8,23.841139,38.130935
56,9,23.84112,38.130935
56,10,23.841009,38.131107
56,11,23.841039,38.131126
56,12,23.840759,38.131484
56,13,23.840269,38.131865
56,14,23.839619,38.131614
56,15,23.838549,38.129443
56,16,23.836679,38.125553
56,17,23.833939,38.121734
56,18,23.830948,38.118743
56,19,23.829529,38.118193
56,20,23.828729,38.117255
56,21,23.826599,38.115127
56,22,23.824369,38.113986
56,23,23.823829,38.113685
56,24,23.823759,38.113605
56,25,23.823639,38.112193
56,26,23.821098,38.109653
56,27,23.817278,38.105952
56,28,23.811428,38.102843
56,29,23.804927,38.100242
56,30,23.799038,38.097972
56,31,23.793727,38.095
56,32,23.791357,38.092052
56,33,23.791337,38.092033
56,34,23.791159,38.091922
56,35,23.790819,38.092002
56,36,23.789009,38.091292
56,37,23.785198,38.090793
56,38,23.781069,38.091682
56,39,23.778669,38.091193
56,40,23.777599,38.090964
56,41,23.776289,38.091243
56,42,23.774519,38.092452
56,43,23.771928,38.092513
56,44,23.769098,38.092154
56,45,23.765238,38.091644
56,46,23.760529,38.090842
56,47,23.759319,38.090331
56,48,23.758249,38.089851
56,49,23.755008,38.08842
56,50,23.751419,38.086841
56,51,23.748089,38.085361
56,52,23.745779,38.084361
56,53,23.745279,38.084601
56,54,23.74526,38.085452
56,55,23.74461,38.087493
56,56,23.743361,38.088774
56,57,23.74098,38.089663
56,58,23.740169,38.089854
56,59,23.73988,38.089855
56,60,23.73938,38.089843
56,61,23.738961,38.089832
56,62,23.738701,38.08982
56,63,23.738482,38.08982
56,64,23.738012,38.08982
56,65,23.738003,38.08982
56,66,23.736492,38.08977
56,67,23.734321,38.089621
56,68,23.732271,38.08892
56,69,23.730591,38.087188
56,70,23.73035,38.086028
56,71,23.7303,38.084319
56,72,23.730231,38.08348
56,73,23.73011,38.081099
56,74,23.73014,38.079558
56,75,23.731451,38.078609
56,76,23.732681,38.0773
56,77,23.732771,38.076369
56,78,23.73279,38.075801
56,79,23.73118,38.075691
56,80,23.730711,38.075889
56,81,23.730701,38.075808
56,82,23.730631,38.07624
56,83,23.73187,38.076309
56,84,23.732471,38.076617
56,85,23.732632,38.077648
56,86,23.730433,38.079097
56,87,23.730102,38.079978
56,88,23.730133,38.081909
56,89,23.730152,38.084899
56,90,23.730642,38.087519
56,91,23.733014,38.089221
56,92,23.735764,38.089672
56,93,23.736923,38.089762
56,94,23.738983,38.089854
56,95,23.741974,38.089454
56,96,23.744583,38.087573
56,97,23.745153,38.085574
56,98,23.745243,38.084243
56,99,23.748052,38.085433
56,100,23.752142,38.087222
56,101,23.753653,38.087871
56,102,23.754222,38.088123
56,103,23.754824,38.088374
56,104,23.754974,38.088443
56,105,23.755764,38.088794
56,106,23.755884,38.088832
56,107,23.756525,38.089111
56,108,23.756904,38.089271
56,109,23.756923,38.089271
56,110,23.758003,38.089759
56,111,23.758084,38.08977
56,112,23.758243,38.08982
56,113,23.760724,38.090889
56,114,23.764973,38.09156
56,115,23.769113,38.09212
56,116,23.772684,38.09259
56,117,23.773893,38.092628
56,118,23.773893,38.092639
56,119,23.774534,38.092379
56,120,23.777454,38.091011
56,121,23.781694,38.09175
56,122,23.785635,38.090892
56,123,23.786925,38.091391
56,124,23.787585,38.09151
56,125,23.787775,38.09151
56,126,23.788145,38.091419
56,127,23.788795,38.091327
56,128,23.788855,38.091316
56,129,23.789345,38.091334
56,130,23.789715,38.091563
56,131,23.789794,38.091625
56,132,23.789905,38.091693
56,133,23.790905,38.092132
56,134,23.792956,38.094413
56,135,23.795765,38.096793
56,136,23.800325,38.098575
56,137,23.804615,38.100246
56,138,23.806505,38.101024
56,139,23.807954,38.101615
56,140,23.811415,38.102985
56,141,23.814115,38.105254
56,142,23.816117,38.105475
56,143,23.819316,38.108146
56,144,23.823048,38.111785
56,145,23.825588,38.114204
56,146,23.828628,38.117183
56,147,23.830788,38.118713
56,148,23.831448,38.119261
56,149,23.833936,38.121802
56,150,23.836607,38.125503
56,151,23.838467,38.129443
56,152,23.839768,38.131903
56,153,23.840739,38.131415
56,154,23.840818,38.131267
56,155,23.840858,38.131187
56,156,23.841049,38.130989
56,157,23.841068,38.130958
56,158,23.841009,38.131118
56,159,23.84096,38.131129
56,160,23.84074,38.13132
56,161,23.840731,38.131381
56,162,23.840262,38.13187
56,163,23.839651,38.131869
56,164,23.838711,38.129951
56,165,23.837151,38.126639
56,166,23.834991,38.12284
56,167,23.831722,38.119529
56,168,23.829572,38.118438
56,169,23.828672,38.117347
56,170,23.826433,38.115058
56,171,23.824443,38.11396
56,172,23.823663,38.112491
56,173,23.821453,38.110022
56,174,23.817673,38.106383
56,175,23.812313,38.103232
56,176,23.805923,38.100704
56,177,23.798973,38.098022
56,178,23.793722,38.095103
56,179,23.791551,38.092342
56,180,23.791441,38.092201
56,181,23.790241,38.09064
56,182,23.787602,38.08723
56,183,23.784002,38.082469
56,184,23.780323,38.078071
56,185,23.774852,38.07479
56,186,23.768232,38.07212
56,187,23.761383,38.069358
56,188,23.755013,38.06681
56,189,23.749913,38.06277
56,190,23.746563,38.057578
56,191,23.744753,38.052917
56,192,23.741663,38.049179
56,193,23.738193,38.04597
56,194,23.734613,38.042559
56,195,23.733473,38.037849
56,196,23.730481,38.033427
56,197,23.727463,38.028488
56,198,23.725202,38.022998
56,199,23.721493,38.017929
56,200,23.718382,38.014118
56,201,23.717302,38.010096
56,202,23.713663,38.007496
56,203,23.709624,38.004947
56,204,23.706912,38.003028
56,205,23.706132,38.002449
56,206,23.706103,38.002418
56,207,23.706103,38.002418
56,208,23.705822,38.002227
56,209,23.705693,38.002147
56,210,23.705673,38.002128
56,211,23.705362,38.001979
56,212,23.705282,38.00204
56,213,23.705452,38.001441
56,214,23.706991,38.000121
56,215,23.708872,37.99858
56,216,23.709802,37.997802
56,217,23.710043,37.997611
56,218,23.710472,37.997253
56,219,23.711381,37.996531
56,220,23.712232,37.995601
56,221,23.712592,37.99493
56,222,23.713093,37.99401
56,223,23.714113,37.99234
56,224,23.715384,37.990569
56,225,23.715544,37.990397
56,226,23.716583,37.989009
56,227,23.717462,37.988219
56,228,23.718533,37.986339
56,229,23.718742,37.986018
56,230,23.718683,37.98608
56,231,23.719022,37.985538
56,232,23.719022,37.985526
56,233,23.719063,37.985496
56,234,23.719162,37.985286
56,235,23.719162,37.985286
56,236,23.719112,37.985015
56,237,23.717992,37.984695
56,238,23.716753,37.984313
56,239,23.715523,37.984023
56,240,23.713823,37.984424
56,241,23.712353,37.984764
56,242,23.711483,37.985083
56,243,23.711233,37.985244
56,244,23.711054,37.985355
56,245,23.711113,37.986156
56,246,23.712313,37.986907
56,247,23.713163,37.987297
56,248,23.714763,37.988155
56,249,23.715553,37.988525
56,250,23.716223,37.988914
56,251,23.716333,37.988883
56,252,23.716894,37.988402
56,253,23.717575,37.987464
56,254,23.719055,37.985584
56,255,23.719185,37.985324
56,256,23.719165,37.985313
56,257,23.719197,37.985122
56,258,23.719197,37.985122
56,259,23.718386,37.984882
56,260,23.717785,37.984721
56,261,23.716866,37.98453
56,262,23.716526,37.984321
56,263,23.716785,37.983833
56,264,23.717005,37.983562
56,265,23.717414,37.983451
56,266,23.718244,37.984
56,267,23.719534,37.983982
56,268,23.719713,37.984099
56,269,23.719893,37.98392
56,270,23.720112,37.983512
56,271,23.719692,37.982932
56,272,23.719063,37.983264
56,273,23.719072,37.983283
56,274,23.719242,37.983474
56,275,23.719442,37.983474
56,276,23.719122,37.983302
56,277,23.718871,37.983543
56,278,23.718631,37.983821
56,279,23.716803,37.984363
56,280,23.713232,37.984603
56,281,23.710892,37.985362
56,282,23.708693,37.986671
56,283,23.707022,37.987911
56,284,23.706972,37.987941
56,285,23.706122,37.988563
56,286,23.70367,37.990215
56,287,23.70055,37.992305
56,288,23.69784,37.994136
56,289,23.697661,37.994308
56,290,23.69761,37.994338
56,291,23.696081,37.995349
56,292,23.69531,37.996768
56,293,23.698301,37.998656
56,294,23.7033,38.000797
56,295,23.708021,38.003635
56,296,23.713041,38.006644
56,297,23.717362,38.009895
56,298,23.718792,38.014525
56,299,23.722903,38.018634
56,300,23.725671,38.023784
56,301,23.727762,38.028575
56,302,23.730241,38.032683
56,303,23.733251,38.036995
56,304,23.734473,38.041145
56,305,23.736973,38.044623
56,306,23.739763,38.047084
56,307,23.742794,38.049865
56,308,23.745344,38.053695
56,309,23.747213,38.058094
56,310,23.750173,38.062663
56,311,23.753763,38.066024
56,312,23.757414,38.067554
56,313,23.761583,38.069213
56,314,23.766884,38.071372
56,315,23.773033,38.073833
56,316,23.778984,38.076713
56,317,23.783224,38.081061
56,318,23.785595,38.084113
56,319,23.787655,38.086642
56,320,23.789055,38.088504
56,321,23.789795,38.089453
56,322,23.789804,38.089523
56,323,23.789875,38.089652
56,324,23.790405,38.090342
56,325,23.790505,38.090453
56,326,23.790695,38.090705
56,327,23.791694,38.092086
56,328,23.793535,38.094467
56,329,23.797134,38.096977
56,330,23.802543,38.099086
56,331,23.807863,38.101188
56,332,23.813253,38.103148
56,333,23.815004,38.103809
56,334,23.814854,38.104667
56,335,23.815714,38.105445
56,336,23.818924,38.107726
56,337,23.822313,38.111026
56,338,23.824102,38.114077
56,339,23.827403,38.115879
56,340,23.830273,38.11877
56,341,23.830953,38.11856
56,342,23.832304,38.11994
56,343,23.835255,38.122901
56,344,23.837315,38.126651
56,345,23.838785,38.129821
56,346,23.839896,38.131869
56,347,23.840866,38.131308
56,348,23.841097,38.130919
56,349,23.841106,38.130908
56,350,23.841026,38.130859
56,351,23.841086,38.130847
56,352,23.840956,38.130779
56,353,23.840996,38.130809
56,354,23.840996,38.130797
56,355,23.840885,38.130847
56,356,23.840894,38.130778
56,357,23.840855,38.130927
56,358,23.840805,38.131335
56,359,23.840895,38.131366
56,360,23.840774,38.131458
56,361,23.840755,38.131339
56,362,23.840595,38.13137
