57,1,23.840952,38.131107
57,2,23.840992,38.131026
57,3,23.841143,38.130878
57,4,23.841013,38.130897
57,5,23.841053,38.131026
57,6,23.841043,38.130965
57,7,23.840843,38.131125
57,8,23.840184,38.131675
57,9,23.839653,38.131583
57,10,23.838693,38.129695
57,11,23.837253,38.126617
57,12,23.835993,38.124046
57,13,23.832953,38.120716
57,14,23.829973,38.117687
57,15,23.827284,38.115065
57,16,23.824194,38.112037
57,17,23.821064,38.109076
57,18,23.817993,38.106196
57,19,23.816583,38.103137
57,20,23.816353,38.102786
57,21,23.816192,38.102656
57,22,23.816002,38.102565
57,23,23.815992,38.102553
57,24,23.814833,38.102184
57,25,23.812292,38.100592
57,26,23.810522,38.098571
57,27,23.809813,38.096103
57,28,23.809212,38.093791
57,29,23.808922,38.091243
57,30,23.809322,38.088851
57,31,23.809323,38.088549
57,32,23.809303,38.088489
57,33,23.809414,38.08802
57,34,23.808443,38.087588
57,35,23.805874,38.08744
57,36,23.805744,38.08686
57,37,23.805695,38.086528
57,38,23.805846,38.086448
57,39,23.807295,38.086479
57,40,23.808935,38.086497
57,41,23.809715,38.086326
57,42,23.810455,38.084964
57,43,23.809876,38.083305
57,44,23.808845,38.082374
57,45,23.807655,38.081214
57,46,23.807266,38.079536
57,47,23.807466,38.077567
57,48,23.807666,38.075759
57,49,23.806538,38.075599
57,50,23.805368,38.075561
57,51,23.804748,38.07553
57,52,23.804279,38.075542
57,53,23.8042,38.075523
57,54,23.803739,38.075534
57,55,23.801939,38.075653
57,56,23.80177,38.075652
57,57,23.801659,38.07532
57,58,23.801189,38.075652
57,59,23.80057,38.076141
57,60,23.800659,38.077621
57,61,23.800659,38.078502
57,62,23.800699,38.080421
57,63,23.80041,38.083103
57,64,23.80011,38.085983
57,65,23.800229,38.086894
57,66,23.79814,38.089515
57,67,23.796419,38.091686
57,68,23.795179,38.093257
57,69,23.79422,38.094886
57,70,23.796671,38.096595
57,71,23.801041,38.098346
57,72,23.80607,38.100344
57,73,23.809511,38.101684
57,74,23.810291,38.101825
57,75,23.809572,38.100833
57,76,23.811071,38.099982
57,77,23.811701,38.100001
57,78,23.812052,38.100371
57,79,23.813091,38.101413
57,80,23.813591,38.101722
57,81,23.81455,38.102043
57,82,23.815481,38.102314
57,83,23.81727,38.104762
57,84,23.820449,38.108474
57,85,23.82361,38.111503
57,86,23.827221,38.115043
57,87,23.829981,38.117713
57,88,23.833981,38.121783
57,89,23.83717,38.126693
57,90,23.83915,38.130794
57,91,23.840599,38.131473
57,92,23.840649,38.131374
57,93,23.84064,38.131355
57,94,23.840719,38.131213
57,95,23.840789,38.131294
57,96,23.840879,38.131243
57,97,23.841089,38.130984
57,98,23.84103,38.130954
57,99,23.84103,38.131095
57,100,23.84099,38.131134
57,101,23.84096,38.131144
57,102,23.840639,38.131526
57,103,23.840528,38.131816
57,104,23.839779,38.131896
57,105,23.839419,38.131347
57,106,23.838108,38.128676
57,107,23.836998,38.126068
57,108,23.838207,38.126018
57,109,23.840828,38.126708
57,110,23.843428,38.127139
57,111,23.846017,38.12799
57,112,23.848608,38.129539
57,113,23.851498,38.130099
57,114,23.853617,38.13058
57,115,23.855547,38.130969
57,116,23.857697,38.131378
57,117,23.858656,38.131575
57,118,23.859016,38.131656
57,119,23.859016,38.131656
57,120,23.859207,38.131644
57,121,23.858377,38.130614
57,122,23.856867,38.127764
57,123,23.856157,38.124755
57,124,23.857209,38.123004
57,125,23.858309,38.121013
57,126,23.856418,38.118793
57,127,23.853739,38.116271
57,128,23.850769,38.114673
57,129,23.85056,38.114581
57,130,23.851518,38.113879
57,131,23.853109,38.11275
57,132,23.85602,38.111098
57,133,23.859329,38.109538
57,134,23.861089,38.108348
57,135,23.862761,38.107516
57,136,23.86488,38.106407
57,137,23.868108,38.105468
57,138,23.871449,38.104408
57,139,23.874209,38.103206
57,140,23.875907,38.102324
57,141,23.878738,38.102603
57,142,23.881729,38.102165
57,143,23.884559,38.101184
57,144,23.88707,38.099494
57,145,23.888599,38.097404
57,146,23.891109,38.096053
57,147,23.893678,38.094714
57,148,23.894709,38.092513
57,149,23.894999,38.091602
57,150,23.895008,38.091429
57,151,23.895159,38.091498
57,152,23.894388,38.093306
57,153,23.891647,38.095717
57,154,23.887857,38.098629
57,155,23.883997,38.101398
57,156,23.878036,38.102527
57,157,23.873226,38.103717
57,158,23.868875,38.105148
57,159,23.864806,38.106398
57,160,23.861626,38.107959
57,161,23.858216,38.110228
57,162,23.854286,38.11188
57,163,23.851147,38.113971
57,164,23.850718,38.114131
57,165,23.848267,38.11404
57,166,23.844687,38.111991
57,167,23.842417,38.11074
57,168,23.841637,38.110321
57,169,23.838747,38.108711
57,170,23.835447,38.107421
57,171,23.832297,38.1053
57,172,23.829256,38.102931
57,173,23.826555,38.10073
57,174,23.825504,38.10078
57,175,23.825855,38.103542
57,176,23.826055,38.105251
57,177,23.825935,38.107749
57,178,23.825935,38.109821
57,179,23.826126,38.110961
57,180,23.827877,38.113403
57,181,23.829098,38.115234
57,182,23.829227,38.116774
57,183,23.831527,38.119033
57,184,23.835148,38.122794
57,185,23.837359,38.126834
57,186,23.839088,38.130523
57,187,23.840658,38.131434
57,188,23.840929,38.131095
57,189,23.84092,38.131125
57,190,23.841018,38.130996
57,191,23.841038,38.130958
57,192,23.840948,38.130878
57,193,23.840948,38.130878
57,194,23.840837,38.130877
57,195,23.840877,38.13084
57,196,23.840877,38.130821
57,197,23.840818,38.13108
57,198,23.841077,38.130999
57,199,23.840847,38.131069
57,200,23.840997,38.131168
57,201,23.841097,38.130989
57,202,23.841077,38.130969
57,203,23.841148,38.130889
57,204,23.841099,38.1309
57,205,23.840939,38.131122
57,206,23.840479,38.131794
57,207,23.83976,38.131854
57,208,23.838841,38.130073
57,209,23.837061,38.126304
57,210,23.834421,38.122196
57,211,23.831291,38.118987
57,212,23.829792,38.118396
57,213,23.828821,38.117267
57,214,23.827002,38.115435
57,215,23.824803,38.114047
57,216,23.823723,38.112716
57,217,23.821833,38.110324
57,218,23.818141,38.106784
57,219,23.813011,38.103473
57,220,23.806532,38.100894
57,221,23.799911,38.098323
57,222,23.794121,38.095431
57,223,23.791722,38.092491
57,224,23.789991,38.090251
57,225,23.78708,38.08649
57,226,23.784001,38.082462
57,227,23.780731,38.078433
57,228,23.77605,38.075302
57,229,23.770509,38.07305
57,230,23.76494,38.070819
57,231,23.759411,38.06861
57,232,23.754951,38.06681
57,233,23.750601,38.063869
57,234,23.747561,38.059199
57,235,23.74579,38.055728
57,236,23.744939,38.053447
57,237,23.744009,38.051516
57,238,23.742199,38.049655
57,239,23.739309,38.046974
57,240,23.73575,38.043982
57,241,23.73402,38.039843
57,242,23.73309,38.037585
57,243,23.733049,38.037505
57,244,23.73292,38.037326
57,245,23.732889,38.037265
57,246,23.733108,38.037136
57,247,23.733358,38.037055
57,248,23.733988,38.038363
57,249,23.734417,38.041015
57,250,23.736107,38.043987
57,251,23.738377,38.045745
57,252,23.739657,38.046626
57,253,23.740587,38.046157
57,254,23.740587,38.046119
57,255,23.740676,38.046089
57,256,23.740696,38.046077
57,257,23.740785,38.045948
57,258,23.740805,38.045928
57,259,23.740715,38.045799
57,260,23.740804,38.046008
57,261,23.739555,38.046737
57,262,23.739155,38.046397
57,263,23.737625,38.044998
57,264,23.735306,38.043006
57,265,23.734546,38.040996
57,266,23.734556,38.039317
57,267,23.734376,38.038116
57,268,23.734217,38.037814
57,269,23.734057,38.037352
57,270,23.733816,38.037074
57,271,23.733267,38.037265
57,272,23.732777,38.037425
57,273,23.732216,38.037566
57,274,23.733255,38.039035
57,275,23.734005,38.042194
57,276,23.733416,38.043483
57,277,23.731245,38.044654
57,278,23.730275,38.045115
57,279,23.728893,38.046146
57,280,23.728924,38.046454
57,281,23.729034,38.047313
57,282,23.729185,38.048194
57,283,23.728265,38.049064
57,284,23.725966,38.051104
57,285,23.723665,38.053084
57,286,23.723405,38.054015
57,287,23.722206,38.054687
57,288,23.718956,38.056327
57,289,23.717356,38.059398
57,290,23.716014,38.062648
57,291,23.714515,38.064788
57,292,23.714965,38.066817
57,293,23.715536,38.068019
57,294,23.715607,38.06805
57,295,23.715918,38.068431
57,296,23.716858,38.06969
57,297,23.717198,38.070682
57,298,23.716627,38.071571
57,299,23.715177,38.07165
57,300,23.715147,38.071319
57,301,23.715137,38.0713
57,302,23.715508,38.071269
57,303,23.715427,38.071258
57,304,23.715397,38.071319
57,305,23.715576,38.071238
