59,1,23.715522,38.071693
59,2,23.717284,38.071414
59,3,23.717493,38.071754
59,4,23.719574,38.074424
59,5,23.722143,38.076785
59,6,23.723642,38.078994
59,7,23.723772,38.079303
59,8,23.724882,38.078784
59,9,23.728052,38.079055
59,10,23.730112,38.079833
59,11,23.730162,38.082331
59,12,23.730232,38.08467
59,13,23.730512,38.08718
59,14,23.732884,38.089229
59,15,23.736183,38.089709
59,16,23.738224,38.08982
59,17,23.741644,38.089511
59,18,23.743204,38.08932
59,19,23.745184,38.091312
59,20,23.747714,38.093352
59,21,23.750334,38.095554
59,22,23.750685,38.095962
59,23,23.753386,38.097221
59,24,23.754375,38.0979
59,25,23.755806,38.100108
59,26,23.758645,38.099658
59,27,23.760567,38.099047
59,28,23.763737,38.098109
59,29,23.767218,38.097041
59,30,23.769567,38.097079
59,31,23.771748,38.09973
59,32,23.773588,38.100101
59,33,23.775518,38.100532
59,34,23.777939,38.100624
59,35,23.77916,38.100104
59,36,23.779219,38.100215
59,37,23.779438,38.100375
59,38,23.779999,38.100627
59,39,23.782818,38.101928
59,40,23.786678,38.104438
59,41,23.789518,38.10762
59,42,23.790308,38.111937
59,43,23.789198,38.116328
59,44,23.790848,38.12012
59,45,23.793118,38.123939
59,46,23.794428,38.126628
59,47,23.795998,38.123877
59,48,23.798257,38.119789
59,49,23.800548,38.115657
59,50,23.802858,38.111556
59,51,23.804998,38.107707
59,52,23.806908,38.106178
59,53,23.807978,38.106448
59,54,23.810068,38.107738
59,55,23.810799,38.106139
59,56,23.813988,38.106169
59,57,23.816708,38.105849
59,58,23.820318,38.109099
59,59,23.823429,38.113048
59,60,23.82663,38.115169
59,61,23.829939,38.11864
59,62,23.831539,38.119441
59,63,23.834559,38.122463
59,64,23.837038,38.126571
59,65,23.838738,38.130122
59,66,23.840557,38.131633
59,67,23.840788,38.131263
59,68,23.841028,38.131011
59,69,23.841058,38.130943
59,70,23.841089,38.130912
59,71,23.841179,38.130981
59,72,23.840859,38.131362
59,73,23.840768,38.131492
59,74,23.840349,38.131843
59,75,23.839609,38.131491
59,76,23.838329,38.128913
59,77,23.8365,38.125064
59,78,23.83345,38.121204
59,79,23.829911,38.117603
59,80,23.82946,38.116622
59,81,23.82917,38.115291
59,82,23.827431,38.113162
59,83,23.825942,38.110954
59,84,23.82596,38.108825
59,85,23.82608,38.106013
59,86,23.82591,38.103405
59,87,23.82559,38.101005
59,88,23.82547,38.099963
59,89,23.825469,38.099894
59,90,23.82515,38.099475
59,91,23.824709,38.098636
59,92,23.82469,38.098624
59,93,23.82428,38.097423
59,94,23.82326,38.094463
59,95,23.82177,38.092181
59,96,23.82152,38.09175
59,97,23.821149,38.091342
59,98,23.82057,38.090862
59,99,23.81995,38.090281
59,100,23.8188,38.08924
59,101,23.817739,38.088382
59,102,23.81653,38.086303
59,103,23.816549,38.084812
59,104,23.816519,38.0848
59,105,23.816349,38.08435
59,106,23.815779,38.083202
59,107,23.81511,38.082393
59,108,23.814859,38.081825
59,109,23.814329,38.079833
59,110,23.81316,38.077933
59,111,23.812179,38.076144
59,112,23.812149,38.076144
59,113,23.812318,38.074794
59,114,23.8123,38.073153
59,115,23.812049,38.072894
59,116,23.81113,38.071254
59,117,23.8111,38.069392
59,118,23.8107,38.067481
59,119,23.809679,38.06565
59,120,23.80918,38.062831
59,121,23.808689,38.05957
59,122,23.808569,38.058391
59,123,23.809488,38.057182
59,124,23.811829,38.055412
59,125,23.811098,38.053752
59,126,23.810228,38.051944
59,127,23.809598,38.050795
59,128,23.808528,38.049907
59,129,23.808029,38.049205
59,130,23.807798,38.048316
59,131,23.807788,38.048266
59,132,23.807699,38.047828
59,133,23.807589,38.047366
59,134,23.807579,38.047348
59,135,23.807379,38.046737
59,136,23.806209,38.045375
59,137,23.80402,38.042934
59,138,23.8016,38.039775
59,139,23.798979,38.037173
59,140,23.796079,38.034522
59,141,23.794991,38.033313
59,142,23.79295,38.031024
59,143,23.790909,38.028686
59,144,23.789499,38.026508
59,145,23.789428,38.025177
59,146,23.78942,38.025066
59,147,23.789329,38.024025
59,148,23.789129,38.021625
59,149,23.787849,38.018856
59,150,23.785798,38.016544
59,151,23.783878,38.014434
59,152,23.782038,38.012386
59,153,23.780517,38.010654
59,154,23.780228,38.010334
59,155,23.779479,38.009525
59,156,23.777868,38.007873
59,157,23.777218,38.007201
59,158,23.777159,38.007133
59,159,23.776618,38.006442
59,160,23.776599,38.00635
59,161,23.776279,38.005992
59,162,23.775509,38.004974
59,163,23.775129,38.004462
59,164,23.774809,38.004073
59,165,23.774669,38.003894
59,166,23.77404,38.003024
59,167,23.7738,38.002746
59,168,23.773529,38.002456
59,169,23.772649,38.001437
59,170,23.772391,38.001136
59,171,23.772279,38.001025
59,172,23.77215,38.000895
59,173,23.77203,38.000754
59,174,23.771709,38.000415
59,175,23.77165,38.000335
59,176,23.771539,38.000216
59,177,23.77136,38.000045
59,178,23.77132,38.000007
59,179,23.7712,37.999889
59,180,23.771089,37.999797
59,181,23.770979,37.999698
59,182,23.770809,37.999568
59,183,23.77055,37.99937
59,184,23.77051,37.999339
59,185,23.77042,37.999221
59,186,23.7703,37.999111
59,187,23.770281,37.99913
59,188,23.770142,37.99908
59,189,23.769982,37.998961
59,190,23.769991,37.998843
59,191,23.76988,37.998622
59,192,23.7698,37.998622
59,193,23.76957,37.998432
59,194,23.76956,37.998382
59,195,23.7687,37.997593
59,196,23.768619,37.997512
59,197,23.76874,37.997302
59,198,23.768779,37.997024
59,199,23.768659,37.996853
59,200,23.76849,37.996562
59,201,23.76832,37.996303
59,202,23.768231,37.996173
59,203,23.7681,37.995921
59,204,23.76798,37.995692
59,205,23.7679,37.995613
59,206,23.76781,37.995452
59,207,23.767791,37.995372
59,208,23.767721,37.995303
59,209,23.767662,37.995292
59,210,23.767542,37.995094
59,211,23.767443,37.994735
59,212,23.767482,37.994704
59,213,23.767433,37.994574
59,214,23.767433,37.994574
59,215,23.767424,37.994525
59,216,23.767364,37.994384
59,217,23.767265,37.994174
59,218,23.767154,37.993995
59,219,23.766964,37.993614
59,220,23.766954,37.993595
59,221,23.766804,37.993316
59,222,23.766773,37.993278
59,223,23.766283,37.99221
59,224,23.765932,37.991519
59,225,23.765861,37.991378
59,226,23.765171,37.990466
59,227,23.76469,37.989936
59,228,23.76441,37.989585
59,229,23.763741,37.988735
59,230,23.762951,37.988044
59,231,23.762451,37.987502
59,232,23.761761,37.987171
59,233,23.76168,37.987171
59,234,23.761351,37.987201
59,235,23.761461,37.98722
59,236,23.761692,37.987102
59,237,23.761673,37.987052
59,238,23.761432,37.986773
59,239,23.761312,37.986625
59,240,23.759102,37.986976
59,241,23.757933,37.987518
59,242,23.758402,37.989196
59,243,23.759522,37.991217
59,244,23.761692,37.992679
59,245,23.764172,37.99327
59,246,23.766692,37.993071
59,247,23.76782,37.995162
59,248,23.77004,37.99877
59,249,23.77297,38.001583
59,250,23.77318,38.001842
59,251,23.774839,38.003883
59,252,23.776779,38.006423
59,253,23.77903,38.008785
59,254,23.77947,38.009246
59,255,23.779911,38.009696
59,256,23.779942,38.009696
59,257,23.780342,38.010127
59,258,23.782492,38.012577
59,259,23.784913,38.015246
59,260,23.787302,38.017928
59,261,23.789182,38.02119
59,262,23.789571,38.025032
59,263,23.789862,38.02708
59,264,23.791422,38.02896
59,265,23.793682,38.031562
59,266,23.795932,38.034111
59,267,23.796752,38.035022
59,268,23.798293,38.036434
59,269,23.798992,38.037063
59,270,23.800322,38.038161
59,271,23.801052,38.038913
59,272,23.801372,38.039283
59,273,23.801952,38.040183
59,274,23.804382,38.043365
59,275,23.806842,38.045703
59,276,23.807792,38.048121
59,277,23.809483,38.050552
59,278,23.810454,38.052432
59,279,23.811083,38.053764
59,280,23.811193,38.053825
59,281,23.811853,38.055175
59,282,23.809813,38.057044
59,283,23.808692,38.059066
59,284,23.809133,38.061847
59,285,23.809575,38.064868
59,286,23.809985,38.066306
59,287,23.810965,38.067707
59,288,23.811104,38.069606
59,289,23.811045,38.070255
59,290,23.811474,38.072074
59,291,23.812374,38.073806
59,292,23.812194,38.074637
59,293,23.812404,38.076839
59,294,23.813595,38.078609
59,295,23.814304,38.08034
59,296,23.815023,38.082351
59,297,23.816365,38.084811
59,298,23.816414,38.08649
59,299,23.816934,38.087359
59,300,23.817184,38.087768
59,301,23.817385,38.088039
59,302,23.818344,38.089068
59,303,23.819544,38.089988
59,304,23.821354,38.091517
59,305,23.823284,38.094569
59,306,23.824255,38.097579
59,307,23.824715,38.098781
59,308,23.825364,38.099872
59,309,23.825686,38.102012
59,310,23.826046,38.104842
59,311,23.825907,38.107654
59,312,23.825897,38.110335
59,313,23.826578,38.111774
59,314,23.827878,38.113425
59,315,23.829048,38.115275
59,316,23.829398,38.116557
59,317,23.830309,38.117839
59,318,23.833699,38.121348
59,319,23.835298,38.12294
59,320,23.835308,38.122977
59,321,23.836027,38.124179
59,322,23.837186,38.126509
59,323,23.838627,38.1296
59,324,23.839987,38.131881
59,325,23.840647,38.13161
59,326,23.840656,38.131549
59,327,23.841008,38.131118
59,328,23.841088,38.130958
59,329,23.841068,38.130958
59,330,23.840958,38.131267
59,331,23.840917,38.131278
59,332,23.840658,38.131717
59,333,23.840627,38.131797
59,334,23.840538,38.131866
59,335,23.839748,38.131877
59,336,23.838959,38.130329
59,337,23.837499,38.127299
59,338,23.837469,38.126079
59,339,23.83935,38.126411
59,340,23.842279,38.127033
59,341,23.84486,38.127063
59,342,23.847469,38.128883
59,343,23.849998,38.129783
59,344,23.852338,38.130313
59,345,23.853949,38.130633
59,346,23.856068,38.131034
59,347,23.858108,38.131442
59,348,23.859089,38.131633
59,349,23.859168,38.131453
59,350,23.857649,38.129664
59,351,23.856508,38.126376
59,352,23.856458,38.123946
59,353,23.857679,38.122707
59,354,23.858249,38.120666
59,355,23.855779,38.118335
59,356,23.852459,38.115523
59,357,23.85063,38.114253
59,358,23.85187,38.113822
59,359,23.853559,38.112514
59,360,23.85676,38.110923
59,361,23.8598,38.109191
59,362,23.8622,38.107821
59,363,23.864069,38.106841
59,364,23.866099,38.106063
59,365,23.869219,38.105113
59,366,23.872009,38.104255
59,367,23.874408,38.103133
59,368,23.87617,38.102355
59,369,23.87974,38.102424
59,370,23.88323,38.101752
59,371,23.885781,38.100562
59,372,23.888309,38.100463
59,373,23.890049,38.100494
59,374,23.890669,38.100795
59,375,23.891779,38.101165
59,376,23.89259,38.101417
59,377,23.893309,38.101806
59,378,23.893809,38.102306
59,379,23.893919,38.102344
59,380,23.893978,38.102424
59,381,23.894077,38.102744
59,382,23.894108,38.102565
59,383,23.893957,38.102405
59,384,23.893948,38.102385
59,385,23.893948,38.102374
59,386,23.894047,38.102455
59,387,23.894096,38.102454
59,388,23.894016,38.102393
59,389,23.893637,38.101913
59,390,23.892907,38.101462
59,391,23.892096,38.101191
59,392,23.890615,38.100662
59,393,23.888235,38.100272
59,394,23.886135,38.100604
59,395,23.884905,38.101234
59,396,23.881226,38.102233
59,397,23.876236,38.102244
59,398,23.871636,38.104366
59,399,23.867114,38.105674
59,400,23.864105,38.106754
59,401,23.860864,38.108535
59,402,23.857664,38.110495
59,403,23.853574,38.112414
59,404,23.850654,38.114166
59,405,23.850645,38.114394
59,406,23.851305,38.114776
59,407,23.854535,38.116584
59,408,23.857574,38.119403
59,409,23.858154,38.120273
59,410,23.858425,38.121661
59,411,23.856316,38.12406
59,412,23.856825,38.12738
59,413,23.858425,38.13045
59,414,23.859255,38.131462
59,415,23.859255,38.131602
59,416,23.858335,38.131484
59,417,23.858295,38.131484
59,418,23.858295,38.131484
59,419,23.857496,38.131313
59,420,23.854496,38.130721
59,421,23.850676,38.129863
59,422,23.847296,38.128741
59,423,23.844336,38.126941
59,424,23.841415,38.126761
59,425,23.837986,38.126002
59,426,23.837046,38.126052
59,427,23.837606,38.127433
59,428,23.838867,38.130042
59,429,23.840178,38.1318
59,430,23.840837,38.131252
59,431,23.841007,38.130931
59,432,23.840977,38.130931
59,433,23.841048,38.13103
59,434,23.840708,38.131511
59,435,23.840609,38.131751
59,436,23.840609,38.131762
59,437,23.840208,38.131855
59,438,23.839878,38.131934
59,439,23.840118,38.132564
59,440,23.840828,38.133934
59,441,23.841547,38.135424
59,442,23.842056,38.136466
59,443,23.842975,38.137854
59,444,23.845395,38.138885
59,445,23.845436,38.139114
59,446,23.845436,38.139125
59,447,23.845376,38.139804
59,448,23.844637,38.140315
59,449,23.844707,38.141147
59,450,23.845867,38.142585
59,451,23.847647,38.144565
59,452,23.850017,38.147074
59,453,23.852887,38.150016
59,454,23.855229,38.152698
59,455,23.855759,38.155349
59,456,23.855817,38.15871
59,457,23.856468,38.161879
59,458,23.856598,38.165729
59,459,23.856157,38.169799
59,460,23.855127,38.173869
59,461,23.855198,38.17683
59,462,23.853607,38.180038
59,463,23.852907,38.183257
59,464,23.853597,38.184978
59,465,23.854217,38.18663
59,466,23.854378,38.190109
59,467,23.853668,38.193549
59,468,23.852798,38.1967
59,469,23.854158,38.199092
59,470,23.856468,38.199912
59,471,23.857079,38.202411
59,472,23.85871,38.20367
59,473,23.86149,38.20539
59,474,23.864919,38.20626
59,475,23.868201,38.207019
59,476,23.869711,38.208449
59,477,23.870961,38.209239
59,478,23.87302,38.209727
59,479,23.87524,38.211059
59,480,23.877941,38.210788
59,481,23.881291,38.210807
59,482,23.884679,38.209777
59,483,23.88733,38.211047
59,484,23.889469,38.209087
59,485,23.894169,38.208926
59,486,23.896808,38.209388
59,487,23.898709,38.209549
59,488,23.899659,38.210528
59,489,23.901428,38.21075
59,490,23.902918,38.211249
59,491,23.905379,38.210761
59,492,23.906738,38.211482
59,493,23.907968,38.212623
59,494,23.909788,38.213313
59,495,23.911998,38.214522
59,496,23.913489,38.215854
59,497,23.915088,38.217303
59,498,23.916579,38.217753
59,499,23.917248,38.218253
59,500,23.918208,38.218864
59,501,23.919416,38.219245
59,502,23.920625,38.219455
59,503,23.923016,38.219844
59,504,23.925735,38.219875
59,505,23.926377,38.220183
59,506,23.926406,38.220195
59,507,23.927236,38.220657
59,508,23.928036,38.220775
59,509,23.928126,38.221084
59,510,23.927666,38.221774
59,511,23.926926,38.221854
59,512,23.926195,38.221232
59,513,23.925126,38.221381
59,514,23.924665,38.221572
59,515,23.924625,38.221374
59,516,23.924554,38.221423
59,517,23.925644,38.221294
59,518,23.927364,38.222133
59,519,23.928904,38.220862
59,520,23.931034,38.220721
59,521,23.931885,38.21963
59,522,23.932825,38.219169
59,523,23.934206,38.219341
59,524,23.935316,38.219592
59,525,23.935816,38.219314
59,526,23.936556,38.219073
59,527,23.937416,38.219192
59,528,23.938246,38.218882
59,529,23.939016,38.218791
59,530,23.939156,38.218661
59,531,23.938986,38.218562
59,532,23.938996,38.218551
59,533,23.937886,38.218169
59,534,23.935566,38.217418
59,535,23.933947,38.217059
59,536,23.932827,38.216708
59,537,23.932278,38.216548
59,538,23.931769,38.216399
59,539,23.931309,38.216239
59,540,23.930788,38.216029
59,541,23.930859,38.215621
59,542,23.931198,38.214622
59,543,23.931799,38.213642
59,544,23.931799,38.21358
59,545,23.931818,38.21358
59,546,23.931778,38.213691
59,547,23.931719,38.21379
59,548,23.931728,38.21384
59,549,23.931589,38.21408
59,550,23.931469,38.214252
59,551,23.931469,38.214252
59,552,23.93133,38.214443
59,553,23.930909,38.215503
59,554,23.931669,38.216353
59,555,23.935678,38.217403
59,556,23.938528,38.218272
59,557,23.938868,38.218391
59,558,23.938677,38.218829
59,559,23.935787,38.219508
59,560,23.932107,38.219547
59,561,23.929098,38.220847
59,562,23.925037,38.219787
59,563,23.920566,38.219378
59,564,23.916647,38.217738
59,565,23.913197,38.215346
59,566,23.908886,38.213146
59,567,23.905106,38.210765
59,568,23.902176,38.211635
59,569,23.901146,38.210685
59,570,23.900396,38.210826
59,571,23.899795,38.211047
59,572,23.899825,38.209686
59,573,23.895725,38.209224
59,574,23.889675,38.209156
59,575,23.887116,38.211307
59,576,23.884356,38.209838
59,577,23.880267,38.211276
59,578,23.876797,38.210956
59,579,23.873938,38.210197
59,580,23.872038,38.209766
59,581,23.869518,38.208087
59,582,23.865698,38.206595
59,583,23.861778,38.205535
59,584,23.857998,38.203357
59,585,23.857289,38.202049
59,586,23.855487,38.199687
59,587,23.854267,38.199317
59,588,23.854217,38.199298
59,589,23.852867,38.197047
59,590,23.853697,38.193397
59,591,23.854437,38.189128
59,592,23.854125,38.185157
59,593,23.852686,38.184219
59,594,23.853445,38.18069
59,595,23.855205,38.17662
59,596,23.855304,38.172752
59,597,23.856304,38.168971
59,598,23.856554,38.16497
59,599,23.856865,38.161029
59,600,23.855755,38.157897
59,601,23.855715,38.154956
59,602,23.855496,38.153407
59,603,23.854176,38.151347
59,604,23.851085,38.148326
59,605,23.847805,38.144847
59,606,23.844884,38.141498
59,607,23.845405,38.139728
59,608,23.844665,38.138316
59,609,23.841884,38.136268
59,610,23.839964,38.132399
59,611,23.840784,38.131511
59,612,23.840864,38.130851
59,613,23.840975,38.13084
59,614,23.840916,38.130851
59,615,23.841015,38.130813
59,616,23.841074,38.131164
59,617,23.840704,38.131663
59,618,23.839834,38.131885
59,619,23.839054,38.130454
59,620,23.837423,38.127044
59,621,23.837353,38.126002
59,622,23.840042,38.126613
59,623,23.843631,38.127101
59,624,23.846691,38.128372
59,625,23.85016,38.129802
59,626,23.85466,38.130771
59,627,23.85804,38.13143
59,628,23.85873,38.131629
59,629,23.858721,38.131629
59,630,23.85902,38.13161
59,631,23.85646,38.131129
59,632,23.85147,38.130069
59,633,23.847061,38.128588
59,634,23.843641,38.127139
59,635,23.839732,38.12654
59,636,23.837243,38.12633
59,637,23.838062,38.128211
59,638,23.839573,38.13137
59,639,23.840853,38.131407
59,640,23.840923,38.131209
59,641,23.840905,38.13119
59,642,23.840975,38.131072
59,643,23.840965,38.131061
59,644,23.841085,38.130969
59,645,23.841085,38.130999
59,646,23.841026,38.131038
59,647,23.841036,38.131038
59,648,23.841076,38.131118
59,649,23.840776,38.131469
59,650,23.840727,38.131538
59,651,23.840687,38.131629
59,652,23.840587,38.131839
59,653,23.839967,38.13195
59,654,23.839237,38.131019
59,655,23.837788,38.128009
59,656,23.835808,38.123958
59,657,23.832608,38.120536
59,658,23.830307,38.118804
59,659,23.829327,38.117934
59,660,23.827696,38.116214
59,661,23.825155,38.114104
59,662,23.823595,38.113185
59,663,23.822426,38.110984
59,664,23.819515,38.108154
59,665,23.815876,38.104866
59,666,23.810785,38.102657
59,667,23.805145,38.100398
59,668,23.799175,38.098098
59,669,23.794176,38.09555
59,670,23.791395,38.092158
59,671,23.788445,38.088348
59,672,23.785096,38.083957
59,673,23.781715,38.079566
59,674,23.777525,38.076076
59,675,23.772025,38.073715
59,676,23.766414,38.071464
59,677,23.761305,38.069442
59,678,23.759045,38.069061
59,679,23.759985,38.068992
59,680,23.759936,38.067501
59,681,23.759886,38.067019
59,682,23.759877,38.066379
59,683,23.759506,38.065601
59,684,23.759367,38.065391
59,685,23.758966,38.06488
59,686,23.758797,38.06465
59,687,23.758436,38.06422
59,688,23.758267,38.063999
59,689,23.757227,38.062549
59,690,23.756376,38.059947
59,691,23.755736,38.058906
59,692,23.754095,38.056606
59,693,23.752556,38.054355
59,694,23.751045,38.052184
59,695,23.750065,38.051254
59,696,23.750045,38.051235
59,697,23.749525,38.050715
59,698,23.749315,38.050525
59,699,23.749306,38.050514
59,700,23.749475,38.049693
59,701,23.750736,38.049613
59,702,23.752487,38.048892
59,703,23.755077,38.047981
59,704,23.756428,38.047229
59,705,23.757008,38.046878
59,706,23.757387,38.046588
59,707,23.757687,38.046257
59,708,23.757825,38.046107
59,709,23.758856,38.044837
59,710,23.759416,38.044029
59,711,23.760876,38.042438
59,712,23.762855,38.041988
59,713,23.762716,38.041687
59,714,23.762405,38.041377
59,715,23.762387,38.041426
59,716,23.762287,38.041568
59,717,23.762327,38.041438
59,718,23.762847,38.04166
59,719,23.762258,38.041969
59,720,23.760279,38.042968
59,721,23.759048,38.044799
59,722,23.758458,38.045551
59,723,23.758329,38.045749
59,724,23.758289,38.045779
59,725,23.758249,38.045841
59,726,23.757669,38.046431
59,727,23.75569,38.047741
59,728,23.755249,38.047992
59,729,23.75305,38.04872
59,730,23.750611,38.049522
59,731,23.749621,38.049762
59,732,23.749481,38.05017
59,733,23.749462,38.05017
59,734,23.749492,38.050349
59,735,23.751071,38.05186
59,736,23.752432,38.05376
59,737,23.754193,38.056441
59,738,23.756012,38.058951
59,739,23.756983,38.06158
59,740,23.757953,38.06335
59,741,23.757994,38.063369
59,742,23.758703,38.064219
59,743,23.759873,38.066169
59,744,23.760172,38.067779
59,745,23.763012,38.06956
59,746,23.768223,38.071719
59,747,23.773552,38.073898
59,748,23.778632,38.076339
59,749,23.782461,38.079989
59,750,23.78548,38.08393
59,751,23.788552,38.087959
59,752,23.790691,38.090777
59,753,23.791011,38.091209
59,754,23.792992,38.093787
59,755,23.797201,38.096977
59,756,23.80327,38.099346
59,757,23.809071,38.101645
59,758,23.814501,38.103526
59,759,23.815311,38.103446
59,760,23.815391,38.103298
59,761,23.81541,38.103286
59,762,23.815629,38.102855
59,763,23.815629,38.102855
59,764,23.815861,38.102496
59,765,23.81727,38.104636
59,766,23.820271,38.108287
59,767,23.824121,38.111919
59,768,23.82776,38.115508
59,769,23.831081,38.118667
59,770,23.83471,38.122417
59,771,23.837101,38.126246
59,772,23.838751,38.129817
59,773,23.840041,38.131827
59,774,23.84086,38.131229
59,775,23.84095,38.131129
59,776,23.840969,38.131049
59,777,23.841099,38.130919
59,778,23.841108,38.130958
59,779,23.841219,38.131057
59,780,23.840969,38.131327
59,781,23.840879,38.131358
59,782,23.840529,38.131869
59,783,23.839769,38.131908
59,784,23.83906,38.130618
59,785,23.837589,38.127619
59,786,23.837209,38.125968
59,787,23.83825,38.125999
59,788,23.840889,38.12672
59,789,23.843358,38.127169
59,790,23.84561,38.127689
59,791,23.84761,38.128989
59,792,23.84886,38.129638
59,793,23.850679,38.129848
59,794,23.85268,38.130367
59,795,23.853929,38.130638
59,796,23.855699,38.131008
59,797,23.85767,38.131416
59,798,23.85901,38.131687
59,799,23.859061,38.131706
59,800,23.859211,38.131706
59,801,23.858347,38.130588
59,802,23.856837,38.12775
59,803,23.856106,38.124912
59,804,23.856806,38.123431
59,805,23.858225,38.122352
59,806,23.858045,38.120521
59,807,23.855456,38.118079
59,808,23.852186,38.115398
59,809,23.850465,38.114459
59,810,23.851816,38.113788
59,811,23.853556,38.112437
59,812,23.856606,38.110908
59,813,23.859806,38.109157
59,814,23.862107,38.107787
59,815,23.863436,38.107085
59,816,23.864855,38.106364
59,817,23.865355,38.106246
59,818,23.867494,38.105655
59,819,23.870454,38.104903
59,820,23.873205,38.106112
59,821,23.874035,38.106575
59,822,23.874766,38.106983
59,823,23.875505,38.107352
59,824,23.875916,38.107501
59,825,23.876366,38.107642
59,826,23.877226,38.107852
59,827,23.877966,38.107913
59,828,23.877775,38.109012
59,829,23.877406,38.110793
59,830,23.877406,38.110855
59,831,23.877544,38.111186
59,832,23.877525,38.111125
59,833,23.877695,38.110107
59,834,23.878454,38.108138
59,835,23.875845,38.107436
59,836,23.872025,38.105548
59,837,23.870295,38.104869
59,838,23.866745,38.105861
59,839,23.862835,38.107581
59,840,23.859294,38.109771
59,841,23.854775,38.111659
59,842,23.851355,38.113948
59,843,23.852095,38.11515
59,844,23.855745,38.118171
59,845,23.858415,38.12099
59,846,23.856525,38.12377
59,847,23.856985,38.127829
59,848,23.858335,38.130359
59,849,23.859245,38.13148
59,850,23.859286,38.131511
59,851,23.858875,38.131579
59,852,23.858696,38.13158
59,853,23.858696,38.131591
59,854,23.858205,38.13148
59,855,23.854395,38.13074
59,856,23.849415,38.129749
59,857,23.845215,38.127288
59,858,23.842165,38.126979
59,859,23.838014,38.126018
59,860,23.837414,38.126758
59,861,23.838503,38.129199
59,862,23.839942,38.131851
59,863,23.841003,38.131179
59,864,23.841004,38.130859
59,865,23.840984,38.130847
59,866,23.840975,38.130866
59,867,23.840975,38.130835
59,868,23.840895,38.130874
