6,1,23.841174,38.130935
6,2,23.841104,38.130885
6,3,23.841065,38.131057
6,4,23.840714,38.131378
6,5,23.840544,38.131759
6,6,23.839914,38.13185
6,7,23.840624,38.133491
6,8,23.842634,38.137351
6,9,23.845375,38.13866
6,10,23.845375,38.13869
6,11,23.845415,38.138991
6,12,23.845455,38.139251
6,13,23.845464,38.139263
6,14,23.845286,38.139461
6,15,23.841125,38.140609
6,16,23.836626,38.141361
6,17,23.834816,38.140842
6,18,23.832287,38.139533
6,19,23.830936,38.140483
6,20,23.831007,38.141173
6,21,23.829317,38.142745
6,22,23.828777,38.143447
6,23,23.828778,38.143527
6,24,23.828767,38.143496
6,25,23.829557,38.142596
6,26,23.831117,38.140975
6,27,23.830667,38.140125
6,28,23.833156,38.139533
6,29,23.835636,38.140773
6,30,23.837566,38.140803
6,31,23.841906,38.140551
6,32,23.844116,38.13956
6,33,23.845066,38.13858
6,34,23.841736,38.136218
6,35,23.839725,38.132098
6,36,23.840576,38.131649
6,37,23.840657,38.131427
6,38,23.840755,38.131347
6,39,23.840965,38.131228
6,40,23.841156,38.13095
6,41,23.841076,38.130969
6,42,23.841017,38.131118
6,43,23.840656,38.131598
6,44,23.840046,38.131889
6,45,23.839276,38.131038
6,46,23.837906,38.128226
6,47,23.836355,38.124927
6,48,23.833786,38.121639
6,49,23.831005,38.1188
6,50,23.829186,38.117801
6,51,23.827095,38.115623
6,52,23.824745,38.114081
6,53,23.823564,38.113372
6,54,23.823213,38.111763
6,55,23.820863,38.109492
6,56,23.817783,38.106521
6,57,23.813023,38.10348
6,58,23.807142,38.101192
6,59,23.801002,38.098761
6,60,23.794952,38.09616
6,61,23.791712,38.092631
6,62,23.790262,38.091941
6,63,23.787472,38.091502
6,64,23.783852,38.09088
6,65,23.779772,38.091559
6,66,23.776583,38.091178
6,67,23.775022,38.092277
6,68,23.774393,38.092548
6,69,23.772583,38.092608
6,70,23.769413,38.0922
6,71,23.766012,38.09177
6,72,23.761941,38.091251
6,73,23.758882,38.090152
6,74,23.758633,38.090052
6,75,23.758602,38.090053
6,76,23.757403,38.089523
6,77,23.754143,38.088092
6,78,23.750213,38.08636
6,79,23.746754,38.084841
6,80,23.745353,38.084362
6,81,23.745353,38.085613
6,82,23.744284,38.087893
6,83,23.741554,38.089473
6,84,23.740164,38.089832
6,85,23.739852,38.08987
6,86,23.739492,38.089881
6,87,23.738891,38.089892
6,88,23.738411,38.089881
6,89,23.738,38.089881
6,90,23.73629,38.089862
6,91,23.73344,38.08953
6,92,23.732411,38.089122
6,93,23.730521,38.087081
6,94,23.730301,38.084262
6,95,23.730291,38.08343
6,96,23.730261,38.081172
6,97,23.730431,38.079322
6,98,23.732401,38.078151
6,99,23.732821,38.077003
6,100,23.732761,38.075911
6,101,23.731251,38.075801
6,102,23.73094,38.075732
6,103,23.73083,38.075602
6,104,23.73066,38.075904
6,105,23.730699,38.075793
6,106,23.73073,38.076263
6,107,23.730591,38.075984
6,108,23.73061,38.075824
6,109,23.730998,38.075565
6,110,23.732709,38.075675
6,111,23.73271,38.076594
6,112,23.73255,38.077822
6,113,23.73045,38.079074
6,114,23.730169,38.080455
6,115,23.73024,38.083155
6,116,23.730221,38.085086
6,117,23.730422,38.086757
6,118,23.731381,38.088298
6,119,23.733181,38.08929
6,120,23.735391,38.089599
6,121,23.737581,38.089698
6,122,23.74027,38.089759
6,123,23.74263,38.089068
6,124,23.744369,38.087589
6,125,23.745169,38.086268
6,126,23.745178,38.086128
6,127,23.745197,38.085956
6,128,23.745147,38.085567
6,129,23.745157,38.084987
6,130,23.745138,38.084476
6,131,23.746079,38.084617
6,132,23.749859,38.086257
6,133,23.755168,38.088569
6,134,23.756948,38.089321
6,135,23.757398,38.089511
6,136,23.760509,38.090873
6,137,23.76455,38.091563
6,138,23.768489,38.092075
6,139,23.771429,38.092464
6,140,23.773929,38.092823
6,141,23.77441,38.092994
6,142,23.77609,38.095042
6,143,23.777691,38.097671
6,144,23.779041,38.100009
6,145,23.782461,38.101779
6,146,23.787371,38.105041
6,147,23.79072,38.10984
6,148,23.789449,38.115341
6,149,23.79022,38.11906
6,150,23.792579,38.123111
6,151,23.794159,38.126491
6,152,23.795488,38.12482
6,153,23.797708,38.120849
6,154,23.800148,38.116428
6,155,23.802458,38.112197
6,156,23.804737,38.108097
6,157,23.806807,38.106017
6,158,23.807957,38.106269
6,159,23.810127,38.107429
6,160,23.811666,38.10636
6,161,23.814627,38.105472
6,162,23.818456,38.107334
6,163,23.822857,38.111594
6,164,23.825696,38.114246
6,165,23.828978,38.117546
6,166,23.831167,38.118865
6,167,23.834097,38.121944
6,168,23.837187,38.126655
6,169,23.839417,38.131305
6,170,23.840637,38.131526
6,171,23.840686,38.131396
6,172,23.840706,38.131378
6,173,23.840845,38.131328
6,174,23.841094,38.130996
6,175,23.841015,38.130916
6,176,23.840935,38.130927
6,177,23.840824,38.130889
6,178,23.840864,38.130859
6,179,23.840914,38.131179
6,180,23.840603,38.131377
6,181,23.840803,38.131328
6,182,23.840843,38.131289
6,183,23.840843,38.13137
6,184,23.840902,38.131259
6,185,23.841022,38.131168
6,186,23.840942,38.131149
6,187,23.841072,38.131068
6,188,23.840603,38.131439
6,189,23.840782,38.131427
6,190,23.841122,38.130988
6,191,23.841103,38.130927
6,192,23.841103,38.130958
6,193,23.841103,38.130958
6,194,23.840991,38.131187
6,195,23.840492,38.131625
6,196,23.840412,38.131446
6,197,23.840372,38.131476
6,198,23.840282,38.131488
6,199,23.840282,38.131518
6,200,23.840233,38.131481
6,201,23.840613,38.131721
6,202,23.841023,38.131019
6,203,23.840992,38.131069
6,204,23.841122,38.131008
6,205,23.840911,38.131278
6,206,23.840542,38.131789
6,207,23.839673,38.131618
6,208,23.838371,38.129027
6,209,23.836691,38.125426
6,210,23.833771,38.121566
6,211,23.830861,38.118728
6,212,23.828991,38.117686
6,213,23.826502,38.115138
6,214,23.824321,38.113936
6,215,23.823582,38.112128
6,216,23.820631,38.10929
6,217,23.816332,38.10522
6,218,23.810331,38.1025
6,219,23.804201,38.100082
6,220,23.798231,38.097782
6,221,23.793611,38.09505
6,222,23.791582,38.092479
6,223,23.791403,38.092239
6,224,23.790703,38.091319
6,225,23.788202,38.088088
6,226,23.785161,38.084117
6,227,23.782242,38.080436
6,228,23.779712,38.077968
6,229,23.779713,38.077346
6,230,23.780493,38.077655
6,231,23.781933,38.079135
6,232,23.783832,38.081684
6,233,23.785292,38.083613
6,234,23.785983,38.084445
6,235,23.785982,38.084464
6,236,23.785932,38.084464
6,237,23.786272,38.084514
6,238,23.786642,38.084644
6,239,23.786662,38.084643
6,240,23.786602,38.084632
6,241,23.786861,38.084751
6,242,23.787502,38.085109
6,243,23.787552,38.084967
6,244,23.787172,38.084796
6,245,23.786583,38.084574
6,246,23.786034,38.084495
6,247,23.786462,38.084975
6,248,23.787342,38.086204
6,249,23.788492,38.087703
6,250,23.789832,38.089503
6,251,23.791143,38.091354
6,252,23.793144,38.093944
6,253,23.796863,38.096854
6,254,23.802634,38.099105
6,255,23.808384,38.101375
6,256,23.813954,38.103385
6,257,23.815113,38.103835
6,258,23.814623,38.105204
6,259,23.817302,38.106204
6,260,23.820713,38.109413
6,261,23.823494,38.112854
6,262,23.826035,38.114532
6,263,23.829035,38.117541
6,264,23.830774,38.118621
6,265,23.832754,38.120669
6,266,23.835905,38.124148
6,267,23.837854,38.128207
6,268,23.839594,38.131709
6,269,23.840464,38.13177
6,270,23.840383,38.131679
6,271,23.840353,38.131561
6,272,23.840333,38.131522
6,273,23.840244,38.131503
6,274,23.840264,38.131534
6,275,23.840204,38.131373
6,276,23.840235,38.131255
6,277,23.840654,38.131606
6,278,23.841065,38.131038
6,279,23.840984,38.130889
6,280,23.840984,38.130878
6,281,23.840935,38.130859
6,282,23.840944,38.13079
6,283,23.840894,38.131252
6,284,23.840694,38.131393
6,285,23.840864,38.131152
6,286,23.841034,38.13098
