60,1,23.840192,38.131301
60,2,23.840482,38.131843
60,3,23.840522,38.131842
60,4,23.840532,38.131832
60,5,23.840642,38.13166
60,6,23.840964,38.131301
60,7,23.840944,38.130931
60,8,23.840935,38.13084
60,9,23.840974,38.131118
60,10,23.840654,38.131519
60,11,23.840093,38.131851
60,12,23.839394,38.131282
60,13,23.838304,38.129051
60,14,23.836944,38.126078
60,15,23.834314,38.122131
60,16,23.831483,38.119232
60,17,23.829534,38.118022
60,18,23.827415,38.115833
60,19,23.824715,38.114062
60,20,23.823015,38.111724
60,21,23.820196,38.108962
60,22,23.817146,38.106124
60,23,23.814497,38.105475
60,24,23.814768,38.104465
60,25,23.814748,38.104427
60,26,23.813139,38.103675
60,27,23.809689,38.102214
60,28,23.805788,38.100642
60,29,23.801517,38.098964
60,30,23.797098,38.097262
60,31,23.793338,38.094692
60,32,23.791368,38.092151
60,33,23.791057,38.09196
60,34,23.788747,38.09135
60,35,23.785537,38.090838
60,36,23.780918,38.09172
60,37,23.776848,38.091048
60,38,23.774637,38.092399
60,39,23.774637,38.092399
60,40,23.774317,38.09265
60,41,23.775486,38.094112
60,42,23.776916,38.096133
60,43,23.777808,38.097674
60,44,23.778957,38.099696
60,45,23.778588,38.100326
60,46,23.776786,38.100875
60,47,23.775797,38.100536
60,48,23.774187,38.100185
60,49,23.771267,38.100673
60,50,23.768936,38.101344
60,51,23.766976,38.101894
60,52,23.767656,38.102725
60,53,23.768146,38.103527
60,54,23.768378,38.104346
60,55,23.767446,38.104464
60,56,23.766527,38.104606
60,57,23.765578,38.104655
60,58,23.764618,38.104816
60,59,23.764118,38.105266
60,60,23.763939,38.106036
60,61,23.763899,38.106074
60,62,23.763809,38.106166
60,63,23.764219,38.106536
60,64,23.76479,38.107024
60,65,23.765959,38.107013
60,66,23.766409,38.107913
60,67,23.76771,38.107753
60,68,23.76783,38.108462
60,69,23.76838,38.108783
60,70,23.768409,38.108783
60,71,23.76877,38.108954
60,72,23.768619,38.109015
60,73,23.76861,38.109107
60,74,23.76864,38.109015
60,75,23.76865,38.108955
60,76,23.76846,38.109016
60,77,23.767858,38.108817
60,78,23.767868,38.108127
60,79,23.768088,38.107627
60,80,23.768768,38.107456
60,81,23.768697,38.106734
60,82,23.769487,38.106525
60,83,23.769916,38.106223
60,84,23.769897,38.105601
60,85,23.769688,38.105091
60,86,23.769718,38.10472
60,87,23.770029,38.104388
60,88,23.770739,38.104339
60,89,23.771288,38.104499
60,90,23.771347,38.104998
60,91,23.771406,38.104988
60,92,23.771055,38.104266
60,93,23.770374,38.104328
60,94,23.769785,38.104488
60,95,23.769766,38.104976
60,96,23.769956,38.105495
60,97,23.770047,38.106044
60,98,23.769827,38.106525
60,99,23.769386,38.106563
60,100,23.769087,38.106963
60,101,23.768827,38.107452
60,102,23.769447,38.10765
60,103,23.769836,38.107639
60,104,23.769836,38.107639
60,105,23.770117,38.107619
60,106,23.770798,38.107589
60,107,23.770517,38.107627
60,108,23.770788,38.107627
60,109,23.770859,38.107516
60,110,23.770279,38.107635
60,111,23.769699,38.107635
60,112,23.768959,38.107634
60,113,23.768068,38.107673
60,114,23.766878,38.107883
60,115,23.766107,38.107352
60,116,23.766207,38.106853
60,117,23.766127,38.106872
60,118,23.766117,38.10691
60,119,23.766058,38.107429
60,120,23.766579,38.107917
60,121,23.767497,38.107799
60,122,23.767828,38.10826
60,123,23.767898,38.108749
60,124,23.767859,38.108688
60,125,23.767878,38.108725
60,126,23.767997,38.108806
60,127,23.767997,38.108794
60,128,23.768087,38.108783
60,129,23.768477,38.108683
60,130,23.768477,38.108654
60,131,23.768298,38.108715
60,132,23.767857,38.108486
60,133,23.767866,38.107894
60,134,23.767556,38.107833
60,135,23.767556,38.107833
60,136,23.767145,38.107902
60,137,23.766075,38.107612
60,138,23.766044,38.107402
60,139,23.765443,38.107021
60,140,23.764525,38.106731
60,141,23.763793,38.10649
60,142,23.764074,38.105499
60,143,23.764944,38.104869
60,144,23.766325,38.104678
60,145,23.767395,38.104529
60,146,23.768215,38.104178
60,147,23.767995,38.103267
60,148,23.767225,38.102329
60,149,23.768144,38.10168
60,150,23.769875,38.101112
60,151,23.772693,38.100371
60,152,23.774183,38.1002
60,153,23.775543,38.10054
60,154,23.776563,38.100669
60,155,23.778614,38.100391
60,156,23.779135,38.10002
60,157,23.778096,38.098262
60,158,23.776714,38.095881
60,159,23.774935,38.093543
60,160,23.775465,38.091903
60,161,23.778705,38.091281
60,162,23.783146,38.09119
60,163,23.786946,38.091308
60,164,23.789255,38.091296
60,165,23.791066,38.092196
60,166,23.792446,38.093597
60,167,23.794037,38.095485
60,168,23.796057,38.096874
60,169,23.798817,38.097995
60,170,23.802026,38.099204
60,171,23.805296,38.100486
60,172,23.808155,38.101657
60,173,23.811344,38.102908
60,174,23.813574,38.10501
60,175,23.815744,38.105411
60,176,23.818365,38.10712
60,177,23.820696,38.109351
60,178,23.822916,38.11156
60,179,23.824257,38.11407
60,180,23.826856,38.11531
60,181,23.829006,38.117481
60,182,23.830896,38.118682
60,183,23.831867,38.119514
60,184,23.833908,38.121616
60,185,23.836027,38.124095
60,186,23.837338,38.126697
60,187,23.838519,38.129238
60,188,23.839458,38.130958
60,189,23.839989,38.131366
60,190,23.839878,38.131618
60,191,23.839874,38.131507
