62,1,23.840246,38.131366
62,2,23.840487,38.131797
62,3,23.840585,38.131767
62,4,23.840595,38.131767
62,5,23.840805,38.131415
62,6,23.840944,38.130965
62,7,23.840913,38.130927
62,8,23.840964,38.130847
62,9,23.841114,38.130878
62,10,23.840984,38.131327
62,11,23.840685,38.131816
62,12,23.840015,38.131976
62,13,23.839436,38.131328
62,14,23.838596,38.129676
62,15,23.837487,38.127387
62,16,23.836326,38.124808
62,17,23.834458,38.12228
62,18,23.832228,38.120048
62,19,23.830828,38.118697
62,20,23.828227,38.116817
62,21,23.826068,38.114677
62,22,23.823408,38.113658
62,23,23.822458,38.111259
62,24,23.820029,38.108866
62,25,23.817219,38.106239
62,26,23.814499,38.105518
62,27,23.814669,38.104358
62,28,23.811758,38.103076
62,29,23.807858,38.101535
62,30,23.803877,38.099925
62,31,23.799947,38.098396
62,32,23.795967,38.096797
62,33,23.792907,38.094188
62,34,23.791338,38.092139
62,35,23.789549,38.091438
62,36,23.786719,38.091277
62,37,23.783268,38.091136
62,38,23.778628,38.091266
62,39,23.775427,38.091937
62,40,23.774717,38.092399
62,41,23.772667,38.092689
62,42,23.769647,38.092288
62,43,23.767137,38.091949
62,44,23.763108,38.091419
62,45,23.759287,38.090377
62,46,23.758067,38.090156
62,47,23.755936,38.091704
62,48,23.753015,38.093833
62,49,23.752426,38.094294
62,50,23.752426,38.094294
62,51,23.752166,38.094516
62,52,23.752866,38.095656
62,53,23.753866,38.097126
62,54,23.755146,38.098915
62,55,23.756626,38.101016
62,56,23.758166,38.103328
62,57,23.759735,38.105586
62,58,23.760635,38.106926
62,59,23.760565,38.106994
62,60,23.760364,38.106555
62,61,23.759504,38.105384
62,62,23.760173,38.105365
62,63,23.761783,38.105536
62,64,23.763443,38.105716
62,65,23.763733,38.106097
62,66,23.763872,38.106566
62,67,23.764461,38.106776
62,68,23.765152,38.107036
62,69,23.765951,38.107006
62,70,23.766121,38.107734
62,71,23.767022,38.107883
62,72,23.767842,38.107902
62,73,23.767882,38.108592
62,74,23.768462,38.108791
62,75,23.768491,38.108779
62,76,23.767942,38.108669
62,77,23.767843,38.108188
62,78,23.768043,38.107719
62,79,23.768724,38.107669
62,80,23.769464,38.107699
62,81,23.770065,38.107662
62,82,23.770324,38.108092
62,83,23.770584,38.108604
62,84,23.770873,38.108665
62,85,23.770954,38.108344
62,86,23.770954,38.108253
62,87,23.770954,38.108074
62,88,23.770463,38.108074
62,89,23.770143,38.107585
62,90,23.769413,38.107585
62,91,23.769173,38.107616
62,92,23.768664,38.107627
62,93,23.767944,38.107695
62,94,23.767895,38.108317
62,95,23.768314,38.108779
62,96,23.768374,38.108768
62,97,23.768354,38.108768
62,98,23.767845,38.108397
62,99,23.767845,38.107929
62,100,23.768235,38.1077
62,101,23.768725,38.107528
62,102,23.768635,38.106929
62,103,23.769235,38.10662
62,104,23.769436,38.106601
62,105,23.769495,38.10649
62,106,23.769396,38.10654
62,107,23.769106,38.106601
62,108,23.768955,38.107063
62,109,23.768805,38.107444
62,110,23.769474,38.107585
62,111,23.770053,38.107864
62,112,23.770134,38.108104
62,113,23.770134,38.108115
62,114,23.770133,38.108177
62,115,23.770103,38.108405
62,116,23.770054,38.108485
62,117,23.770024,38.108226
62,118,23.769764,38.107757
62,119,23.768904,38.107769
62,120,23.768034,38.107806
62,121,23.767864,38.108387
62,122,23.767944,38.108806
62,123,23.767873,38.108725
62,124,23.767963,38.108825
62,125,23.767973,38.108837
62,126,23.767833,38.108436
62,127,23.767664,38.107844
62,128,23.766414,38.108016
62,129,23.766004,38.107135
62,130,23.765153,38.107135
62,131,23.764473,38.106685
62,132,23.763723,38.106444
62,133,23.763652,38.105983
62,134,23.763492,38.105842
62,135,23.763083,38.105811
62,136,23.761393,38.105601
62,137,23.759542,38.105422
62,138,23.758593,38.104201
62,139,23.757033,38.101752
62,140,23.755561,38.099742
62,141,23.754991,38.098884
62,142,23.753631,38.097034
62,143,23.75225,38.095042
62,144,23.75301,38.093902
62,145,23.755519,38.092063
62,146,23.757309,38.090744
62,147,23.75795,38.090274
62,148,23.759389,38.090484
62,149,23.762659,38.091422
62,150,23.7673,38.092033
62,151,23.770049,38.092414
62,152,23.77306,38.092796
62,153,23.773911,38.092807
62,154,23.7761,38.091387
62,155,23.77931,38.091549
62,156,23.78311,38.091216
62,157,23.786801,38.091327
62,158,23.78935,38.091357
62,159,23.791241,38.092349
62,160,23.79292,38.09439
62,161,23.794941,38.096309
62,162,23.797321,38.09751
62,163,23.800851,38.098892
62,164,23.805293,38.100631
62,165,23.808733,38.102069
62,166,23.812662,38.103949
62,167,23.814622,38.105559
62,168,23.817932,38.106898
62,169,23.821192,38.110019
62,170,23.823372,38.113308
62,171,23.826153,38.114726
62,172,23.828693,38.117248
62,173,23.830694,38.118697
62,174,23.832455,38.120429
62,175,23.835575,38.12358
62,176,23.837475,38.127372
62,177,23.838866,38.130202
62,178,23.839695,38.131141
62,179,23.839845,38.131381
62,180,23.839855,38.131331
