63,1,23.840229,38.131225
63,2,23.84058,38.131694
63,3,23.840679,38.131213
63,4,23.840719,38.130942
63,5,23.840919,38.130862
63,6,23.841039,38.131133
63,7,23.840729,38.131603
63,8,23.840087,38.131862
63,9,23.839418,38.13119
63,10,23.838367,38.129111
63,11,23.837187,38.126582
63,12,23.835826,38.123912
63,13,23.833517,38.121363
63,14,23.831306,38.119064
63,15,23.829286,38.118125
63,16,23.827316,38.115974
63,17,23.824746,38.114112
63,18,23.823036,38.111892
63,19,23.820356,38.10921
63,20,23.817457,38.10646
63,21,23.814497,38.10551
63,22,23.814697,38.104579
63,23,23.814666,38.104339
63,24,23.811386,38.102908
63,25,23.807097,38.1012
63,26,23.802966,38.099548
63,27,23.798687,38.097896
63,28,23.794678,38.095966
63,29,23.791967,38.092888
63,30,23.789988,38.091738
63,31,23.787977,38.09148
63,32,23.787736,38.091498
63,33,23.786677,38.091197
63,34,23.786396,38.091037
63,35,23.785187,38.090857
63,36,23.784768,38.090839
63,37,23.783897,38.090869
63,38,23.783268,38.091121
63,39,23.782768,38.091399
63,40,23.781828,38.09178
63,41,23.780777,38.091701
63,42,23.780216,38.091609
63,43,23.778835,38.091289
63,44,23.777944,38.091037
63,45,23.776914,38.091048
63,46,23.776794,38.091079
63,47,23.775564,38.091838
63,48,23.775413,38.091949
63,49,23.775234,38.09209
63,50,23.773643,38.09275
63,51,23.772593,38.092632
63,52,23.769851,38.09225
63,53,23.769441,38.0922
63,54,23.767381,38.091922
63,55,23.762811,38.091331
63,56,23.758692,38.090049
63,57,23.757122,38.090839
63,58,23.755062,38.09233
63,59,23.752743,38.094008
63,60,23.752693,38.09539
63,61,23.753683,38.09682
63,62,23.755002,38.098701
63,63,23.756434,38.100772
63,64,23.757873,38.102893
63,65,23.758853,38.104385
63,66,23.759495,38.105235
63,67,23.761335,38.105426
63,68,23.763495,38.105666
63,69,23.763735,38.106186
63,70,23.764164,38.106494
63,71,23.764713,38.106982
63,72,23.765824,38.106891
63,73,23.766024,38.107391
63,74,23.766924,38.10786
63,75,23.767485,38.107768
63,76,23.767836,38.10823
63,77,23.768215,38.108771
63,78,23.768375,38.108783
63,79,23.768416,38.108813
63,80,23.768145,38.108721
63,81,23.767854,38.108173
63,82,23.768206,38.107703
63,83,23.769075,38.107672
63,84,23.769926,38.107661
63,85,23.770346,38.108062
63,86,23.770626,38.108611
63,87,23.771015,38.108542
63,88,23.771006,38.108272
63,89,23.771095,38.108241
63,90,23.771036,38.108222
63,91,23.770515,38.108234
63,92,23.770386,38.108764
63,93,23.770355,38.108962
63,94,23.770325,38.108962
63,95,23.770364,38.108711
63,96,23.770346,38.10815
63,97,23.770176,38.107669
63,98,23.769945,38.107688
63,99,23.769615,38.10765
63,100,23.768835,38.10765
63,101,23.768745,38.107421
63,102,23.768745,38.107421
63,103,23.768705,38.10778
63,104,23.768795,38.108401
63,105,23.768625,38.108783
63,106,23.768535,38.108875
63,107,23.768555,38.108856
63,108,23.768034,38.108726
63,109,23.767864,38.108158
63,110,23.767454,38.107886
63,111,23.766893,38.107818
63,112,23.766964,38.107676
63,113,23.767054,38.107818
63,114,23.767764,38.1077
63,115,23.767902,38.10836
63,116,23.767933,38.108661
63,117,23.767913,38.10863
63,118,23.768003,38.10871
63,119,23.768083,38.108673
63,120,23.768383,38.108753
63,121,23.768624,38.108771
63,122,23.768633,38.108771
63,123,23.768442,38.108734
63,124,23.768063,38.108623
63,125,23.767972,38.108054
63,126,23.767483,38.107833
63,127,23.766373,38.107845
63,128,23.766053,38.106963
63,129,23.765093,38.107044
63,130,23.764553,38.106555
63,131,23.763853,38.106357
63,132,23.763693,38.105716
63,133,23.762493,38.105597
63,134,23.760822,38.105437
63,135,23.759672,38.105308
63,136,23.758661,38.104
63,137,23.757292,38.101951
63,138,23.755892,38.10009
63,139,23.754781,38.098369
63,140,23.753521,38.096518
63,141,23.752291,38.094719
63,142,23.752441,38.094299
63,143,23.752441,38.09426
63,144,23.752752,38.094051
63,145,23.754972,38.09243
63,146,23.757871,38.090319
63,147,23.759,38.090209
63,148,23.762071,38.091251
63,149,23.765972,38.091762
63,150,23.769231,38.092211
63,151,23.772621,38.092662
63,152,23.774711,38.09241
63,153,23.777592,38.091022
63,154,23.781752,38.091773
63,155,23.785752,38.090861
63,156,23.788502,38.09133
63,157,23.790512,38.091979
63,158,23.791693,38.092639
63,159,23.793244,38.094661
63,160,23.795353,38.096469
63,161,23.798104,38.097709
63,162,23.801123,38.098857
63,163,23.804213,38.100048
63,164,23.807263,38.101318
63,165,23.810821,38.102706
63,166,23.813782,38.105117
63,167,23.816122,38.105475
63,168,23.819172,38.107967
63,169,23.822283,38.110976
63,170,23.824022,38.114077
63,171,23.826701,38.115188
63,172,23.828882,38.117378
63,173,23.830912,38.118697
63,174,23.832583,38.120418
63,175,23.835641,38.123508
63,176,23.837393,38.126998
63,177,23.838623,38.129569
63,178,23.839503,38.13106
63,179,23.839922,38.131412
63,180,23.839862,38.13145
