65,1,23.965494,38.203227
65,2,23.966105,38.202636
65,3,23.966875,38.202697
65,4,23.967295,38.202457
65,5,23.967594,38.201167
65,6,23.969035,38.199618
65,7,23.968155,38.197361
65,8,23.969614,38.19342
65,9,23.971894,38.189799
65,10,23.975224,38.185698
65,11,23.977563,38.182189
65,12,23.974514,38.179858
65,13,23.972254,38.176337
65,14,23.970573,38.173549
65,15,23.968073,38.170589
65,16,23.963854,38.168338
65,17,23.960674,38.166506
65,18,23.962265,38.164867
65,19,23.961756,38.161208
65,20,23.959826,38.159037
65,21,23.958885,38.158439
65,22,23.960094,38.156208
65,23,23.961725,38.153659
65,24,23.963646,38.151347
65,25,23.966146,38.148227
65,26,23.967587,38.144896
65,27,23.966047,38.144435
65,28,23.965527,38.143073
65,29,23.966187,38.139643
65,30,23.967186,38.135623
65,31,23.968086,38.131553
65,32,23.968885,38.127163
65,33,23.969625,38.122111
65,34,23.969635,38.116882
65,35,23.969665,38.111182
65,36,23.969696,38.105761
65,37,23.970377,38.101672
65,38,23.972088,38.096942
65,39,23.973888,38.092441
65,40,23.975708,38.08858
65,41,23.975918,38.088069
65,42,23.976448,38.087058
65,43,23.978008,38.084179
65,44,23.979998,38.080467
65,45,23.981847,38.077086
65,46,23.982547,38.073085
65,47,23.982128,38.068534
65,48,23.981909,38.066024
65,49,23.981629,38.062495
65,50,23.983108,38.058036
65,51,23.985008,38.053428
65,52,23.987568,38.04874
65,53,23.988798,38.044318
65,54,23.990218,38.040069
65,55,23.988546,38.03633
65,56,23.984775,38.033691
65,57,23.983045,38.029712
65,58,23.983197,38.025192
65,59,23.981706,38.020591
65,60,23.978687,38.017551
65,61,23.976298,38.014102
65,62,23.972227,38.011184
65,63,23.967176,38.009555
65,64,23.962477,38.007976
65,65,23.957466,38.006896
65,66,23.952616,38.005534
65,67,23.947484,38.004097
65,68,23.942896,38.002685
65,69,23.941566,38.002315
65,70,23.939475,38.001704
65,71,23.935596,38.000014
65,72,23.930456,37.998183
65,73,23.924366,37.997672
65,74,23.918396,37.998652
65,75,23.912886,38.000304
65,76,23.909176,38.002593
65,77,23.903625,38.002734
65,78,23.898156,38.003425
65,79,23.892635,38.004424
65,80,23.887846,38.004123
65,81,23.884515,38.003634
65,82,23.884337,38.003596
65,83,23.883366,38.003585
65,84,23.882555,38.003776
65,85,23.880884,38.003814
65,86,23.880764,38.003295
65,87,23.880634,38.001166
65,88,23.880354,37.997516
65,89,23.881464,37.993415
65,90,23.882074,37.990744
65,91,23.881444,37.990234
65,92,23.881396,37.990172
65,93,23.881365,37.990112
65,94,23.881225,37.990001
65,95,23.881296,37.98989
65,96,23.881396,37.990032
65,97,23.881225,37.98984
65,98,23.881556,37.99021
65,99,23.882016,37.990561
65,100,23.882096,37.990963
65,101,23.881646,37.992583
65,102,23.880955,37.995082
65,103,23.880264,37.997642
65,104,23.880335,38.00011
65,105,23.880605,38.001369
65,106,23.880677,38.001529
65,107,23.880735,38.002231
65,108,23.881815,38.002292
65,109,23.883265,38.002273
65,110,23.884995,38.001514
65,111,23.885445,38.001396
65,112,23.887406,38.001586
65,113,23.889185,38.001167
65,114,23.890664,38.000106
65,115,23.892626,37.998725
65,116,23.893175,37.998195
65,117,23.893175,37.998164
65,118,23.893314,37.998134
65,119,23.894465,37.997275
65,120,23.895994,37.996867
65,121,23.896824,37.996399
65,122,23.897135,37.996127
65,123,23.897144,37.996127
65,124,23.897544,37.995795
65,125,23.897644,37.995414
65,126,23.897255,37.995044
65,127,23.897145,37.994846
65,128,23.897194,37.994846
65,129,23.897234,37.994834
65,130,23.897504,37.995135
65,131,23.897965,37.995505
65,132,23.897974,37.995468
65,133,23.897724,37.995708
65,134,23.896984,37.996348
65,135,23.895834,37.996928
65,136,23.894545,37.997249
65,137,23.893265,37.99826
65,138,23.891685,37.999382
65,139,23.890015,38.000583
65,140,23.888674,38.001453
65,141,23.887113,38.001453
65,142,23.885383,38.001281
65,143,23.884874,38.002273
65,144,23.884474,38.003383
65,145,23.882895,38.003554
65,146,23.882024,38.003635
65,147,23.880995,38.003634
65,148,23.880874,38.002006
65,149,23.880375,37.998687
65,150,23.881235,37.994819
65,151,23.882215,37.991088
65,152,23.881574,37.9902
65,153,23.881495,37.990081
65,154,23.881374,37.990051
65,155,23.881174,37.989951
65,156,23.881184,37.990013
65,157,23.881363,37.990073
65,158,23.881292,37.990203
65,159,23.881141,37.990283
65,160,23.881141,37.990295
65,161,23.881522,37.990333
65,162,23.881531,37.990333
65,163,23.881621,37.990371
65,164,23.88212,37.990802
65,165,23.881821,37.991981
65,166,23.88125,37.994083
65,167,23.880581,37.996501
65,168,23.88014,37.99884
65,169,23.8806,38.001209
65,170,23.88107,38.002319
65,171,23.883089,38.002201
65,172,23.88435,38.001712
65,173,23.88503,38.00125
65,174,23.885081,38.001262
65,175,23.88631,38.001403
65,176,23.888481,38.001483
65,177,23.890191,38.000392
65,178,23.892472,37.998751
65,179,23.893701,37.997741
65,180,23.894842,37.997173
65,181,23.896353,37.996685
65,182,23.896532,37.996615
65,183,23.896452,37.996646
65,184,23.897053,37.996208
65,185,23.897852,37.995505
65,186,23.897392,37.995216
65,187,23.897152,37.994807
65,188,23.897202,37.994857
65,189,23.897198,37.994861
65,190,23.897469,37.995212
65,191,23.897928,37.995514
65,192,23.897679,37.995742
65,193,23.897419,37.995964
65,194,23.897169,37.996173
65,195,23.8965,37.996661
65,196,23.89537,37.997131
65,197,23.894711,37.99721
65,198,23.894281,37.997451
65,199,23.894201,37.997451
65,200,23.893621,37.997962
65,201,23.892641,37.998741
65,202,23.891131,37.999782
65,203,23.88989,38.000663
65,204,23.888761,38.001472
65,205,23.886522,38.001434
65,206,23.885142,38.001464
65,207,23.88478,38.002433
65,208,23.88459,38.003234
65,209,23.884559,38.003333
65,210,23.884369,38.003875
65,211,23.883669,38.003494
65,212,23.883619,38.003524
65,213,23.883539,38.003513
65,214,23.883509,38.003513
65,215,23.883019,38.003631
65,216,23.882698,38.003692
65,217,23.882377,38.003722
65,218,23.881758,38.003733
65,219,23.881709,38.003745
65,220,23.881088,38.003696
65,221,23.880768,38.003036
65,222,23.880767,38.002597
65,223,23.880497,38.000606
65,224,23.880517,37.997085
65,225,23.881536,37.993267
65,226,23.881965,37.990638
65,227,23.881285,37.990329
65,228,23.881275,37.990638
65,229,23.881306,37.990676
65,230,23.881546,37.990977
65,231,23.881596,37.990318
65,232,23.881275,37.990237
65,233,23.881275,37.990257
65,234,23.881385,37.990218
65,235,23.881796,37.99052
65,236,23.881787,37.990531
65,237,23.881987,37.990623
65,238,23.881875,37.990592
65,239,23.881315,37.990104
65,240,23.881315,37.990115
65,241,23.881864,37.990486
65,242,23.882164,37.990893
65,243,23.881794,37.992244
65,244,23.881054,37.994964
65,245,23.880203,37.998042
65,246,23.880643,38.001033
65,247,23.881183,38.002414
65,248,23.883225,38.002254
65,249,23.884763,38.001613
65,250,23.884884,38.001754
65,251,23.884654,38.002643
65,252,23.884623,38.003352
65,253,23.886383,38.003742
65,254,23.890142,38.004352
65,255,23.895443,38.003821
65,256,23.900362,38.003043
65,257,23.905493,38.002593
65,258,23.910813,38.002433
65,259,23.914253,37.999645
65,260,23.920044,37.998164
65,261,23.923815,37.997603
65,262,23.928165,37.997894
65,263,23.933204,37.999065
65,264,23.937975,38.001136
65,265,23.940925,38.002025
65,266,23.942125,38.002376
65,267,23.945765,38.003535
65,268,23.950134,38.004867
65,269,23.954994,38.006217
65,270,23.959324,38.007549
65,271,23.958593,38.008307
65,272,23.956654,38.010066
65,273,23.954085,38.011836
65,274,23.951503,38.013686
65,275,23.950684,38.016197
65,276,23.950634,38.018096
65,277,23.950455,38.019847
65,278,23.950245,38.021949
65,279,23.950674,38.023639
65,280,23.951254,38.025158
65,281,23.951524,38.026748
65,282,23.950995,38.028018
65,283,23.949984,38.02853
65,284,23.949083,38.02938
65,285,23.948223,38.030448
65,286,23.948083,38.031676
65,287,23.947733,38.032878
65,288,23.946833,38.034026
65,289,23.945923,38.034987
65,290,23.945763,38.035949
65,291,23.945433,38.036929
65,292,23.945082,38.037841
65,293,23.945032,38.03886
65,294,23.943882,38.038989
65,295,23.942322,38.039008
65,296,23.941042,38.039119
65,297,23.939802,38.03852
65,298,23.939213,38.038169
65,299,23.938143,38.038078
65,300,23.937461,38.038226
65,301,23.936792,38.038288
65,302,23.936142,38.038306
65,303,23.935552,38.038497
65,304,23.934912,38.038688
65,305,23.933941,38.038829
65,306,23.932781,38.038608
65,307,23.932091,38.0382
65,308,23.93186,38.037849
65,309,23.931021,38.037719
65,310,23.930361,38.037627
65,311,23.930401,38.037578
65,312,23.930311,38.037597
65,313,23.930552,38.037658
65,314,23.931101,38.037719
65,315,23.93176,38.03783
65,316,23.932051,38.038131
65,317,23.9319,38.038272
65,318,23.931959,38.038283
65,319,23.932219,38.037883
65,320,23.932628,38.037272
65,321,23.932098,38.037204
65,322,23.931417,38.037192
65,323,23.930717,38.036971
65,324,23.930067,38.03662
65,325,23.929647,38.036132
65,326,23.929187,38.035632
65,327,23.928608,38.034992
65,328,23.928167,38.034289
65,329,23.928056,38.033778
65,330,23.927617,38.033687
65,331,23.927187,38.033618
65,332,23.926836,38.033557
65,333,23.926395,38.033477
65,334,23.925954,38.033386
65,335,23.925475,38.033324
65,336,23.925034,38.033443
65,337,23.925053,38.033443
65,338,23.925333,38.033812
65,339,23.925284,38.033775
65,340,23.925243,38.033725
65,341,23.925354,38.033286
65,342,23.926254,38.033416
65,343,23.926884,38.033527
65,344,23.927244,38.033587
65,345,23.927904,38.033706
65,346,23.928175,38.034328
65,347,23.928825,38.035228
65,348,23.929334,38.035789
65,349,23.929945,38.03646
65,350,23.930515,38.036868
65,351,23.931095,38.03704
65,352,23.931884,38.037189
65,353,23.932656,38.037281
65,354,23.932245,38.037928
65,355,23.932205,38.038447
65,356,23.933284,38.038669
65,357,23.934305,38.038798
65,358,23.935816,38.038311
65,359,23.937425,38.03812
65,360,23.939306,38.03823
65,361,23.941277,38.03921
65,362,23.943555,38.038932
65,363,23.944956,38.038463
65,364,23.945686,38.036052
65,365,23.947046,38.03374
65,366,23.948135,38.030929
65,367,23.950226,38.028358
65,368,23.951515,38.026538
65,369,23.950385,38.022799
65,370,23.950626,38.0185
65,371,23.951267,38.014339
65,372,23.954797,38.011279
65,373,23.957838,38.00891
65,374,23.959528,38.007709
65,375,23.956839,38.006797
65,376,23.953129,38.005527
65,377,23.951988,38.005416
65,378,23.949439,38.004626
65,379,23.945879,38.003535
65,380,23.941888,38.002327
65,381,23.941558,38.002208
65,382,23.941819,38.00143
65,383,23.941587,37.998801
65,384,23.940508,37.995353
65,385,23.939558,37.991561
65,386,23.936789,37.988372
65,387,23.934858,37.984592
65,388,23.934858,37.980853
65,389,23.934069,37.977092
65,390,23.931688,37.973723
65,391,23.928398,37.971034
65,392,23.925918,37.968544
65,393,23.923168,37.966545
65,394,23.922678,37.966204
65,395,23.922468,37.966064
65,396,23.922428,37.966045
65,397,23.922188,37.965934
65,398,23.920578,37.966354
65,399,23.918098,37.966945
65,400,23.914558,37.967803
65,401,23.911068,37.968203
65,402,23.908579,37.968193
65,403,23.90646,37.968943
65,404,23.90577,37.969776
65,405,23.90526,37.972075
65,406,23.90365,37.974617
65,407,23.90094,37.976687
65,408,23.89814,37.978488
65,409,23.89612,37.979796
65,410,23.892601,37.982078
65,411,23.888592,37.984748
65,412,23.884772,37.986888
65,413,23.882903,37.988528
65,414,23.882211,37.990707
65,415,23.881351,37.990645
65,416,23.881312,37.990664
65,417,23.881231,37.990387
65,418,23.881311,37.990325
65,419,23.881321,37.990307
65,420,23.88174,37.990478
65,421,23.88179,37.990497
65,422,23.881821,37.990497
65,423,23.882052,37.990607
65,424,23.881922,37.990569
65,425,23.881532,37.990188
65,426,23.881354,37.990078
65,427,23.881353,37.990097
65,428,23.881754,37.990386
65,429,23.882163,37.990664
65,430,23.882075,37.991306
65,431,23.881605,37.992976
65,432,23.880914,37.995487
65,433,23.880184,37.998275
65,434,23.880536,38.000816
65,435,23.880895,38.002376
65,436,23.882665,38.002327
65,437,23.884146,38.001865
65,438,23.884796,38.001746
65,439,23.884676,38.002296
65,440,23.884445,38.003287
65,441,23.885065,38.003509
65,442,23.887686,38.003959
65,443,23.891086,38.004519
65,444,23.894907,38.003921
65,445,23.897336,38.003513
65,446,23.901096,38.002982
65,447,23.905166,38.002601
65,448,23.907326,38.002601
65,449,23.910696,38.002483
65,450,23.911676,38.002341
65,451,23.911707,38.002242
65,452,23.911957,38.001922
65,453,23.912107,38.001803
65,454,23.911167,38.002433
65,455,23.907957,38.002624
65,456,23.905347,38.002673
65,457,23.902606,38.002894
65,458,23.901047,38.003055
65,459,23.899526,38.003245
65,460,23.896826,38.003676
65,461,23.894735,38.004066
65,462,23.892684,38.004436
65,463,23.891365,38.004615
65,464,23.889826,38.004375
65,465,23.888226,38.004097
65,466,23.887506,38.004005
65,467,23.887417,38.004043
65,468,23.887016,38.004013
65,469,23.886076,38.003784
65,470,23.885595,38.003703
65,471,23.885306,38.003673
65,472,23.884966,38.003654
65,473,23.884636,38.003593
65,474,23.884275,38.003543
65,475,23.883955,38.003505
65,476,23.883945,38.003505
65,477,23.882826,38.003696
65,478,23.882656,38.003745
65,479,23.880985,38.003776
65,480,23.880806,38.003524
65,481,23.880686,38.001274
65,482,23.880426,37.997455
65,483,23.881527,37.993426
65,484,23.882146,37.990737
65,485,23.881937,37.990619
65,486,23.881946,37.990631
65,487,23.881906,37.99066
65,488,23.881866,37.991191
65,489,23.881357,37.991679
65,490,23.881576,37.991679
65,491,23.881627,37.991649
65,492,23.881607,37.991649
65,493,23.881597,37.991649
65,494,23.881638,37.991741
65,495,23.881678,37.99171
65,496,23.881579,37.991722
65,497,23.881498,37.99171
65,498,23.881878,37.991142
65,499,23.882238,37.99089
65,500,23.881769,37.99261
65,501,23.881689,37.992789
65,502,23.88106,37.995079
65,503,23.880239,37.99802
65,504,23.8806,38.00127
65,505,23.881189,38.002459
65,506,23.883309,38.002349
65,507,23.884808,38.001689
65,508,23.884669,38.002529
65,509,23.884437,38.003467
65,510,23.886238,38.003799
65,511,23.886898,38.003799
65,512,23.886957,38.003818
65,513,23.888468,38.004169
65,514,23.892058,38.0045
65,515,23.896727,38.003631
65,516,23.899467,38.00318
65,517,23.901468,38.002959
65,518,23.906028,38.002628
65,519,23.910569,38.002517
65,520,23.913178,38.000038
65,521,23.917997,37.998729
65,522,23.923668,37.997608
65,523,23.929539,37.998008
65,524,23.934919,37.999606
65,525,23.938989,38.001487
65,526,23.94191,38.002288
65,527,23.944969,38.00328
65,528,23.95023,38.00487
65,529,23.955539,38.006523
65,530,23.960599,38.008052
65,531,23.96578,38.008712
65,532,23.97061,38.010551
65,533,23.974591,38.012679
65,534,23.97748,38.015281
65,535,23.979481,38.017829
65,536,23.979811,38.018039
65,537,23.980931,38.01929
65,538,23.982811,38.022868
65,539,23.982481,38.026736
65,540,23.983661,38.030535
65,541,23.984741,38.033367
65,542,23.988552,38.036178
65,543,23.990303,38.039928
65,544,23.988993,38.043917
65,545,23.987752,38.048297
65,546,23.985672,38.052478
65,547,23.983732,38.056659
65,548,23.982002,38.060748
65,549,23.981891,38.064288
65,550,23.982031,38.06615
65,551,23.982311,38.069388
65,552,23.982741,38.073539
65,553,23.98184,38.077171
65,554,23.981319,38.07883
65,555,23.981319,38.078941
65,556,23.98119,38.078608
