66,1,23.981037,38.078788
66,2,23.981056,38.078559
66,3,23.981895,38.07701
66,4,23.982706,38.074302
66,5,23.982296,38.07051
66,6,23.981935,38.066402
66,7,23.981646,38.062522
66,8,23.982195,38.060211
66,9,23.983786,38.056362
66,10,23.985895,38.052093
66,11,23.987896,38.047534
66,12,23.989255,38.043323
66,13,23.990095,38.038803
66,14,23.986537,38.035113
66,15,23.984066,38.031432
66,16,23.982345,38.027102
66,17,23.982485,38.021923
66,18,23.980403,38.018691
66,19,23.980374,38.018653
66,20,23.979393,38.017924
66,21,23.977404,38.015285
66,22,23.974933,38.013027
66,23,23.970053,38.010547
66,24,23.964733,38.008258
66,25,23.959163,38.007506
66,26,23.953863,38.005687
66,27,23.948793,38.004477
66,28,23.943134,38.002746
66,29,23.941345,38.002227
66,30,23.938385,38.001338
66,31,23.933775,37.999248
66,32,23.929745,37.998058
66,33,23.923504,37.997649
66,34,23.917544,37.998889
66,35,23.912505,38.000968
66,36,23.908073,38.002597
66,37,23.902283,38.002868
66,38,23.896852,38.003639
66,39,23.891342,38.0046
66,40,23.887062,38.00397
66,41,23.883701,38.003489
66,42,23.881451,38.00378
66,43,23.880781,38.00259
66,44,23.88022,37.999537
66,45,23.880821,37.995917
66,46,23.881792,37.992339
66,47,23.881832,37.99055
66,48,23.881422,37.990199
66,49,23.881432,37.990162
66,50,23.881261,37.990032
66,51,23.881261,37.99002
66,52,23.881252,37.99002
66,53,23.881242,37.98981
66,54,23.881183,37.989849
66,55,23.880493,37.989268
66,56,23.880423,37.98891
66,57,23.882402,37.987929
66,58,23.885443,37.986511
66,59,23.889202,37.98437
66,60,23.892643,37.982009
66,61,23.896192,37.979697
66,62,23.900293,37.977046
66,63,23.904293,37.973636
66,64,23.905563,37.969295
66,65,23.906143,37.966494
66,66,23.906942,37.964473
66,67,23.904213,37.963783
66,68,23.900483,37.962962
66,69,23.900402,37.961131
66,70,23.900571,37.958801
66,71,23.900342,37.956993
66,72,23.90031,37.955925
66,73,23.899881,37.954296
66,74,23.89886,37.953014
66,75,23.897901,37.950904
66,76,23.896542,37.947963
66,77,23.894673,37.944293
66,78,23.893023,37.940715
66,79,23.891853,37.938266
66,80,23.890592,37.935428
66,81,23.888912,37.93288
66,82,23.887392,37.93336
66,83,23.885622,37.93415
66,84,23.883952,37.93484
66,85,23.882731,37.932662
66,86,23.8825,37.932303
66,87,23.883609,37.931133
66,88,23.885759,37.928543
66,89,23.88345,37.925441
66,90,23.88662,37.922462
66,91,23.89081,37.920181
66,92,23.89331,37.915942
66,93,23.894929,37.911891
66,94,23.894189,37.907531
66,95,23.89455,37.90393
66,96,23.89543,37.902961
66,97,23.8988,37.901381
66,98,23.90279,37.90092
66,99,23.906971,37.898421
66,100,23.911551,37.89585
66,101,23.915769,37.893211
66,102,23.919929,37.890551
66,103,23.923119,37.887321
66,104,23.925099,37.886383
66,105,23.927667,37.885501
66,106,23.928777,37.886611
66,107,23.929947,37.88829
66,108,23.931366,37.887699
66,109,23.933376,37.88689
66,110,23.935446,37.886008
66,111,23.937117,37.885337
66,112,23.937767,37.885035
66,113,23.937307,37.884346
66,114,23.936768,37.883567
66,115,23.938198,37.883136
66,116,23.940587,37.882556
66,117,23.944238,37.883247
66,118,23.948697,37.884555
66,119,23.953948,37.885635
66,120,23.959058,37.886985
66,121,23.96172,37.886565
66,122,23.96471,37.885585
66,123,23.968241,37.886226
66,124,23.971641,37.886256
66,125,23.975101,37.886897
66,126,23.978481,37.887229
66,127,23.981621,37.88771
66,128,23.98372,37.887721
66,129,23.985251,37.888351
66,130,23.98808,37.888382
66,131,23.990961,37.887882
66,132,23.993561,37.886322
66,133,23.994781,37.886069
66,134,23.995201,37.885951
66,135,23.994772,37.88565
66,136,23.995071,37.885909
66,137,23.994171,37.886241
66,138,23.991621,37.887511
66,139,23.987581,37.888431
66,140,23.983342,37.88771
66,141,23.978111,37.887321
66,142,23.972671,37.886463
66,143,23.967682,37.886104
66,144,23.964062,37.885642
66,145,23.960542,37.887241
66,146,23.955803,37.886069
66,147,23.950434,37.88491
66,148,23.945274,37.883521
66,149,23.941575,37.882442
66,150,23.938814,37.883033
66,151,23.937214,37.883342
66,152,23.937313,37.884182
66,153,23.938402,37.88589
66,154,23.939623,37.886852
66,155,23.942062,37.887553
66,156,23.944302,37.889243
66,157,23.943672,37.890471
66,158,23.938643,37.889769
66,159,23.932972,37.889499
66,160,23.927721,37.888797
66,161,23.925621,37.886268
66,162,23.923921,37.886829
66,163,23.921702,37.88879
66,164,23.91859,37.891628
66,165,23.914051,37.89439
66,166,23.909491,37.897307
66,167,23.90596,37.900657
66,168,23.900539,37.901435
66,169,23.895899,37.902786
66,170,23.894638,37.904125
66,171,23.894398,37.907966
66,172,23.895248,37.912677
66,173,23.892908,37.916877
66,174,23.890367,37.921115
66,175,23.885268,37.922705
66,176,23.884367,37.926654
66,177,23.884426,37.930415
66,178,23.883106,37.933196
66,179,23.884787,37.934795
66,180,23.887947,37.933086
66,181,23.890347,37.934997
66,182,23.891996,37.938598
66,183,23.893707,37.942287
66,184,23.895617,37.946208
66,185,23.897526,37.950027
66,186,23.899376,37.953685
66,187,23.900165,37.955364
66,188,23.900316,37.957305
66,189,23.900567,37.958957
66,190,23.900387,37.960238
66,191,23.900397,37.96244
66,192,23.902666,37.963168
66,193,23.907026,37.964229
66,194,23.906656,37.964969
66,195,23.906135,37.966979
66,196,23.905615,37.969661
66,197,23.904474,37.973381
66,198,23.901113,37.976532
66,199,23.896694,37.979392
66,200,23.893124,37.981711
66,201,23.890043,37.983833
66,202,23.886494,37.985904
66,203,23.883173,37.987686
66,204,23.880302,37.988967
66,205,23.881301,37.989978
66,206,23.881302,37.990039
66,207,23.881351,37.990008
66,208,23.88137,37.990218
66,209,23.88121,37.99002
66,210,23.88109,37.989811
66,211,23.88063,37.989371
66,212,23.88051,37.989261
66,213,23.880081,37.98907
66,214,23.878392,37.990039
66,215,23.875801,37.991779
66,216,23.875391,37.993198
66,217,23.876109,37.995338
66,218,23.875429,37.996619
66,219,23.873539,37.9953
66,220,23.870559,37.996131
66,221,23.87009,37.996021
66,222,23.86779,37.997249
66,223,23.86532,37.998698
66,224,23.86624,38.00024
66,225,23.866439,38.000782
66,226,23.866819,38.001731
66,227,23.86713,38.002533
66,228,23.867621,38.003783
66,229,23.86808,38.004924
66,230,23.86841,38.005596
66,231,23.868459,38.005645
66,232,23.86866,38.005645
66,233,23.86875,38.005645
66,234,23.869839,38.005473
66,235,23.870029,38.005435
66,236,23.870459,38.005366
66,237,23.870459,38.005366
66,238,23.870629,38.005336
66,239,23.872259,38.005046
66,240,23.872839,38.004928
66,241,23.872969,38.00489
66,242,23.873539,38.004718
66,243,23.873729,38.004669
66,244,23.874319,38.004508
66,245,23.875239,38.00505
66,246,23.876269,38.005629
66,247,23.876919,38.005839
66,248,23.877219,38.006431
66,249,23.877079,38.006972
66,250,23.87731,38.007434
66,251,23.877269,38.007472
66,252,23.87739,38.007613
66,253,23.87703,38.007022
66,254,23.87727,38.006553
66,255,23.87727,38.006523
66,256,23.877109,38.006244
66,257,23.87673,38.005645
66,258,23.875259,38.005034
66,259,23.87385,38.004683
66,260,23.871719,38.005214
66,261,23.868769,38.005733
66,262,23.867708,38.005893
66,263,23.867628,38.005904
66,264,23.867818,38.004245
66,265,23.866808,38.001654
66,266,23.865667,37.999107
66,267,23.865328,37.998645
66,268,23.865778,37.998313
66,269,23.869377,37.996241
66,270,23.873398,37.993801
66,271,23.877278,37.990699
66,272,23.880247,37.988998
66,273,23.880997,37.989727
66,274,23.881286,37.990107
66,275,23.881346,37.989997
66,276,23.881337,37.990008
66,277,23.881237,37.990008
66,278,23.880987,37.989677
66,279,23.880327,37.989047
66,280,23.880247,37.989009
66,281,23.879347,37.989471
66,282,23.877527,37.990619
66,283,23.875307,37.992137
66,284,23.874906,37.992469
66,285,23.875757,37.993698
66,286,23.876077,37.995666
66,287,23.875717,37.996814
66,288,23.874677,37.995704
66,289,23.873037,37.995654
66,290,23.870457,37.996173
66,291,23.870037,37.996082
66,292,23.867718,37.99731
66,293,23.864698,37.998931
66,294,23.861238,38.000319
66,295,23.858189,38.0023
66,296,23.857828,38.00423
66,297,23.857039,38.005099
66,298,23.856258,38.004248
66,299,23.855888,38.00347
66,300,23.854878,38.00402
66,301,23.854267,38.005241
66,302,23.853576,38.006812
66,303,23.853437,38.008513
66,304,23.853866,38.008834
66,305,23.855187,38.008502
66,306,23.855876,38.008342
66,307,23.856177,38.008583
66,308,23.857116,38.009723
66,309,23.855297,38.010932
66,310,23.853826,38.013503
66,311,23.852367,38.016765
66,312,23.851347,38.019015
66,313,23.850317,38.021056
66,314,23.850637,38.021415
66,315,23.850937,38.021545
66,316,23.851016,38.021575
66,317,23.851397,38.021563
66,318,23.851326,38.021552
66,319,23.851686,38.021541
66,320,23.852368,38.021522
66,321,23.851596,38.02156
66,322,23.850718,38.021498
66,323,23.850527,38.02085
66,324,23.850496,38.020881
66,325,23.850706,38.020461
66,326,23.850805,38.02024
66,327,23.851986,38.01768
66,328,23.853207,38.014949
66,329,23.854927,38.01134
66,330,23.857187,38.00973
66,331,23.858167,38.008929
66,332,23.857887,38.008441
66,333,23.857748,38.008262
66,334,23.857738,38.00825
66,335,23.857739,38.00772
66,336,23.858428,38.007549
66,337,23.861238,38.00714
66,338,23.861889,38.00616
66,339,23.862209,38.004981
66,340,23.861269,38.00336
66,341,23.862018,38.000721
66,342,23.862428,37.99985
66,343,23.865389,37.998599
66,344,23.868938,37.996601
66,345,23.872968,37.994639
66,346,23.876099,37.991539
66,347,23.879568,37.989318
66,348,23.880949,37.98965
66,349,23.881329,37.990001
66,350,23.881278,37.990039
66,351,23.881449,37.990329
66,352,23.881649,37.990429
66,353,23.882029,37.990718
66,354,23.882088,37.991019
66,355,23.881807,37.992141
66,356,23.881327,37.993892
66,357,23.880667,37.996334
66,358,23.880176,37.998874
66,359,23.880658,38.001354
66,360,23.880778,38.002494
66,361,23.880777,38.002636
66,362,23.880777,38.002776
66,363,23.880786,38.002795
66,364,23.880787,38.003147
66,365,23.880787,38.003177
66,366,23.880786,38.003398
66,367,23.880797,38.003429
66,368,23.880796,38.00362
66,369,23.879377,38.003718
66,370,23.877228,38.003738
66,371,23.876518,38.003897
66,372,23.875628,38.004126
66,373,23.875517,38.004268
66,374,23.875058,38.004428
66,375,23.875058,38.004439
66,376,23.874807,38.004439
66,377,23.872947,38.005019
66,378,23.869728,38.00563
66,379,23.867847,38.005938
66,380,23.867717,38.005969
66,381,23.867829,38.004161
66,382,23.866678,38.00122
66,383,23.865528,37.99889
66,384,23.865399,37.998691
66,385,23.868398,37.997032
66,386,23.872769,37.994929
66,387,23.876099,37.991611
66,388,23.880018,37.989143
66,389,23.882697,37.987861
66,390,23.882679,37.989242
66,391,23.881988,37.990642
66,392,23.88197,37.990604
66,393,23.88191,37.990486
66,394,23.881911,37.990585
66,395,23.882111,37.990764
66,396,23.882101,37.990744
66,397,23.881831,37.992225
66,398,23.88076,37.996016
66,399,23.88035,38.000106
66,400,23.880779,38.003287
66,401,23.880789,38.003459
66,402,23.881449,38.00376
66,403,23.884769,38.003631
66,404,23.886878,38.00386
66,405,23.88692,38.00383
66,406,23.88707,38.003909
66,407,23.88958,38.004348
66,408,23.894489,38.004096
66,409,23.89914,38.003276
66,410,23.90445,38.002708
66,411,23.909899,38.002597
66,412,23.913418,37.999988
66,413,23.918998,37.998538
66,414,23.924688,37.997737
66,415,23.930239,37.998157
66,416,23.935929,38.000197
66,417,23.940899,38.002097
66,418,23.944669,38.003269
66,419,23.94894,38.004558
66,420,23.95379,38.005667
66,421,23.95849,38.007198
66,422,23.963501,38.0079
66,423,23.969171,38.010459
66,424,23.974182,38.01245
66,425,23.977451,38.01538
66,426,23.978941,38.017691
66,427,23.980491,38.018722
66,428,23.981811,38.020744
66,429,23.982752,38.022743
66,430,23.982962,38.025863
66,431,23.982841,38.029414
66,432,23.98467,38.033336
66,433,23.98896,38.036567
66,434,23.99017,38.041118
66,435,23.98875,38.044619
66,436,23.987721,38.048381
66,437,23.985852,38.052291
66,438,23.983822,38.05648
66,439,23.982071,38.06058
66,440,23.981831,38.0643
66,441,23.98193,38.065689
66,442,23.982069,38.067527
66,443,23.982349,38.070998
66,444,23.982831,38.075248
66,445,23.981119,38.078509
66,446,23.981409,38.078991
66,447,23.981369,38.079051
66,448,23.981418,38.07909
66,449,23.981409,38.079051
66,450,23.981409,38.079051
66,451,23.981599,38.078841
