67,1,23.981197,38.078933
67,2,23.981188,38.078364
67,3,23.982458,38.076064
67,4,23.982477,38.072173
67,5,23.982107,38.067775
67,6,23.981787,38.063846
67,7,23.982526,38.059565
67,8,23.984356,38.054797
67,9,23.987146,38.050277
67,10,23.988497,38.045356
67,11,23.990207,38.040435
67,12,23.988258,38.036204
67,13,23.984579,38.033153
67,14,23.982488,38.028854
67,15,23.982969,38.023914
67,16,23.982019,38.021094
67,17,23.980539,38.018813
67,18,23.980459,38.018703
67,19,23.978529,38.017421
67,20,23.976309,38.014071
67,21,23.971819,38.011062
67,22,23.966648,38.009262
67,23,23.962288,38.00801
67,24,23.957977,38.006969
67,25,23.955038,38.006266
67,26,23.951498,38.005329
67,27,23.946647,38.003818
67,28,23.942498,38.002548
67,29,23.937597,38.000957
67,30,23.932768,37.998946
67,31,23.927458,37.997878
67,32,23.922138,37.997859
67,33,23.917088,37.998989
67,34,23.912499,38.000956
67,35,23.908869,38.002586
67,36,23.903738,38.002715
67,37,23.898928,38.003283
67,38,23.895347,38.003925
67,39,23.891207,38.004615
67,40,23.886846,38.003944
67,41,23.882677,38.003723
67,42,23.880727,38.003451
67,43,23.880429,38.000732
67,44,23.880567,37.9966
67,45,23.881767,37.992271
67,46,23.881677,37.99052
67,47,23.881418,37.99031
67,48,23.881449,37.99031
67,49,23.881788,37.990661
67,50,23.881788,37.990649
67,51,23.881618,37.990329
67,52,23.881319,37.9901
67,53,23.881279,37.990112
67,54,23.880718,37.989433
67,55,23.880027,37.989081
67,56,23.878687,37.989852
67,57,23.876337,37.991401
67,58,23.875248,37.992919
67,59,23.876229,37.994888
67,60,23.875588,37.996669
67,61,23.874018,37.995208
67,62,23.870838,37.996268
67,63,23.869858,37.99615
67,64,23.867407,37.997481
67,65,23.864117,37.999183
67,66,23.860666,38.000675
67,67,23.857956,38.002536
67,68,23.857955,38.004737
67,69,23.858486,38.007076
67,70,23.858545,38.007297
67,71,23.857505,38.007785
67,72,23.854616,38.008716
67,73,23.850357,38.009494
67,74,23.846546,38.010116
67,75,23.843715,38.010497
67,76,23.840117,38.011016
67,77,23.836287,38.012667
67,78,23.833256,38.013317
67,79,23.831295,38.013725
67,80,23.828085,38.013904
67,81,23.823676,38.013762
67,82,23.818945,38.013202
67,83,23.814045,38.011962
67,84,23.809275,38.010784
67,85,23.804724,38.008654
67,86,23.800043,38.007083
67,87,23.795593,38.005603
67,88,23.795523,38.005492
67,89,23.793753,38.00421
67,90,23.791033,38.002269
67,91,23.786983,38.000808
67,92,23.783224,37.998187
67,93,23.782573,37.997699
67,94,23.780854,37.99649
67,95,23.777033,37.99401
67,96,23.772493,37.991611
67,97,23.769493,37.989601
67,98,23.767202,37.988292
67,99,23.767183,37.988292
67,100,23.766384,37.987552
67,101,23.763024,37.985874
67,102,23.760714,37.985042
67,103,23.759693,37.984622
67,104,23.758543,37.983604
67,105,23.755773,37.981765
67,106,23.754134,37.980014
67,107,23.754134,37.980346
67,108,23.753923,37.980006
67,109,23.753214,37.980438
67,110,23.753815,37.979957
67,111,23.752855,37.979136
67,112,23.752766,37.979076
67,113,23.752426,37.978743
67,114,23.752336,37.978423
67,115,23.753876,37.979774
67,116,23.755196,37.981112
67,117,23.757976,37.983214
67,118,23.759136,37.984104
67,119,23.761137,37.985404
67,120,23.762608,37.985893
67,121,23.762747,37.985904
67,122,23.763857,37.986015
67,123,23.764946,37.985965
67,124,23.766326,37.987166
67,125,23.768637,37.989116
67,126,23.771026,37.990794
67,127,23.774415,37.992293
67,128,23.777796,37.994484
67,129,23.778674,37.995082
67,130,23.779495,37.995563
67,131,23.782295,37.997394
67,132,23.784685,37.999324
67,133,23.787555,38.001083
67,134,23.790455,38.002094
67,135,23.792906,38.003574
67,136,23.792915,38.003585
67,137,23.794566,38.004836
67,138,23.798376,38.006606
67,139,23.799696,38.006988
67,140,23.801987,38.007648
67,141,23.805677,38.009117
67,142,23.809976,38.011005
67,143,23.814327,38.012004
67,144,23.818577,38.013125
67,145,23.821306,38.013675
67,146,23.821806,38.013767
67,147,23.824496,38.013877
67,148,23.828356,38.013976
67,149,23.832396,38.013477
67,150,23.836395,38.012565
67,151,23.838385,38.011627
67,152,23.839125,38.011287
67,153,23.839534,38.011146
67,154,23.840404,38.010967
67,155,23.841614,38.010825
67,156,23.843864,38.010573
67,157,23.847793,38.009974
67,158,23.852993,38.009055
67,159,23.854812,38.007915
67,160,23.854933,38.006343
67,161,23.855783,38.005325
67,162,23.856154,38.003963
67,163,23.857904,38.002444
67,164,23.862524,37.999793
67,165,23.866443,37.998004
67,166,23.869903,37.996093
67,167,23.870184,37.996013
67,168,23.873094,37.994384
67,169,23.874334,37.992706
67,170,23.876864,37.991016
67,171,23.880493,37.988815
67,172,23.882813,37.987803
67,173,23.882593,37.989333
67,174,23.881874,37.990554
67,175,23.881874,37.990585
67,176,23.881883,37.990554
67,177,23.881933,37.990382
67,178,23.881403,37.990062
67,179,23.881384,37.990092
67,180,23.881754,37.990352
67,181,23.882194,37.990703
67,182,23.881954,37.991721
67,183,23.881414,37.993663
67,184,23.880754,37.996025
67,185,23.880184,37.998584
67,186,23.880624,38.000865
67,187,23.880825,38.002894
67,188,23.880825,38.003356
67,189,23.880815,38.003425
67,190,23.880455,38.003635
67,191,23.878115,38.003726
67,192,23.876255,38.003875
67,193,23.875586,38.004104
67,194,23.875425,38.004222
67,195,23.875074,38.004313
67,196,23.875155,38.004302
67,197,23.875095,38.004313
67,198,23.875065,38.004383
67,199,23.874895,38.004394
67,200,23.873625,38.004802
67,201,23.871874,38.005634
67,202,23.871344,38.008052
67,203,23.871023,38.010753
67,204,23.870353,38.010863
67,205,23.869303,38.010982
67,206,23.868482,38.011413
67,207,23.868112,38.013011
67,208,23.867751,38.014121
67,209,23.867533,38.014571
67,210,23.867613,38.01448
67,211,23.867453,38.014708
67,212,23.866752,38.016089
67,213,23.866642,38.016342
67,214,23.866722,38.016402
67,215,23.866873,38.016303
67,216,23.867653,38.017043
67,217,23.869204,38.017962
67,218,23.872183,38.017661
67,219,23.871603,38.01432
67,220,23.870983,38.010509
67,221,23.871923,38.007548
67,222,23.871754,38.005458
67,223,23.871735,38.005328
67,224,23.874244,38.00452
67,225,23.876675,38.003871
67,226,23.879764,38.003779
67,227,23.882314,38.003749
67,228,23.884975,38.003669
67,229,23.888494,38.00418
67,230,23.891835,38.00452
67,231,23.895364,38.003898
67,232,23.899025,38.003238
67,233,23.899925,38.003119
67,234,23.904026,38.002651
67,235,23.908395,38.00257
67,236,23.912185,38.001391
67,237,23.916706,37.999042
67,238,23.923256,37.997611
67,239,23.930105,37.998031
67,240,23.936164,38.000201
67,241,23.941515,38.002162
67,242,23.947504,38.004012
67,243,23.953813,38.005584
67,244,23.958954,38.007323
67,245,23.964613,38.008124
67,246,23.970312,38.010486
67,247,23.975193,38.013145
67,248,23.977974,38.016445
67,249,23.979984,38.018122
67,250,23.980024,38.018153
67,251,23.980934,38.019274
67,252,23.982844,38.023044
67,253,23.982304,38.027095
67,254,23.984043,38.031246
67,255,23.987244,38.035537
67,256,23.990204,38.040015
67,257,23.988544,38.045074
67,258,23.986994,38.050422
67,259,23.984074,38.055633
67,260,23.982013,38.060714
67,261,23.981723,38.062415
67,262,23.981944,38.065783
67,263,23.981983,38.065974
67,264,23.982263,38.069397
67,265,23.982733,38.073966
67,266,23.981413,38.077858
67,267,23.981123,38.078818
67,268,23.980913,38.078449
