69,1,23.981016,38.078784
69,2,23.981016,38.078784
69,3,23.981917,38.076976
69,4,23.982586,38.073325
69,5,23.982146,38.068664
69,6,23.981735,38.063613
69,7,23.981596,38.061653
69,8,23.982716,38.059032
69,9,23.984396,38.054561
69,10,23.987295,38.049849
69,11,23.988585,38.045051
69,12,23.990215,38.040481
69,13,23.988455,38.036269
69,14,23.984566,38.033008
69,15,23.982355,38.028488
69,16,23.982985,38.023757
69,17,23.981904,38.020889
69,18,23.980194,38.01844
69,19,23.977523,38.015461
69,20,23.973953,38.01229
69,21,23.969313,38.010501
69,22,23.964952,38.00835
69,23,23.959972,38.00793
69,24,23.955972,38.00674
69,25,23.951972,38.005439
69,26,23.947054,38.00394
69,27,23.942003,38.00241
69,28,23.936252,38.000251
69,29,23.930023,37.99805
69,30,23.923224,37.997669
69,31,23.917784,37.998817
69,32,23.912943,38.000308
69,33,23.909693,38.00254
69,34,23.905182,38.002651
69,35,23.900722,38.00307
69,36,23.899831,38.003169
69,37,23.897312,38.003578
69,38,23.891983,38.004546
69,39,23.888643,38.004214
69,40,23.888144,38.004134
69,41,23.887083,38.004005
69,42,23.886682,38.003925
69,43,23.886093,38.003833
69,44,23.885183,38.003685
69,45,23.885134,38.003673
69,46,23.884773,38.003623
69,47,23.884014,38.003512
69,48,23.883794,38.003524
69,49,23.883135,38.003654
69,50,23.882764,38.003734
69,51,23.882314,38.003753
69,52,23.881885,38.003764
69,53,23.880915,38.003062
69,54,23.880843,38.002655
69,55,23.880784,38.002574
69,56,23.880606,38.000315
69,57,23.880775,37.996467
69,58,23.881876,37.992358
69,59,23.881857,37.990489
69,60,23.881397,37.990088
69,61,23.881357,37.990058
69,62,23.881357,37.990119
69,63,23.881317,37.989989
69,64,23.881247,37.989871
69,65,23.881207,37.98989
69,66,23.880726,37.989509
69,67,23.880137,37.989059
69,68,23.878836,37.989779
69,69,23.876655,37.99118
69,70,23.874996,37.992629
69,71,23.876186,37.994411
69,72,23.875835,37.996711
69,73,23.874074,37.995273
69,74,23.870954,37.996333
69,75,23.870494,37.996135
69,76,23.870214,37.996074
69,77,23.868055,37.997184
69,78,23.864867,37.998855
69,79,23.861116,38.000445
69,80,23.858067,38.002407
69,81,23.857836,38.004146
69,82,23.858316,38.006606
69,83,23.858366,38.006748
69,84,23.858505,38.007167
69,85,23.858505,38.007167
69,86,23.858555,38.007346
69,87,23.859724,38.007236
69,88,23.860294,38.007224
69,89,23.860645,38.007926
69,90,23.860956,38.009597
69,91,23.861187,38.011146
69,92,23.860327,38.012637
69,93,23.860426,38.014259
69,94,23.860315,38.017028
69,95,23.860414,38.019489
69,96,23.860164,38.021358
69,97,23.859736,38.023288
69,98,23.859576,38.026019
69,99,23.859255,38.028628
69,100,23.859055,38.030806
69,101,23.856905,38.031665
69,102,23.856715,38.032443
69,103,23.857025,38.033195
69,104,23.856556,38.034187
69,105,23.854665,38.035568
69,106,23.852066,38.037906
69,107,23.849606,38.040527
69,108,23.847836,38.041785
69,109,23.847706,38.041854
69,110,23.845656,38.042933
69,111,23.842636,38.044612
69,112,23.840027,38.04621
69,113,23.839967,38.04626
69,114,23.839967,38.04626
69,115,23.839767,38.046409
69,116,23.839758,38.046409
69,117,23.839608,38.046527
69,118,23.839608,38.046538
69,119,23.838537,38.04597
69,120,23.836906,38.04473
69,121,23.834748,38.043132
69,122,23.832518,38.041442
69,123,23.831907,38.041023
69,124,23.831108,38.040401
69,125,23.830928,38.040301
69,126,23.830159,38.040473
69,127,23.829967,38.040961
69,128,23.829868,38.041263
69,129,23.829587,38.042095
69,130,23.829369,38.042914
69,131,23.82894,38.043735
69,132,23.827031,38.042823
69,133,23.823959,38.041324
69,134,23.82197,38.040313
69,135,23.82069,38.040252
69,136,23.82039,38.04029
69,137,23.81971,38.040389
69,138,23.819478,38.04039
69,139,23.819439,38.039901
69,140,23.819439,38.038989
69,141,23.819478,38.038058
69,142,23.819559,38.037928
69,143,23.819559,38.037849
69,144,23.819509,38.038047
69,145,23.81945,38.038509
69,146,23.81946,38.038939
69,147,23.819839,38.03886
69,148,23.819489,38.038978
69,149,23.819469,38.039626
69,150,23.819919,38.040427
69,151,23.82209,38.040538
69,152,23.8229,38.040957
69,153,23.822931,38.040977
69,154,23.823052,38.041057
69,155,23.825352,38.042216
69,156,23.828052,38.043555
69,157,23.829202,38.043525
69,158,23.829922,38.040896
69,159,23.830061,38.040386
69,160,23.831401,38.040794
69,161,23.831871,38.041114
69,162,23.833132,38.041973
69,163,23.834362,38.042342
69,164,23.836662,38.040542
69,165,23.839182,38.038471
69,166,23.840452,38.037459
69,167,23.842232,38.03604
69,168,23.843872,38.034973
69,169,23.845543,38.034102
69,170,23.847563,38.033233
69,171,23.849893,38.032153
69,172,23.853223,38.030605
69,173,23.854463,38.030013
69,174,23.853834,38.029323
69,175,23.857044,38.028151
69,176,23.859163,38.027331
69,177,23.859434,38.024352
69,178,23.859733,38.022681
69,179,23.860214,38.020011
69,180,23.860134,38.01625
69,181,23.860075,38.012599
69,182,23.858466,38.011939
69,183,23.857415,38.010459
69,184,23.857534,38.009311
69,185,23.857744,38.00838
69,186,23.857633,38.008231
69,187,23.857593,38.00814
69,188,23.858195,38.00764
69,189,23.860655,38.007209
69,190,23.861875,38.006351
69,191,23.862045,38.004711
69,192,23.861274,38.003112
69,193,23.862095,38.000301
69,194,23.862974,37.99961
69,195,23.866585,37.997889
69,196,23.870054,37.996002
69,197,23.873134,37.994311
69,198,23.876415,37.991271
69,199,23.879905,37.989081
69,200,23.880775,37.98947
69,201,23.881266,37.990013
69,202,23.881226,37.990043
69,203,23.881926,37.990523
69,204,23.881965,37.990554
69,205,23.882117,37.990695
69,206,23.882057,37.991256
69,207,23.881508,37.993248
69,208,23.880728,37.996059
69,209,23.880157,37.998896
69,210,23.880627,38.001578
69,211,23.881437,38.00241
69,212,23.883377,38.00228
69,213,23.884817,38.001712
69,214,23.884638,38.002551
69,215,23.884468,38.003371
69,216,23.885479,38.003593
69,217,23.888819,38.004142
69,218,23.89325,38.004203
69,219,23.897699,38.003433
69,220,23.90017,38.003093
69,221,23.90324,38.002723
69,222,23.906401,38.002605
69,223,23.90755,38.002574
69,224,23.907591,38.002574
69,225,23.907781,38.002574
69,226,23.907742,38.002562
69,227,23.907252,38.002631
69,228,23.905211,38.002662
69,229,23.902219,38.002902
69,230,23.89871,38.003303
69,231,23.89719,38.003742
69,232,23.897329,38.004771
69,233,23.897508,38.006122
69,234,23.897949,38.006762
69,235,23.89793,38.007083
69,236,23.89793,38.007323
69,237,23.9009,38.007464
69,238,23.90062,38.007464
69,239,23.90062,38.007476
69,240,23.90045,38.007426
69,241,23.900139,38.007446
69,242,23.899618,38.007445
69,243,23.898258,38.007415
69,244,23.897749,38.006706
69,245,23.897308,38.004974
69,246,23.896707,38.003765
69,247,23.893137,38.004386
69,248,23.888527,38.004245
69,249,23.887056,38.004023
69,250,23.886036,38.003772
69,251,23.885736,38.003692
69,252,23.885067,38.003551
69,253,23.884817,38.003551
69,254,23.884136,38.003471
69,255,23.882926,38.003662
69,256,23.882538,38.003711
69,257,23.881567,38.003741
69,258,23.880917,38.003711
69,259,23.880738,38.003391
69,260,23.880587,38.00133
69,261,23.880537,37.9971
69,262,23.881737,37.992621
69,263,23.881857,37.990623
69,264,23.881687,37.990504
69,265,23.881928,37.990653
69,266,23.881946,37.990604
69,267,23.881897,37.990486
69,268,23.881878,37.990596
69,269,23.881638,37.990325
69,270,23.881397,37.990184
69,271,23.881357,37.990184
69,272,23.880847,37.989623
69,273,23.880348,37.989135
69,274,23.880058,37.989135
69,275,23.878399,37.990104
69,276,23.876218,37.991523
69,277,23.875038,37.992694
69,278,23.876219,37.994533
69,279,23.875899,37.996784
69,280,23.874499,37.995544
69,281,23.873058,37.995635
69,282,23.870468,37.996074
69,283,23.870277,37.996013
69,284,23.868778,37.996692
69,285,23.866089,37.998191
69,286,23.86327,37.9995
69,287,23.859909,38.001251
69,288,23.858459,38.002189
69,289,23.8568,38.003021
69,290,23.855499,38.003631
69,291,23.854459,38.004882
69,292,23.85354,38.00709
69,293,23.853491,38.008609
69,294,23.853931,38.008788
69,295,23.855451,38.008419
69,296,23.855762,38.008338
69,297,23.856012,38.008399
69,298,23.856722,38.009128
69,299,23.856601,38.009967
69,300,23.854902,38.011256
69,301,23.853573,38.014068
69,302,23.852192,38.017078
69,303,23.851011,38.019687
69,304,23.849701,38.020636
69,305,23.848011,38.020736
69,306,23.847102,38.021026
69,307,23.847021,38.021137
69,308,23.847702,38.022017
69,309,23.848352,38.023097
69,310,23.848623,38.023689
69,311,23.848694,38.023849
69,312,23.849163,38.02478
69,313,23.850042,38.026088
69,314,23.849441,38.026458
69,315,23.847101,38.027358
69,316,23.844471,38.028919
69,317,23.843901,38.028388
69,318,23.843001,38.027198
69,319,23.84086,38.028129
69,320,23.83836,38.02922
69,321,23.83786,38.029441
69,322,23.837669,38.029521
69,323,23.837669,38.029521
69,324,23.83704,38.02938
69,325,23.83658,38.028701
69,326,23.835729,38.02761
69,327,23.833959,38.025802
69,328,23.83312,38.024901
69,329,23.832621,38.025222
69,330,23.831861,38.025561
69,331,23.830921,38.026042
69,332,23.830511,38.026233
69,333,23.822981,38.032493
69,334,23.823181,38.032623
69,335,23.823021,38.032531
69,336,23.822891,38.032432
69,337,23.822431,38.03284
69,338,23.822252,38.033039
69,339,23.821401,38.03371
69,340,23.821472,38.033641
69,341,23.822422,38.032802
69,342,23.822702,38.032512
69,343,23.822933,38.032474
69,344,23.823284,38.032505
69,345,23.823303,38.032454
69,346,23.823204,38.032634
69,347,23.822933,38.032436
69,348,23.822883,38.032405
69,349,23.822514,38.032695
69,350,23.822334,38.032875
69,351,23.822235,38.032936
69,352,23.822226,38.032947
69,353,23.822245,38.032958
69,354,23.822655,38.032577
69,355,23.823025,38.032256
69,356,23.830725,38.026176
69,357,23.831804,38.025585
69,358,23.832855,38.024925
69,359,23.833265,38.024943
69,360,23.833866,38.025802
69,361,23.834427,38.026424
69,362,23.835487,38.026924
69,363,23.837387,38.025993
69,364,23.838368,38.026832
69,365,23.840927,38.025691
69,366,23.840857,38.025451
69,367,23.840206,38.0251
69,368,23.842016,38.025721
69,369,23.843907,38.025992
69,370,23.847717,38.025184
69,371,23.849058,38.024944
69,372,23.849558,38.025333
69,373,23.849838,38.025741
69,374,23.850098,38.026141
69,375,23.853077,38.025352
69,376,23.856938,38.024383
69,377,23.859618,38.024284
69,378,23.859228,38.027293
69,379,23.860647,38.027645
69,380,23.862818,38.027614
69,381,23.863557,38.028632
69,382,23.863308,38.028751
69,383,23.863277,38.028712
69,384,23.863588,38.028613
69,385,23.863767,38.028533
69,386,23.862757,38.027583
69,387,23.860697,38.027652
69,388,23.859277,38.02777
69,389,23.859259,38.026709
69,390,23.85949,38.024471
69,391,23.859659,38.02304
69,392,23.860069,38.021079
69,393,23.860189,38.017279
69,394,23.860189,38.01358
69,395,23.85906,38.01187
69,396,23.85754,38.011119
69,397,23.857361,38.009399
69,398,23.85758,38.008147
69,399,23.857401,38.007987
69,400,23.857401,38.007987
69,401,23.858271,38.007605
69,402,23.86012,38.007346
69,403,23.861761,38.007045
69,404,23.862041,38.005435
69,405,23.861422,38.003455
69,406,23.861811,38.001144
69,407,23.862211,37.999923
69,408,23.865511,37.998534
69,409,23.86981,37.996135
69,410,23.87343,37.993755
69,411,23.875651,37.991825
69,412,23.879021,37.989653
69,413,23.880701,37.989513
69,414,23.881302,37.990233
69,415,23.881342,37.990222
69,416,23.881243,37.990001
69,417,23.881252,37.990032
69,418,23.881092,37.989741
69,419,23.880571,37.989272
69,420,23.880151,37.989081
69,421,23.878851,37.98981
69,422,23.876612,37.991271
69,423,23.874952,37.992579
69,424,23.876161,37.994331
69,425,23.875951,37.996612
69,426,23.875051,37.996212
69,427,23.873082,37.995692
69,428,23.870562,37.996162
69,429,23.870262,37.996021
69,430,23.868302,37.997013
69,431,23.865261,37.998633
69,432,23.861802,38.000083
69,433,23.858422,38.002204
69,434,23.857881,38.003493
69,435,23.858162,38.006084
69,436,23.858221,38.006354
69,437,23.85823,38.006366
69,438,23.858381,38.006854
69,439,23.858391,38.006904
69,440,23.858461,38.007102
69,441,23.858492,38.007243
69,442,23.858492,38.007255
69,443,23.859062,38.007453
69,444,23.860372,38.007274
69,445,23.860592,38.007415
69,446,23.860872,38.009043
69,447,23.861152,38.011012
69,448,23.860332,38.012664
69,449,23.860373,38.014735
69,450,23.860372,38.017646
69,451,23.860412,38.019718
69,452,23.860373,38.020186
69,453,23.860073,38.021968
69,454,23.859632,38.023749
69,455,23.859614,38.023841
69,456,23.857674,38.024242
69,457,23.854213,38.024982
69,458,23.850723,38.026122
69,459,23.850584,38.026161
69,460,23.849193,38.026622
69,461,23.846184,38.028011
69,462,23.844324,38.028991
69,463,23.843753,38.02801
69,464,23.842674,38.02737
69,465,23.840204,38.02843
69,466,23.838255,38.029281
69,467,23.837654,38.029552
69,468,23.837635,38.029552
69,469,23.836925,38.029281
69,470,23.836485,38.028659
69,471,23.835445,38.027358
69,472,23.834135,38.026149
69,473,23.834045,38.026031
69,474,23.833725,38.025489
69,475,23.833435,38.025027
69,476,23.832754,38.025169
69,477,23.831983,38.025478
69,478,23.830895,38.026046
69,479,23.830475,38.026275
69,480,23.823215,38.032734
69,481,23.822725,38.033195
69,482,23.822586,38.033355
69,483,23.822846,38.032893
69,484,23.822956,38.032832
69,485,23.822956,38.032851
69,486,23.823116,38.03271
69,487,23.822966,38.032328
69,488,23.831035,38.025977
69,489,23.832096,38.025428
69,490,23.832906,38.024898
69,491,23.833597,38.0252
69,492,23.834417,38.026378
69,493,23.835058,38.027027
69,494,23.836208,38.028335
69,495,23.837368,38.028205
69,496,23.839548,38.027324
69,497,23.842098,38.026122
69,498,23.842999,38.02661
69,499,23.845588,38.02552
69,500,23.848817,38.025058
69,501,23.848978,38.025027
69,502,23.848919,38.024429
69,503,23.848349,38.0233
69,504,23.847099,38.021358
69,505,23.847969,38.020877
69,506,23.850139,38.020839
69,507,23.850359,38.021247
69,508,23.850418,38.021038
69,509,23.850627,38.020667
69,510,23.851599,38.018478
69,511,23.853399,38.014507
69,512,23.8552,38.011058
69,513,23.85715,38.009677
69,514,23.858189,38.008846
69,515,23.857578,38.007766
69,516,23.858997,38.007514
69,517,23.862547,38.006954
69,518,23.866658,38.006114
69,519,23.869296,38.005634
69,520,23.872867,38.004985
69,521,23.873388,38.004844
69,522,23.874458,38.004462
69,523,23.876308,38.003974
69,524,23.877619,38.003814
69,525,23.878358,38.003906
69,526,23.879319,38.003906
69,527,23.880509,38.003894
69,528,23.881428,38.003944
69,529,23.883448,38.003654
69,530,23.886568,38.004054
69,531,23.886827,38.003894
69,532,23.886886,38.003864
69,533,23.886556,38.003715
69,534,23.886205,38.003936
69,535,23.882786,38.003825
69,536,23.880846,38.003825
69,537,23.880717,38.002807
69,538,23.880146,37.999667
69,539,23.881046,37.995109
69,540,23.882156,37.99105
69,541,23.881296,37.990329
69,542,23.881305,37.990218
69,543,23.881405,37.990077
69,544,23.881306,37.990066
69,545,23.881466,37.990226
69,546,23.881466,37.990237
69,547,23.881906,37.990607
69,548,23.882117,37.990787
69,549,23.881966,37.991656
69,550,23.881405,37.993697
69,551,23.880685,37.996326
69,552,23.880165,37.999034
69,553,23.880606,38.001563
69,554,23.880686,38.002372
69,555,23.880667,38.002704
69,556,23.880667,38.002822
69,557,23.880666,38.003013
69,558,23.880686,38.003131
69,559,23.880704,38.003432
69,560,23.880724,38.003562
69,561,23.879645,38.003772
69,562,23.878516,38.003852
69,563,23.876005,38.004104
69,564,23.874515,38.004645
69,565,23.875406,38.005195
69,566,23.876716,38.005676
69,567,23.877016,38.006176
69,568,23.877646,38.006977
69,569,23.878335,38.007438
69,570,23.878866,38.007358
69,571,23.879397,38.007778
69,572,23.879467,38.007907
69,573,23.879476,38.007945
69,574,23.879596,38.008266
69,575,23.879596,38.008125
69,576,23.879498,38.007934
69,577,23.878909,38.007323
69,578,23.878708,38.007312
69,579,23.878788,38.007083
69,580,23.878748,38.006733
69,581,23.878689,38.006454
69,582,23.878439,38.006694
69,583,23.878029,38.006805
69,584,23.87789,38.006793
69,585,23.877529,38.006843
69,586,23.877309,38.006591
69,587,23.877309,38.006602
69,588,23.87707,38.006202
69,589,23.876469,38.005771
69,590,23.874619,38.004771
69,591,23.874479,38.004592
69,592,23.875339,38.004272
69,593,23.878479,38.00389
69,594,23.879268,38.003879
69,595,23.880049,38.00389
69,596,23.880598,38.003859
69,597,23.880657,38.003421
69,598,23.880457,38.00106
69,599,23.880728,37.996199
69,600,23.881937,37.991889
69,601,23.881496,37.990428
69,602,23.881317,37.990237
69,603,23.881317,37.990119
69,604,23.881607,37.99023
69,605,23.881687,37.99034
69,606,23.881706,37.99034
69,607,23.882017,37.990551
69,608,23.882196,37.990749
69,609,23.881986,37.991748
69,610,23.881367,37.993979
69,611,23.880596,37.996742
69,612,23.880207,37.99948
69,613,23.880727,38.001971
69,614,23.880827,38.002792
69,615,23.880836,38.002921
69,616,23.880855,38.00312
69,617,23.880855,38.003212
69,618,23.880865,38.003383
69,619,23.880856,38.003475
69,620,23.880005,38.003726
69,621,23.877155,38.003726
69,622,23.874105,38.004528
69,623,23.871866,38.005489
69,624,23.872017,38.007499
69,625,23.870956,38.0083
69,626,23.870966,38.008369
69,627,23.870876,38.00925
69,628,23.870975,38.01083
69,629,23.870455,38.010909
69,630,23.869844,38.010959
69,631,23.868885,38.011077
69,632,23.868416,38.012008
69,633,23.868407,38.012118
69,634,23.868356,38.012397
69,635,23.868137,38.013228
69,636,23.867838,38.014118
69,637,23.867227,38.015369
69,638,23.866777,38.016299
69,639,23.866237,38.01683
69,640,23.866167,38.016948
69,641,23.866167,38.017009
69,642,23.865867,38.017299
69,643,23.865279,38.017719
69,644,23.864998,38.017959
69,645,23.864098,38.018631
69,646,23.862716,38.019489
69,647,23.861267,38.020179
69,648,23.860808,38.02032
69,649,23.860427,38.020309
69,650,23.861368,38.019477
69,651,23.862567,38.018829
69,652,23.864499,38.01752
69,653,23.864917,38.017189
69,654,23.865118,38.016936
69,655,23.864838,38.017115
69,656,23.864258,38.017665
69,657,23.863188,38.018485
69,658,23.861948,38.019236
69,659,23.860369,38.019957
69,660,23.8592,38.020518
69,661,23.85743,38.020926
69,662,23.8554,38.021217
69,663,23.85356,38.021457
69,664,23.85235,38.021617
69,665,23.85099,38.021815
69,666,23.84976,38.021988
69,667,23.848379,38.022056
69,668,23.847068,38.022254
69,669,23.845548,38.022483
69,670,23.844109,38.022704
69,671,23.842748,38.022753
69,672,23.841919,38.022964
69,673,23.841459,38.023013
69,674,23.84107,38.023113
69,675,23.84107,38.023082
69,676,23.841209,38.023033
69,677,23.841139,38.023063
69,678,23.841278,38.023074
69,679,23.841969,38.022903
69,680,23.842859,38.022743
69,681,23.84294,38.022723
69,682,23.842949,38.022685
69,683,23.843189,38.022686
69,684,23.844299,38.022624
69,685,23.845499,38.022434
69,686,23.847059,38.022193
69,687,23.848169,38.022193
69,688,23.84923,38.022002
69,689,23.850189,38.021811
69,690,23.85149,38.021762
69,691,23.85309,38.021564
69,692,23.8545,38.021324
69,693,23.8576,38.020892
69,694,23.858169,38.020774
69,695,23.855919,38.021163
69,696,23.853048,38.021582
69,697,23.850729,38.021823
69,698,23.851029,38.021731
69,699,23.852409,38.021453
69,700,23.85467,38.021072
69,701,23.85862,38.020401
69,702,23.86026,38.019962
69,703,23.860491,38.020369
69,704,23.862261,38.019599
69,705,23.864141,38.018489
69,706,23.865511,38.01733
69,707,23.86643,38.016449
69,708,23.867812,38.01746
69,709,23.870402,38.017841
69,710,23.872051,38.017131
69,711,23.87152,38.013813
69,712,23.870972,38.010421
69,713,23.87206,38.007251
69,714,23.871771,38.005462
69,715,23.871771,38.005451
69,716,23.871752,38.00526
69,717,23.874402,38.00444
69,718,23.878212,38.003779
69,719,23.881372,38.003761
69,720,23.885372,38.003669
69,721,23.889723,38.00434
69,722,23.893043,38.004271
69,723,23.897622,38.00344
69,724,23.903713,38.00265
69,725,23.909283,38.002491
69,726,23.912952,38.000129
69,727,23.919101,37.998378
69,728,23.925472,37.997668
69,729,23.931754,37.998527
69,730,23.937412,38.000785
69,731,23.941402,38.002075
69,732,23.946111,38.003573
69,733,23.951132,38.005145
69,734,23.956183,38.006687
69,735,23.961372,38.008018
69,736,23.966543,38.009098
69,737,23.971603,38.010879
69,738,23.976075,38.013797
69,739,23.978415,38.017207
69,740,23.979885,38.018039
69,741,23.979925,38.018058
69,742,23.980946,38.019339
69,743,23.982596,38.02209
69,744,23.983045,38.025501
69,745,23.982765,38.029139
69,746,23.984656,38.033168
69,747,23.989136,38.036628
69,748,23.989986,38.041388
69,749,23.988407,38.045627
69,750,23.987297,38.049858
69,751,23.984667,38.053886
69,752,23.982767,38.058925
69,753,23.981778,38.063666
69,754,23.982147,38.068428
69,755,23.982557,38.072818
69,756,23.982028,38.076728
69,757,23.981296,38.078887
69,758,23.981146,38.078826
69,759,23.981075,38.079036
69,760,23.981174,38.078895
69,761,23.981174,38.078895
