7,1,23.841163,38.130904
7,2,23.841123,38.130893
7,3,23.840945,38.131144
7,4,23.840885,38.131206
7,5,23.840545,38.131667
7,6,23.839685,38.131705
7,7,23.838766,38.129874
7,8,23.836995,38.126094
7,9,23.834415,38.122196
7,10,23.830934,38.118575
7,11,23.828523,38.116287
7,12,23.826734,38.114486
7,13,23.823993,38.111804
7,14,23.820784,38.108776
7,15,23.817653,38.105464
7,16,23.816833,38.103595
7,17,23.816584,38.103026
7,18,23.816544,38.103026
7,19,23.816284,38.102748
7,20,23.816214,38.10271
7,21,23.816194,38.102699
7,22,23.814884,38.10229
7,23,23.812954,38.101291
7,24,23.811233,38.09949
7,25,23.810564,38.098659
7,26,23.810274,38.097758
7,27,23.810234,38.097587
7,28,23.809923,38.096595
7,29,23.809873,38.096477
7,30,23.809383,38.094627
7,31,23.808974,38.092524
7,32,23.808874,38.091384
7,33,23.809013,38.090583
7,34,23.809022,38.090423
7,35,23.809093,38.089961
7,36,23.809245,38.08921
7,37,23.809423,38.088031
7,38,23.809544,38.087291
7,39,23.810613,38.085082
7,40,23.808942,38.082603
7,41,23.807472,38.083163
7,42,23.806313,38.083045
7,43,23.805723,38.082454
7,44,23.805754,38.082404
7,45,23.805824,38.082206
7,46,23.805655,38.082298
7,47,23.805774,38.082446
7,48,23.805784,38.082447
7,49,23.806434,38.082915
7,50,23.807134,38.084277
7,51,23.807205,38.085616
7,52,23.807335,38.086337
7,53,23.809434,38.086417
7,54,23.809453,38.086959
7,55,23.809204,38.088767
7,56,23.808744,38.091876
7,57,23.809425,38.095114
7,58,23.809975,38.096923
7,59,23.811825,38.100104
7,60,23.815155,38.102263
7,61,23.816105,38.102553
7,62,23.817845,38.105933
7,63,23.821544,38.109511
7,64,23.825305,38.113071
7,65,23.828465,38.116229
7,66,23.831865,38.119571
7,67,23.835754,38.123652
7,68,23.838005,38.128364
7,69,23.839936,38.131885
7,70,23.840885,38.131324
7,71,23.840916,38.131313
7,72,23.841006,38.130943
7,73,23.841086,38.130924
7,74,23.841095,38.130893
7,75,23.840694,38.131622
7,76,23.839763,38.131843
7,77,23.838515,38.129432
7,78,23.836503,38.125212
7,79,23.832973,38.120841
7,80,23.829403,38.117221
7,81,23.829223,38.116381
7,82,23.828964,38.114902
7,83,23.827074,38.11288
7,84,23.825893,38.110561
7,85,23.825773,38.10939
7,86,23.825884,38.107478
7,87,23.826023,38.105167
7,88,23.825764,38.102725
7,89,23.825443,38.100814
7,90,23.825243,38.099754
7,91,23.824734,38.098903
7,92,23.824053,38.096614
7,93,23.822622,38.093643
7,94,23.821842,38.092414
7,95,23.821512,38.091895
7,96,23.821333,38.091666
7,97,23.821043,38.091415
7,98,23.820543,38.091113
7,99,23.820044,38.090572
7,100,23.819673,38.090171
7,101,23.819483,38.08998
7,102,23.818273,38.089122
7,103,23.817574,38.088343
7,104,23.817515,38.088264
7,105,23.818535,38.086925
7,106,23.818726,38.083995
7,107,23.819736,38.080257
7,108,23.820285,38.078578
7,109,23.820735,38.077338
7,110,23.821035,38.075839
7,111,23.820986,38.075149
7,112,23.820616,38.071769
7,113,23.820905,38.068828
7,114,23.821294,38.066859
7,115,23.823984,38.066688
7,116,23.826513,38.066177
7,117,23.825643,38.063628
7,118,23.824953,38.061557
7,119,23.822193,38.059516
7,120,23.819813,38.057826
7,121,23.818512,38.056525
7,122,23.819372,38.055007
7,123,23.817611,38.053516
7,124,23.816442,38.052776
7,125,23.814802,38.052715
7,126,23.814401,38.051814
7,127,23.815292,38.050143
7,128,23.816862,38.048133
7,129,23.818281,38.046222
7,130,23.817881,38.045371
7,131,23.816302,38.04475
7,132,23.815271,38.04436
7,133,23.815,38.044719
7,134,23.814901,38.04478
7,135,23.814861,38.04478
7,136,23.814821,38.044699
7,137,23.814821,38.044699
7,138,23.815022,38.044349
7,139,23.816551,38.044749
7,140,23.818521,38.045501
7,141,23.81726,38.047442
7,142,23.815331,38.049663
7,143,23.814721,38.050792
7,144,23.81531,38.051754
7,145,23.816249,38.052524
7,146,23.8174,38.053344
7,147,23.819349,38.054713
7,148,23.82152,38.056613
7,149,23.819929,38.057834
7,150,23.822128,38.059345
7,151,23.825068,38.061645
7,152,23.825857,38.064224
7,153,23.826548,38.066325
7,154,23.822908,38.066657
7,155,23.821049,38.067199
7,156,23.820869,38.07019
7,157,23.820989,38.073691
7,158,23.82083,38.076911
7,159,23.8207,38.0774
7,160,23.820179,38.078991
7,161,23.819168,38.082359
7,162,23.818758,38.085738
7,163,23.820109,38.085567
7,164,23.821789,38.084937
7,165,23.822458,38.085856
7,166,23.823548,38.086558
7,167,23.823927,38.08781
7,168,23.823837,38.090121
7,169,23.823127,38.09061
7,170,23.821947,38.091739
7,171,23.822967,38.093731
7,172,23.823868,38.095729
7,173,23.824618,38.098357
7,174,23.827807,38.101645
7,175,23.831597,38.104625
7,176,23.832787,38.106006
7,177,23.830467,38.107906
7,178,23.827917,38.109256
7,179,23.825996,38.109958
7,180,23.826776,38.11198
7,181,23.828528,38.114189
7,182,23.829338,38.11652
7,183,23.830137,38.11774
7,184,23.834498,38.122199
7,185,23.837718,38.127719
7,186,23.839996,38.131839
7,187,23.840876,38.131209
7,188,23.841066,38.130958
7,189,23.841085,38.130958
7,190,23.840986,38.130878
7,191,23.840887,38.130767
7,192,23.840967,38.130767
7,193,23.841057,38.131038
7,194,23.840997,38.131107
7,195,23.840637,38.131446
7,196,23.840588,38.131465
7,197,23.840597,38.131526
7,198,23.840736,38.131415
7,199,23.840916,38.131274
7,200,23.840974,38.131213
7,201,23.841225,38.131514
