70,1,23.981033,38.078811
70,2,23.981373,38.077979
70,3,23.982763,38.075179
70,4,23.982374,38.071521
70,5,23.982084,38.06768
70,6,23.981764,38.064071
70,7,23.982444,38.059711
70,8,23.984234,38.055103
70,9,23.986873,38.050681
70,10,23.988274,38.0461
70,11,23.989904,38.04153
70,12,23.989275,38.036978
70,13,23.984874,38.033908
70,14,23.983995,38.03133
70,15,23.982216,38.027351
70,16,23.982675,38.022639
70,17,23.980674,38.019069
70,18,23.980165,38.01847
70,19,23.977785,38.016151
70,20,23.974846,38.012999
70,21,23.969906,38.010581
70,22,23.964176,38.00814
70,23,23.958857,38.007419
70,24,23.954607,38.00611
70,25,23.951847,38.005462
70,26,23.948517,38.004421
70,27,23.945797,38.003589
70,28,23.943527,38.002868
70,29,23.941958,38.002406
70,30,23.941498,38.002258
70,31,23.941489,38.002246
70,32,23.941609,38.001766
70,33,23.941668,37.999244
70,34,23.940477,37.995426
70,35,23.939278,37.991134
70,36,23.936028,37.987365
70,37,23.934766,37.982806
70,38,23.934206,37.977855
70,39,23.931566,37.973666
70,40,23.927796,37.970535
70,41,23.924385,37.967384
70,42,23.922886,37.966392
70,43,23.922757,37.966312
70,44,23.922486,37.96614
70,45,23.922476,37.966129
70,46,23.921676,37.966068
70,47,23.918497,37.966846
70,48,23.914026,37.967937
70,49,23.909046,37.968238
70,50,23.905886,37.969547
70,51,23.905275,37.971927
70,52,23.902345,37.975787
70,53,23.897486,37.978889
70,54,23.893055,37.98175
70,55,23.890255,37.98368
70,56,23.888026,37.985041
70,57,23.885906,37.98622
70,58,23.881666,37.988189
70,59,23.880366,37.98899
70,60,23.881034,37.989589
70,61,23.881225,37.98983
70,62,23.881315,37.989978
70,63,23.881275,37.989978
70,64,23.881096,37.989768
70,65,23.880467,37.989138
70,66,23.880377,37.98907
70,67,23.880278,37.989001
70,68,23.880067,37.98904
70,69,23.878347,37.990069
70,70,23.875847,37.991729
70,71,23.875326,37.99301
70,72,23.876206,37.99504
70,73,23.875524,37.996638
70,74,23.873774,37.995201
70,75,23.870693,37.996082
70,76,23.870433,37.995963
70,77,23.870193,37.995944
70,78,23.868204,37.997004
70,79,23.865315,37.998553
70,80,23.862024,37.999935
70,81,23.858743,38.001975
70,82,23.857473,38.002635
70,83,23.856024,38.003364
70,84,23.854904,38.004123
70,85,23.854293,38.005252
70,86,23.853505,38.007282
70,87,23.853535,38.008632
70,88,23.854055,38.008723
70,89,23.855015,38.008525
70,90,23.855854,38.008304
70,91,23.856363,38.008723
70,92,23.856715,38.009032
70,93,23.856814,38.009094
70,94,23.857014,38.009303
70,95,23.857124,38.009421
70,96,23.857143,38.009471
70,97,23.857253,38.009563
70,98,23.858514,38.010234
70,99,23.859456,38.011264
70,100,23.860145,38.012862
70,101,23.860256,38.015063
70,102,23.860336,38.017734
70,103,23.860385,38.019595
70,104,23.860386,38.019866
70,105,23.860207,38.021148
70,106,23.860108,38.02177
70,107,23.859687,38.0236
70,108,23.859697,38.025642
70,109,23.859287,38.0283
70,110,23.859197,38.030731
70,111,23.857717,38.031432
70,112,23.857227,38.031593
70,113,23.856928,38.031673
70,114,23.856749,38.032393
70,115,23.857048,38.033744
70,116,23.855179,38.035156
70,117,23.852499,38.037516
70,118,23.849988,38.040206
70,119,23.84668,38.042377
70,120,23.84298,38.044517
70,121,23.83988,38.046405
70,122,23.839769,38.046486
70,123,23.839489,38.046714
70,124,23.839878,38.047916
70,125,23.839788,38.049285
70,126,23.839749,38.049766
70,127,23.839689,38.050296
70,128,23.83968,38.050414
70,129,23.839559,38.051013
70,130,23.839519,38.051105
70,131,23.838339,38.051444
70,132,23.836668,38.051192
70,133,23.835477,38.051155
70,134,23.835459,38.051185
70,135,23.834808,38.051173
70,136,23.834758,38.051062
70,137,23.834729,38.051082
70,138,23.834777,38.051131
70,139,23.835077,38.05115
70,140,23.835087,38.0512
70,141,23.835577,38.051249
70,142,23.835637,38.051219
70,143,23.835556,38.051028
70,144,23.835516,38.050818
70,145,23.835496,38.050678
70,146,23.835438,38.050468
70,147,23.835437,38.050086
70,148,23.835509,38.050266
70,149,23.835549,38.050815
70,150,23.835548,38.050926
70,151,23.836338,38.051044
70,152,23.838568,38.051475
70,153,23.839518,38.049957
70,154,23.839638,38.048965
70,155,23.839438,38.047103
70,156,23.839397,38.047023
70,157,23.839237,38.046722
70,158,23.839978,38.04618
70,159,23.842416,38.044661
70,160,23.843517,38.044143
70,161,23.846628,38.042281
70,162,23.847189,38.042011
70,163,23.84886,38.041019
70,164,23.85175,38.038089
70,165,23.855529,38.034801
70,166,23.856831,38.03292
70,167,23.85728,38.031569
70,168,23.859149,38.029628
70,169,23.859619,38.025699
70,170,23.859499,38.02415
70,171,23.859718,38.022899
70,172,23.860328,38.019679
70,173,23.860248,38.015529
70,174,23.860048,38.012329
70,175,23.858198,38.011959
70,176,23.857428,38.0102
70,177,23.858158,38.008929
70,178,23.857939,38.008597
70,179,23.857649,38.008147
70,180,23.857639,38.008136
70,181,23.857489,38.007957
70,182,23.858118,38.007598
70,183,23.860647,38.007209
70,184,23.861887,38.006248
70,185,23.861986,38.004516
70,186,23.861425,38.002685
70,187,23.862135,38.000144
70,188,23.862805,37.999675
70,189,23.866264,37.998085
70,190,23.869493,37.996223
70,191,23.871803,37.995471
70,192,23.874123,37.992862
70,193,23.877823,37.990382
70,194,23.880413,37.989162
70,195,23.881233,37.99002
70,196,23.881233,37.990032
70,197,23.881252,37.990142
70,198,23.881332,37.990123
70,199,23.881283,37.990112
70,200,23.881224,37.990043
70,201,23.881143,37.989821
70,202,23.881134,37.989821
70,203,23.880834,37.989544
70,204,23.880234,37.989001
70,205,23.879293,37.989471
70,206,23.877163,37.990832
70,207,23.875004,37.99235
70,208,23.875923,37.99385
70,209,23.875972,37.996231
70,210,23.874883,37.995891
70,211,23.872984,37.995669
70,212,23.870424,37.996078
70,213,23.870415,37.996078
70,214,23.870164,37.996028
70,215,23.868075,37.997119
70,216,23.865055,37.998718
70,217,23.861975,37.999957
70,218,23.858774,38.001925
70,219,23.856674,38.002986
70,220,23.854904,38.003856
70,221,23.854163,38.005306
70,222,23.853374,38.007594
70,223,23.853535,38.008705
70,224,23.853654,38.008796
70,225,23.853155,38.008975
70,226,23.850735,38.009414
70,227,23.847756,38.009933
70,228,23.844795,38.010402
70,229,23.842275,38.01068
70,230,23.839096,38.01134
70,231,23.835766,38.012801
70,232,23.832515,38.013511
70,233,23.829845,38.013972
70,234,23.826286,38.014003
70,235,23.823835,38.013892
70,236,23.823435,38.013881
70,237,23.820946,38.01374
70,238,23.818306,38.01451
70,239,23.815706,38.01562
70,240,23.815317,38.015861
70,241,23.812917,38.016792
70,242,23.811228,38.017512
70,243,23.810287,38.017883
70,244,23.810087,38.017932
70,245,23.809377,38.01821
70,246,23.809298,38.01823
70,247,23.808298,38.018611
70,248,23.808288,38.018611
70,249,23.806948,38.018951
70,250,23.804009,38.01839
70,251,23.801079,38.01781
70,252,23.801029,38.017799
70,253,23.799759,38.017627
70,254,23.798729,38.017455
70,255,23.797588,38.017425
70,256,23.7972,38.017493
70,257,23.797159,38.017505
70,258,23.797079,38.017505
70,259,23.79665,38.017635
70,260,23.796631,38.017604
70,261,23.796251,38.017745
70,262,23.79622,38.017734
70,263,23.79587,38.017962
70,264,23.79439,38.016833
70,265,23.79253,38.015945
70,266,23.79129,38.015624
70,267,23.788721,38.013984
70,268,23.786071,38.012054
70,269,23.784632,38.010814
70,270,23.786302,38.010173
70,271,23.786482,38.009502
70,272,23.785912,38.00933
70,273,23.785271,38.009571
70,274,23.785311,38.009571
70,275,23.785311,38.00954
70,276,23.784882,38.009361
70,277,23.784783,38.009398
70,278,23.784783,38.009398
70,279,23.784763,38.009147
70,280,23.783364,38.009616
70,281,23.783163,38.009707
70,282,23.783163,38.009707
70,283,23.783382,38.010066
70,284,23.786361,38.012237
70,285,23.789152,38.014308
70,286,23.791443,38.015567
70,287,23.793084,38.016215
70,288,23.794403,38.016894
70,289,23.795254,38.017543
70,290,23.795344,38.017581
70,291,23.795383,38.017581
70,292,23.796633,38.017402
70,293,23.799362,38.017364
70,294,23.801693,38.017715
70,295,23.804782,38.018386
70,296,23.806223,38.018687
70,297,23.808832,38.018176
70,298,23.810822,38.017387
70,299,23.811592,38.017096
70,300,23.812042,38.016918
70,301,23.812442,38.016757
70,302,23.812803,38.016616
70,303,23.813034,38.016524
70,304,23.813244,38.016445
70,305,23.813253,38.016445
70,306,23.814234,38.016063
70,307,23.814393,38.016013
70,308,23.814493,38.015982
