71,1,23.840704,38.131633
71,2,23.839684,38.131683
71,3,23.838173,38.128654
71,4,23.836343,38.124843
71,5,23.833263,38.121062
71,6,23.830192,38.11875
71,7,23.828392,38.116851
71,8,23.825401,38.114081
71,9,23.823681,38.112902
71,10,23.821521,38.110022
71,11,23.817352,38.106002
71,12,23.811693,38.102943
71,13,23.805453,38.100463
71,14,23.799291,38.098083
71,15,23.793963,38.095302
71,16,23.791233,38.091941
71,17,23.789704,38.091479
71,18,23.789422,38.09135
71,19,23.787634,38.091522
71,20,23.786864,38.091213
71,21,23.786223,38.090861
71,22,23.785861,38.0908
71,23,23.785751,38.09082
71,24,23.78518,38.09082
71,25,23.784361,38.09082
71,26,23.783781,38.0909
71,27,23.783482,38.091029
71,28,23.782443,38.09156
71,29,23.781812,38.091758
71,30,23.781023,38.091789
71,31,23.779944,38.091609
71,32,23.779185,38.091437
71,33,23.778465,38.091197
71,34,23.777535,38.091025
71,35,23.777204,38.091037
71,36,23.776245,38.091326
71,37,23.775934,38.091567
71,38,23.775564,38.091857
71,39,23.774894,38.092288
71,40,23.774885,38.092288
71,41,23.774194,38.092597
71,42,23.771296,38.092418
71,43,23.768135,38.09201
71,44,23.763735,38.091442
71,45,23.761964,38.091201
71,46,23.761364,38.09114
71,47,23.761083,38.091071
71,48,23.760294,38.09077
71,49,23.760285,38.090781
71,50,23.759775,38.090583
71,51,23.759404,38.090423
71,52,23.759404,38.090423
71,53,23.758326,38.090015
71,54,23.755927,38.091724
71,55,23.752986,38.093845
71,56,23.749986,38.096015
71,57,23.746718,38.098415
71,58,23.743007,38.101097
71,59,23.741956,38.101867
71,60,23.740446,38.100215
71,61,23.739096,38.096725
71,62,23.738085,38.097575
71,63,23.735114,38.097667
71,64,23.731475,38.097606
71,65,23.731146,38.097606
71,66,23.727396,38.097926
71,67,23.724676,38.097285
71,68,23.724797,38.094584
71,69,23.725996,38.091933
71,70,23.726726,38.088493
71,71,23.725736,38.085131
71,72,23.725907,38.083171
71,73,23.723266,38.080291
71,74,23.720367,38.08042
71,75,23.715138,38.080062
71,76,23.710737,38.079833
71,77,23.709966,38.079574
71,78,23.708517,38.077254
71,79,23.706917,38.074745
71,80,23.705166,38.075366
71,81,23.702615,38.077045
71,82,23.700956,38.077033
71,83,23.697556,38.076103
71,84,23.694925,38.075343
71,85,23.692985,38.074973
71,86,23.691644,38.074115
71,87,23.691385,38.072406
71,88,23.690695,38.071597
71,89,23.689985,38.071449
71,90,23.689146,38.071178
71,91,23.687436,38.071048
71,92,23.683984,38.070518
71,93,23.680845,38.069617
71,94,23.677376,38.068538
71,95,23.674505,38.067798
71,96,23.670616,38.066059
71,97,23.666836,38.06335
71,98,23.663126,38.060951
71,99,23.658145,38.060599
71,100,23.653736,38.06129
71,101,23.649317,38.062511
71,102,23.644417,38.063602
71,103,23.640617,38.063991
71,104,23.635828,38.06481
71,105,23.631378,38.065722
71,106,23.626328,38.066741
71,107,23.621197,38.06779
71,108,23.618116,38.06803
71,109,23.616416,38.06586
71,110,23.616346,38.065799
71,111,23.616346,38.065799
71,112,23.614626,38.06454
71,113,23.611037,38.062888
71,114,23.609207,38.06261
71,115,23.607206,38.061939
71,116,23.605245,38.061729
71,117,23.603905,38.06211
71,118,23.603384,38.0633
71,119,23.603624,38.064269
71,120,23.603344,38.063991
71,121,23.603655,38.06314
71,122,23.604694,38.062861
71,123,23.605645,38.062664
71,124,23.605385,38.062674
71,125,23.604176,38.062995
71,126,23.603306,38.063415
71,127,23.604065,38.063613
71,128,23.604965,38.063502
71,129,23.605875,38.063342
71,130,23.606886,38.062934
71,131,23.606756,38.062602
71,132,23.605906,38.062843
71,133,23.605807,38.06288
71,134,23.605787,38.06288
71,135,23.606327,38.06277
71,136,23.606387,38.062709
71,137,23.606775,38.062328
71,138,23.606605,38.061946
71,139,23.606624,38.061958
71,140,23.606615,38.061939
71,141,23.607895,38.062198
71,142,23.609335,38.062358
71,143,23.607795,38.061267
71,144,23.605045,38.058047
71,145,23.603105,38.056228
71,146,23.599736,38.056297
71,147,23.598175,38.056468
71,148,23.596355,38.055797
71,149,23.593935,38.054076
71,150,23.590545,38.054855
71,151,23.588036,38.055343
71,152,23.587515,38.055103
71,153,23.587234,38.054233
71,154,23.586445,38.051113
71,155,23.585485,38.047401
71,156,23.584606,38.043849
71,157,23.584586,38.043708
71,158,23.582027,38.044589
71,159,23.576377,38.04713
71,160,23.570559,38.0493
71,161,23.564349,38.050051
71,162,23.558427,38.049922
71,163,23.552708,38.048121
71,164,23.548437,38.046123
71,165,23.548606,38.045604
71,166,23.548696,38.045314
71,167,23.548696,38.045295
71,168,23.548946,38.045165
71,169,23.548558,38.045375
71,170,23.548507,38.045375
71,171,23.548408,38.045394
71,172,23.548439,38.045382
71,173,23.548439,38.045413
71,174,23.548439,38.045413
71,175,23.548439,38.045402
71,176,23.550058,38.042342
71,177,23.550768,38.039172
71,178,23.550378,38.037982
71,179,23.550819,38.040771
71,180,23.549039,38.0447
71,181,23.548759,38.045391
71,182,23.548759,38.045402
71,183,23.548559,38.04581
71,184,23.547939,38.046668
71,185,23.546851,38.048309
71,186,23.548031,38.05075
71,187,23.545221,38.05064
71,188,23.542542,38.0526
71,189,23.535791,38.054592
71,190,23.528511,38.055633
71,191,23.522751,38.056453
71,192,23.517771,38.057101
71,193,23.51822,38.05862
71,194,23.516322,38.061011
71,195,23.514191,38.06367
71,196,23.513331,38.064731
71,197,23.512251,38.067001
71,198,23.51054,38.070712
71,199,23.511181,38.072212
71,200,23.513601,38.073672
71,201,23.514082,38.074043
71,202,23.514152,38.073932
71,203,23.514211,38.073962
71,204,23.514692,38.073863
71,205,23.515173,38.073722
71,206,23.514153,38.074062
71,207,23.512573,38.072662
71,208,23.509963,38.072254
71,209,23.510984,38.069774
71,210,23.512724,38.065974
71,211,23.514904,38.062786
71,212,23.517333,38.060035
71,213,23.518333,38.058174
71,214,23.517174,38.057262
71,215,23.517334,38.05733
71,216,23.517524,38.057392
71,217,23.518324,38.058459
71,218,23.518225,38.059688
71,219,23.521574,38.060878
71,220,23.525793,38.060958
71,221,23.527483,38.060088
71,222,23.528612,38.05915
71,223,23.531082,38.058341
71,224,23.532982,38.0582
71,225,23.533432,38.057239
71,226,23.533872,38.056259
71,227,23.534412,38.054939
71,228,23.535942,38.054328
71,229,23.541752,38.052966
71,230,23.546651,38.048477
71,231,23.552511,38.047267
71,232,23.55647,38.048946
71,233,23.560992,38.050135
71,234,23.565271,38.049834
71,235,23.569342,38.049426
71,236,23.572782,38.048365
71,237,23.572763,38.048136
71,238,23.572782,38.048137
71,239,23.572583,38.047996
71,240,23.572641,38.047935
71,241,23.572971,38.048274
71,242,23.574871,38.047584
71,243,23.579541,38.045406
71,244,23.58333,38.043487
71,245,23.584169,38.043079
71,246,23.58515,38.044868
71,247,23.58593,38.047976
71,248,23.586821,38.051517
71,249,23.58756,38.054355
71,250,23.588421,38.055145
71,251,23.591461,38.054545
71,252,23.593802,38.054027
71,253,23.595512,38.054927
71,254,23.597682,38.056598
71,255,23.600933,38.056068
71,256,23.603742,38.056739
71,257,23.605602,38.058368
71,258,23.608113,38.061366
71,259,23.611832,38.063197
71,260,23.615312,38.064956
71,261,23.618093,38.067718
71,262,23.620055,38.067989
71,263,23.624174,38.067168
71,264,23.628143,38.066348
71,265,23.631033,38.065757
71,266,23.634052,38.065177
71,267,23.636192,38.064746
71,268,23.638483,38.064284
71,269,23.641003,38.063976
71,270,23.644073,38.063667
71,271,23.647324,38.063086
71,272,23.650383,38.062167
71,273,23.653612,38.061256
71,274,23.658312,38.060615
71,275,23.662521,38.060714
71,276,23.666231,38.062553
71,277,23.668581,38.064704
71,278,23.672411,38.066856
71,279,23.67526,38.068004
71,280,23.67736,38.068515
71,281,23.67893,38.069076
71,282,23.679849,38.069267
71,283,23.679869,38.069278
71,284,23.68047,38.069499
71,285,23.682979,38.070251
71,286,23.686119,38.070872
71,287,23.689909,38.071101
71,288,23.69245,38.071002
71,289,23.69245,38.071002
71,290,23.694679,38.071082
71,291,23.698879,38.07083
71,292,23.702169,38.070422
71,293,23.705539,38.070041
71,294,23.70907,38.069152
71,295,23.710489,38.068992
71,296,23.710668,38.069011
71,297,23.711088,38.06908
71,298,23.711008,38.069488
71,299,23.710678,38.070548
71,300,23.709278,38.072077
71,301,23.707398,38.073729
71,302,23.707968,38.07637
71,303,23.710058,38.079619
71,304,23.712689,38.079921
71,305,23.717339,38.080181
71,306,23.72251,38.080169
71,307,23.725719,38.08216
71,308,23.725859,38.08432
71,309,23.726038,38.085948
71,310,23.726738,38.089198
71,311,23.725918,38.092357
71,312,23.724798,38.095008
71,313,23.724677,38.097457
71,314,23.727207,38.097999
71,315,23.728397,38.098468
71,316,23.728438,38.100886
71,317,23.728378,38.100985
71,318,23.728378,38.100948
71,319,23.728409,38.100589
71,320,23.728368,38.09859
71,321,23.729528,38.097819
71,322,23.733269,38.097678
71,323,23.736498,38.09774
71,324,23.737996,38.09769
71,325,23.737528,38.099589
71,326,23.737367,38.102321
71,327,23.741237,38.102351
71,328,23.744408,38.10004
71,329,23.747868,38.097549
71,330,23.751497,38.094921
71,331,23.755386,38.092083
71,332,23.758796,38.090182
71,333,23.763728,38.091502
71,334,23.769386,38.092242
71,335,23.773685,38.092784
71,336,23.773836,38.092746
71,337,23.773836,38.092746
71,338,23.776417,38.091197
71,339,23.781376,38.091807
71,340,23.786245,38.090888
71,341,23.790186,38.091869
71,342,23.791366,38.092399
71,343,23.793216,38.094718
71,344,23.795968,38.096927
71,345,23.800947,38.098888
71,346,23.805798,38.10075
71,347,23.809767,38.10237
71,348,23.813317,38.104949
71,349,23.815857,38.10551
71,350,23.820038,38.108851
71,351,23.823458,38.113082
71,352,23.826497,38.115104
71,353,23.829649,38.118335
71,354,23.831369,38.119216
71,355,23.83486,38.122768
71,356,23.83758,38.127448
71,357,23.839779,38.131919
71,358,23.840618,38.131431
71,359,23.840618,38.13148
71,360,23.840689,38.131282
71,361,23.840747,38.13111
71,362,23.840858,38.131
71,363,23.84076,38.131278
71,364,23.84062,38.131347
71,365,23.840651,38.131439
71,366,23.840651,38.131377
71,367,23.840744,38.131301
