73,1,23.572803,38.047897
73,2,23.572744,38.047878
73,3,23.572954,38.048148
73,4,23.572924,38.048278
73,5,23.572954,38.048308
73,6,23.573064,38.048297
73,7,23.575864,38.047168
73,8,23.579384,38.045497
73,9,23.583463,38.043406
73,10,23.584114,38.041526
73,11,23.582344,38.041305
73,12,23.580003,38.043037
73,13,23.576084,38.044967
73,14,23.571113,38.046305
73,15,23.570154,38.048007
73,16,23.570724,38.049048
73,17,23.571754,38.048747
73,18,23.572785,38.048126
73,19,23.572784,38.048107
73,20,23.572785,38.048118
73,21,23.572614,38.048099
73,22,23.572614,38.048068
73,23,23.572895,38.048358
73,24,23.572904,38.048378
73,25,23.574153,38.047946
73,26,23.578314,38.046077
73,27,23.582443,38.043987
73,28,23.584302,38.043167
73,29,23.585432,38.046218
73,30,23.586653,38.05093
73,31,23.587583,38.054531
73,32,23.588734,38.05514
73,33,23.592893,38.054271
73,34,23.595965,38.05535
73,35,23.597824,38.056601
73,36,23.599184,38.0563
73,37,23.602884,38.056129
73,38,23.606205,38.059108
73,39,23.610525,38.062659
73,40,23.613365,38.06388
73,41,23.616445,38.065841
73,42,23.617984,38.06758
73,43,23.618114,38.067989
73,44,23.618345,38.068358
73,45,23.621574,38.067729
73,46,23.621294,38.067908
73,47,23.620193,38.06826
73,48,23.620193,38.068351
73,49,23.620193,38.06837
73,50,23.620033,38.06816
73,51,23.618994,38.068309
73,52,23.618664,38.06837
73,53,23.617944,38.067549
73,54,23.614833,38.064738
73,55,23.610143,38.062561
73,56,23.606473,38.059669
73,57,23.603304,38.056358
73,58,23.599862,38.056266
73,59,23.597643,38.056655
73,60,23.595203,38.054793
73,61,23.592533,38.054362
73,62,23.591904,38.054492
73,63,23.589804,38.05498
73,64,23.587713,38.055572
73,65,23.587574,38.055072
73,66,23.587574,38.055072
73,67,23.587583,38.054972
73,68,23.586982,38.052814
73,69,23.586082,38.049293
73,70,23.585133,38.045623
73,71,23.584753,38.044124
73,72,23.584583,38.043494
73,73,23.584393,38.042514
73,74,23.583012,38.040645
73,75,23.580391,38.042804
73,76,23.576301,38.044944
73,77,23.571421,38.046325
73,78,23.569891,38.047565
73,79,23.570721,38.049106
73,80,23.572901,38.048354
73,81,23.57291,38.048103
73,82,23.572901,38.048164
73,83,23.572722,38.048225
73,84,23.572582,38.048175
73,85,23.572341,38.048156
