75,1,23.840647,38.131759
75,2,23.839716,38.131759
75,3,23.838266,38.128841
75,4,23.836067,38.124309
75,5,23.832348,38.120159
75,6,23.829748,38.118469
75,7,23.826938,38.115471
75,8,23.824548,38.113971
75,9,23.823558,38.112071
75,10,23.819788,38.108382
75,11,23.814367,38.103992
75,12,23.807327,38.101241
75,13,23.800188,38.09843
75,14,23.793808,38.095149
75,15,23.789968,38.090209
75,16,23.785919,38.084949
75,17,23.78199,38.080008
75,18,23.779501,38.077559
75,19,23.779231,38.07582
75,20,23.778739,38.074611
75,21,23.780451,38.073383
75,22,23.781781,38.072944
75,23,23.78158,38.073524
75,24,23.781579,38.073512
75,25,23.78162,38.0735
75,26,23.781601,38.073562
75,27,23.781597,38.073589
75,28,23.781217,38.073649
75,29,23.781377,38.073569
75,30,23.781368,38.073569
75,31,23.781559,38.07349
75,32,23.781549,38.073619
75,33,23.781559,38.073508
75,34,23.782058,38.073158
75,35,23.781269,38.072597
75,36,23.779859,38.073768
75,37,23.77803,38.074958
75,38,23.77946,38.076018
75,39,23.781111,38.078368
75,40,23.78441,38.08258
75,41,23.78833,38.087692
75,42,23.79132,38.09159
75,43,23.79132,38.09159
75,44,23.791671,38.09207
75,45,23.794591,38.095531
75,46,23.800821,38.098422
75,47,23.807062,38.100913
75,48,23.813461,38.103251
75,49,23.815601,38.102912
75,50,23.816712,38.103343
75,51,23.818861,38.106932
75,52,23.822632,38.110511
75,53,23.826403,38.114142
75,54,23.829953,38.117633
75,55,23.834343,38.122085
75,56,23.837032,38.126136
75,57,23.839462,38.131236
75,58,23.840773,38.131434
75,59,23.841022,38.131076
75,60,23.841082,38.130935
75,61,23.841011,38.130924
75,62,23.840832,38.131202
75,63,23.840592,38.131412
75,64,23.840831,38.13127
75,65,23.840842,38.131282
75,66,23.840931,38.131072
75,67,23.84102,38.130924
75,68,23.840981,38.130924
75,69,23.84111,38.131003
75,70,23.84103,38.131103
75,71,23.84083,38.131274
75,72,23.840691,38.131526
75,73,23.840671,38.131538
75,74,23.840641,38.131606
75,75,23.83975,38.131847
75,76,23.838739,38.130008
75,77,23.83691,38.126067
75,78,23.834361,38.122256
75,79,23.83086,38.118617
75,80,23.82774,38.115596
75,81,23.825099,38.112968
75,82,23.82184,38.109878
75,83,23.818651,38.106826
75,84,23.81669,38.103416
75,85,23.816169,38.102676
75,86,23.816,38.102626
75,87,23.816,38.102626
75,88,23.815531,38.102485
75,89,23.812931,38.101337
75,90,23.811441,38.099875
75,91,23.810381,38.100345
75,92,23.808711,38.101154
75,93,23.8073,38.100894
75,94,23.80446,38.099773
75,95,23.80167,38.098693
75,96,23.80089,38.097812
75,97,23.800341,38.097052
75,98,23.799501,38.095923
75,99,23.799141,38.095462
75,100,23.798882,38.095103
75,101,23.798252,38.094561
75,102,23.797743,38.09484
75,103,23.796962,38.095172
75,104,23.796903,38.095161
75,105,23.796113,38.095321
75,106,23.795433,38.094439
75,107,23.795513,38.09434
75,108,23.795874,38.094241
75,109,23.795984,38.09399
75,110,23.796034,38.09407
75,111,23.795663,38.093539
75,112,23.794924,38.09368
75,113,23.793234,38.09579
75,114,23.793844,38.09732
75,115,23.795334,38.096831
75,116,23.797554,38.097472
75,117,23.802143,38.099231
75,118,23.806553,38.101001
75,119,23.809522,38.102191
75,120,23.813442,38.104972
75,121,23.815882,38.105423
75,122,23.820032,38.108783
75,123,23.823403,38.113101
75,124,23.826443,38.11494
75,125,23.829212,38.117721
75,126,23.831173,38.118892
75,127,23.834472,38.122314
75,128,23.837563,38.127574
75,129,23.839721,38.131893
75,130,23.840751,38.131404
75,131,23.840881,38.131152
75,132,23.840871,38.131313
75,133,23.841122,38.130954
75,134,23.841122,38.130924
75,135,23.841162,38.130935
75,136,23.84118,38.130946
75,137,23.841211,38.130885
75,138,23.841171,38.131083
75,139,23.84085,38.131443
75,140,23.840792,38.131523
75,141,23.840761,38.131572
75,142,23.84011,38.131862
75,143,23.839271,38.130863
75,144,23.837542,38.127292
75,145,23.835541,38.123363
75,146,23.831982,38.119705
75,147,23.829992,38.118766
75,148,23.828003,38.116545
75,149,23.825644,38.114246
75,150,23.824343,38.113895
75,151,23.823733,38.112613
75,152,23.821981,38.110522
75,153,23.818041,38.106711
75,154,23.812851,38.103423
75,155,23.806831,38.101062
75,156,23.801,38.098761
75,157,23.795302,38.096381
75,158,23.791851,38.09273
75,159,23.789081,38.089122
75,160,23.785772,38.084804
75,161,23.782532,38.080574
75,162,23.778581,38.076713
75,163,23.773232,38.074153
75,164,23.767493,38.071841
75,165,23.761332,38.069374
75,166,23.755183,38.066883
75,167,23.750232,38.063263
75,168,23.747133,38.058494
75,169,23.744993,38.053463
75,170,23.741654,38.049121
75,171,23.737923,38.0457
75,172,23.734272,38.04151
75,173,23.733331,38.03791
75,174,23.73306,38.037502
75,175,23.732962,38.037341
75,176,23.732931,38.037303
75,177,23.733412,38.037033
75,178,23.733742,38.037723
75,179,23.734241,38.039863
75,180,23.734662,38.041843
75,181,23.735972,38.043811
75,182,23.73813,38.04552
75,183,23.74011,38.047339
75,184,23.741529,38.04861
75,185,23.74188,38.048888
75,186,23.74188,38.04869
75,187,23.741911,38.048831
75,188,23.742811,38.049453
75,189,23.742811,38.049873
75,190,23.744881,38.052574
75,191,23.746931,38.057693
75,192,23.750241,38.062862
75,193,23.755479,38.066783
75,194,23.761699,38.069282
75,195,23.76817,38.071891
75,196,23.774858,38.07458
75,197,23.780939,38.078292
75,198,23.78501,38.083362
75,199,23.787899,38.086933
75,200,23.789549,38.08911
75,201,23.790418,38.090431
75,202,23.791298,38.09159
75,203,23.794517,38.095489
75,204,23.800007,38.098148
75,205,23.805336,38.100207
75,206,23.811066,38.102458
75,207,23.815025,38.10382
75,208,23.815194,38.1039
75,209,23.815535,38.105499
75,210,23.820114,38.10884
75,211,23.823444,38.11338
75,212,23.826855,38.115341
75,213,23.830145,38.118762
75,214,23.831305,38.119033
75,215,23.835076,38.122901
75,216,23.837835,38.12804
75,217,23.839845,38.131987
75,218,23.840915,38.134139
75,219,23.843296,38.13814
75,220,23.845415,38.138892
75,221,23.845425,38.138892
75,222,23.845495,38.139331
75,223,23.844965,38.14149
75,224,23.847545,38.144488
75,225,23.849316,38.14426
75,226,23.850795,38.142829
75,227,23.850755,38.142848
75,228,23.850595,38.14302
75,229,23.850595,38.143009
75,230,23.850066,38.143599
75,231,23.848464,38.145271
75,232,23.847185,38.144069
75,233,23.844555,38.14078
75,234,23.845424,38.139869
75,235,23.844545,38.138297
75,236,23.841246,38.134776
75,237,23.840506,38.131938
75,238,23.840604,38.131847
75,239,23.840945,38.131217
75,240,23.840925,38.130847
75,241,23.840996,38.130835
75,242,23.840996,38.130806
75,243,23.841005,38.130806
75,244,23.841104,38.131145
75,245,23.840765,38.131564
75,246,23.840784,38.131576
75,247,23.840513,38.131736
