76,1,23.840638,38.13177
76,2,23.840137,38.132461
76,3,23.841728,38.1357
76,4,23.844078,38.138141
76,5,23.845487,38.139209
76,6,23.845487,38.13922
76,7,23.845287,38.139892
76,8,23.845478,38.141994
76,9,23.847779,38.144683
76,10,23.849369,38.144153
76,11,23.850778,38.142814
76,12,23.850828,38.142905
76,13,23.850877,38.142844
76,14,23.850738,38.142745
76,15,23.850408,38.143024
76,16,23.85039,38.143073
76,17,23.849909,38.143592
76,18,23.848358,38.145182
76,19,23.846248,38.143062
76,20,23.844898,38.141433
76,21,23.845367,38.139263
76,22,23.842447,38.137191
76,23,23.840837,38.13404
76,24,23.839998,38.131861
76,25,23.840828,38.131343
76,26,23.840898,38.131144
76,27,23.840898,38.131076
76,28,23.841098,38.130847
76,29,23.84108,38.130908
76,30,23.840809,38.131289
76,31,23.840778,38.131289
76,32,23.840628,38.13148
76,33,23.840038,38.131812
76,34,23.839557,38.131614
76,35,23.838408,38.129203
76,36,23.836628,38.125534
76,37,23.833637,38.121493
76,38,23.830017,38.117824
76,39,23.827048,38.114906
76,40,23.824148,38.112056
76,41,23.821067,38.109138
76,42,23.817938,38.106097
76,43,23.816547,38.103069
76,44,23.815946,38.102599
76,45,23.815946,38.102588
76,46,23.814787,38.10223
76,47,23.812027,38.100341
76,48,23.811346,38.099571
76,49,23.810446,38.098201
76,50,23.810236,38.097553
76,51,23.810066,38.096992
76,52,23.809576,38.09526
76,53,23.809186,38.093631
76,54,23.808876,38.09143
76,55,23.809296,38.089191
76,56,23.809305,38.08884
76,57,23.809435,38.087779
76,58,23.806786,38.087569
76,59,23.802706,38.087379
76,60,23.800677,38.087268
76,61,23.799626,38.086249
76,62,23.797745,38.083808
76,63,23.796074,38.081348
76,64,23.794634,38.07872
76,65,23.794184,38.076068
76,66,23.793095,38.074679
76,67,23.792015,38.073218
76,68,23.791245,38.071276
76,69,23.790036,38.070746
76,70,23.789264,38.069778
76,71,23.789166,38.068317
76,72,23.789286,38.067046
76,73,23.790445,38.065486
76,74,23.791765,38.063926
76,75,23.792586,38.063556
76,76,23.792295,38.062396
76,77,23.791814,38.060958
76,78,23.791334,38.059447
76,79,23.791155,38.059115
76,80,23.791414,38.059135
76,81,23.792913,38.059104
76,82,23.794134,38.059295
76,83,23.795975,38.059794
76,84,23.798345,38.059184
76,85,23.800995,38.058223
76,86,23.803336,38.057132
76,87,23.802705,38.056281
76,88,23.801846,38.055423
76,89,23.801216,38.054863
76,90,23.800976,38.055023
76,91,23.801765,38.055423
76,92,23.802376,38.055824
76,93,23.802536,38.055694
76,94,23.802835,38.055423
76,95,23.803186,38.055182
76,96,23.803966,38.054874
76,97,23.804568,38.054622
76,98,23.806117,38.054332
76,99,23.806439,38.054343
76,100,23.807089,38.054694
76,101,23.807428,38.055633
76,102,23.808038,38.057231
76,103,23.808208,38.057601
76,104,23.808288,38.057621
76,105,23.808519,38.05865
76,106,23.809108,38.06224
76,107,23.810018,38.066501
76,108,23.811017,38.069011
76,109,23.811068,38.069819
76,110,23.811117,38.071471
76,111,23.812366,38.07339
76,112,23.812086,38.076041
76,113,23.812216,38.076343
76,114,23.812755,38.077361
76,115,23.814066,38.079352
76,116,23.814747,38.081642
76,117,23.816236,38.084213
76,118,23.816387,38.086021
76,119,23.816767,38.086879
76,120,23.816856,38.087077
76,121,23.817196,38.087546
76,122,23.817516,38.087966
76,123,23.817917,38.088496
76,124,23.818887,38.089248
76,125,23.819369,38.089717
76,126,23.820149,38.090526
76,127,23.821089,38.091236
76,128,23.82247,38.093166
76,129,23.82378,38.095633
76,130,23.824649,38.098494
76,131,23.825399,38.100555
76,132,23.82571,38.102207
76,133,23.82601,38.104396
76,134,23.82601,38.104377
76,135,23.82601,38.105128
76,136,23.82589,38.105899
76,137,23.825769,38.108737
76,138,23.826129,38.111106
76,139,23.82815,38.113815
76,140,23.829019,38.115844
76,141,23.8293,38.116923
76,142,23.83296,38.120624
76,143,23.83668,38.125453
76,144,23.83885,38.130035
76,145,23.84059,38.131675
76,146,23.840849,38.131286
76,147,23.840859,38.131335
76,148,23.841019,38.131015
76,149,23.841117,38.130924
76,150,23.841047,38.130935
76,151,23.840997,38.131095
76,152,23.840887,38.131225
76,153,23.840917,38.131225
76,154,23.840739,38.131484
76,155,23.840639,38.131713
76,156,23.8398,38.131794
76,157,23.83927,38.130993
76,158,23.83767,38.127712
76,159,23.835749,38.123801
76,160,23.832548,38.120433
76,161,23.830728,38.118724
76,162,23.828379,38.116843
76,163,23.825829,38.114333
76,164,23.82437,38.113853
76,165,23.823659,38.112201
76,166,23.82086,38.109431
76,167,23.816669,38.105422
76,168,23.81089,38.102652
76,169,23.804519,38.100131
76,170,23.798179,38.097682
76,171,23.793391,38.094702
76,172,23.79167,38.092552
76,173,23.79022,38.09191
76,174,23.78758,38.091503
76,175,23.784179,38.090854
76,176,23.77993,38.091544
76,177,23.776189,38.091304
76,178,23.77362,38.092765
76,179,23.77062,38.092376
76,180,23.76993,38.092284
76,181,23.76906,38.092173
76,182,23.76757,38.092014
76,183,23.768132,38.092662
76,184,23.769032,38.093322
76,185,23.769022,38.093322
76,186,23.769463,38.093673
76,187,23.771063,38.095134
76,188,23.770104,38.096164
76,189,23.767334,38.097014
76,190,23.764864,38.097766
76,191,23.762524,38.098494
76,192,23.760494,38.099074
76,193,23.757765,38.099933
76,194,23.756066,38.100272
76,195,23.756845,38.101283
76,196,23.758285,38.103503
76,197,23.759865,38.105754
76,198,23.760695,38.108474
76,199,23.760864,38.111034
76,200,23.761515,38.112052
76,201,23.762514,38.11225
76,202,23.762965,38.112361
76,203,23.763473,38.111979
76,204,23.763513,38.11132
76,205,23.764343,38.111251
76,206,23.764973,38.111213
76,207,23.765762,38.111144
76,208,23.766392,38.111114
76,209,23.766382,38.111625
76,210,23.766453,38.112354
76,211,23.766422,38.112704
76,212,23.766432,38.112513
76,213,23.766071,38.112235
76,214,23.765312,38.112346
76,215,23.765202,38.112666
76,216,23.765402,38.112967
76,217,23.765022,38.112849
76,218,23.765362,38.112838
76,219,23.765381,38.112979
76,220,23.76539,38.112979
76,221,23.76527,38.113071
76,222,23.765391,38.113509
76,223,23.7652,38.112517
76,224,23.766301,38.112217
76,225,23.766451,38.111255
76,226,23.76547,38.111216
76,227,23.764141,38.111297
76,228,23.76346,38.112155
76,229,23.76196,38.112125
76,230,23.760891,38.110904
76,231,23.76057,38.106796
76,232,23.75847,38.103774
76,233,23.756571,38.100944
76,234,23.757021,38.100112
76,235,23.760841,38.09899
76,236,23.76324,38.098281
76,237,23.766121,38.09738
76,238,23.769361,38.096659
76,239,23.77115,38.099231
76,240,23.773571,38.100082
76,241,23.775702,38.100532
76,242,23.777752,38.100673
76,243,23.779503,38.100414
76,244,23.784073,38.102664
76,245,23.787783,38.105335
76,246,23.789282,38.105323
76,247,23.792322,38.106753
76,248,23.795492,38.106334
76,249,23.798872,38.106093
76,250,23.802802,38.107006
76,251,23.805411,38.106857
76,252,23.807051,38.106536
76,253,23.808651,38.106375
76,254,23.809531,38.106456
76,255,23.813699,38.106494
76,256,23.816999,38.106025
76,257,23.82184,38.110576
76,258,23.825161,38.114024
76,259,23.82876,38.117255
76,260,23.831061,38.118915
76,261,23.83461,38.122516
76,262,23.837539,38.127746
76,263,23.839899,38.131934
76,264,23.840698,38.131404
76,265,23.840788,38.131244
76,266,23.840877,38.131175
76,267,23.840988,38.131034
76,268,23.841008,38.131023
76,269,23.841106,38.130893
76,270,23.841088,38.130912
76,271,23.841068,38.131153
76,272,23.84105,38.131182
76,273,23.84083,38.131373
76,274,23.840679,38.131762
76,275,23.83996,38.132163
76,276,23.84103,38.134235
76,277,23.842819,38.137683
76,278,23.845388,38.138682
76,279,23.845388,38.138682
76,280,23.845437,38.139003
76,281,23.845509,38.139255
76,282,23.845509,38.139255
76,283,23.845558,38.139564
76,284,23.844617,38.140964
76,285,23.846098,38.142833
76,286,23.846268,38.143031
76,287,23.846999,38.143821
76,288,23.848319,38.14519
76,289,23.849268,38.14421
76,290,23.848528,38.14373
76,291,23.848087,38.143379
76,292,23.848207,38.143188
76,293,23.847547,38.143016
76,294,23.847677,38.143195
76,295,23.848127,38.143425
76,296,23.848127,38.143435
76,297,23.848466,38.143737
76,298,23.849148,38.144397
76,299,23.848007,38.145068
76,300,23.845297,38.141918
76,301,23.845377,38.139709
76,302,23.845177,38.13856
76,303,23.841436,38.135352
76,304,23.839996,38.131911
76,305,23.840625,38.131659
76,306,23.840636,38.131622
76,307,23.840716,38.131504
76,308,23.840814,38.131354
76,309,23.840984,38.131225
76,310,23.841003,38.131194
76,311,23.841133,38.130943
76,312,23.841083,38.130943
76,313,23.841133,38.131034
76,314,23.840862,38.131366
76,315,23.840742,38.131526
76,316,23.840733,38.131526
76,317,23.840073,38.131858
76,318,23.840292,38.132888
76,319,23.841732,38.13578
76,320,23.843632,38.138141
76,321,23.845402,38.138972
76,322,23.845411,38.138984
76,323,23.843811,38.139705
76,324,23.8402,38.140697
76,325,23.837011,38.141048
76,326,23.835461,38.140796
76,327,23.83362,38.139945
76,328,23.83161,38.139693
76,329,23.830361,38.140044
76,330,23.828941,38.139636
76,331,23.8262,38.139075
76,332,23.82399,38.138526
76,333,23.82333,38.138156
76,334,23.823349,38.138095
76,335,23.823229,38.138084
76,336,23.823229,38.138023
76,337,23.823179,38.138233
76,338,23.823709,38.138461
76,339,23.823709,38.138461
76,340,23.824949,38.138812
76,341,23.827308,38.139521
76,342,23.829689,38.139774
76,343,23.83062,38.139995
76,344,23.83324,38.139743
76,345,23.835769,38.141204
76,346,23.839309,38.140674
76,347,23.84413,38.139552
76,348,23.843118,38.138183
76,349,23.840168,38.133033
76,350,23.840628,38.131603
76,351,23.840806,38.131282
76,352,23.840897,38.131243
76,353,23.841017,38.131095
76,354,23.841116,38.130954
76,355,23.841106,38.130863
76,356,23.841276,38.130824
76,357,23.840965,38.131233
76,358,23.840876,38.131404
76,359,23.840776,38.131682
76,360,23.840046,38.132163
76,361,23.841125,38.134234
76,362,23.842797,38.137496
76,363,23.845436,38.138617
76,364,23.845547,38.139678
76,365,23.844797,38.141127
76,366,23.846527,38.14323
76,367,23.848408,38.145118
76,368,23.849259,38.144149
76,369,23.848577,38.143768
76,370,23.848127,38.143398
76,371,23.848158,38.143268
76,372,23.847569,38.143016
76,373,23.847708,38.143157
76,374,23.848198,38.143538
76,375,23.849138,38.144099
76,376,23.848428,38.145167
76,377,23.846889,38.143806
76,378,23.844919,38.140147
76,379,23.845388,38.139179
76,380,23.842227,38.13689
76,381,23.839847,38.132171
76,382,23.840738,38.13161
76,383,23.841019,38.131209
76,384,23.840969,38.13119
76,385,23.840929,38.131122
76,386,23.841099,38.130924
76,387,23.841058,38.130943
76,388,23.840959,38.131274
76,389,23.840759,38.131576
76,390,23.840309,38.131828
76,391,23.84021,38.132617
76,392,23.841511,38.135238
76,393,23.84341,38.138076
76,394,23.84552,38.139446
76,395,23.844539,38.140777
76,396,23.84589,38.142615
76,397,23.84799,38.144947
76,398,23.84909,38.144458
76,399,23.84881,38.143939
76,400,23.848191,38.14355
76,401,23.84819,38.143218
76,402,23.84753,38.143077
76,403,23.84767,38.143237
76,404,23.848129,38.143459
76,405,23.848129,38.143459
76,406,23.848389,38.14373
76,407,23.849208,38.144241
76,408,23.84829,38.145259
76,409,23.8471,38.144149
76,410,23.844469,38.140998
76,411,23.845369,38.139659
76,412,23.845369,38.13964
76,413,23.845369,38.139579
76,414,23.842999,38.138038
76,415,23.840658,38.13385
76,416,23.840599,38.131881
76,417,23.840848,38.131339
76,418,23.840839,38.1314
76,419,23.840808,38.131388
76,420,23.840908,38.131217
76,421,23.840997,38.131187
76,422,23.841168,38.130965
76,423,23.841128,38.130977
76,424,23.841108,38.131148
76,425,23.841038,38.131179
76,426,23.840807,38.131537
76,427,23.840697,38.131839
76,428,23.840015,38.131919
76,429,23.839115,38.13061
76,430,23.837246,38.126689
76,431,23.834807,38.122669
76,432,23.831497,38.1193
76,433,23.829727,38.118522
76,434,23.827707,38.11629
76,435,23.825327,38.114219
76,436,23.824097,38.113898
76,437,23.823707,38.11235
76,438,23.821187,38.10984
76,439,23.817759,38.106551
76,440,23.812689,38.103431
76,441,23.806408,38.10097
76,442,23.800108,38.09851
76,443,23.794478,38.095859
76,444,23.791517,38.09233
76,445,23.788487,38.088401
76,446,23.785137,38.084091
76,447,23.781908,38.079879
76,448,23.777748,38.07635
76,449,23.772197,38.073902
76,450,23.766187,38.071491
76,451,23.760658,38.069312
76,452,23.758858,38.069122
76,453,23.759977,38.068801
76,454,23.759888,38.067062
76,455,23.759898,38.066573
76,456,23.759798,38.066112
76,457,23.759647,38.065711
76,458,23.758978,38.064799
76,459,23.758698,38.064338
76,460,23.757877,38.063129
76,461,23.756697,38.060698
76,462,23.756385,38.059619
76,463,23.755526,38.058368
76,464,23.754055,38.056319
76,465,23.752765,38.054489
76,466,23.750746,38.051769
76,467,23.750144,38.051238
76,468,23.749655,38.050758
76,469,23.749275,38.050197
76,470,23.750395,38.049556
76,471,23.752744,38.048835
76,472,23.755326,38.047874
76,473,23.757367,38.046623
76,474,23.758306,38.045752
76,475,23.759687,38.043773
76,476,23.761208,38.042255
76,477,23.761188,38.042255
76,478,23.76134,38.042365
76,479,23.761859,38.041614
76,480,23.76186,38.041805
76,481,23.7616,38.042106
76,482,23.761529,38.042224
76,483,23.76026,38.043265
76,484,23.7593,38.044696
76,485,23.758831,38.045337
76,486,23.75864,38.045528
76,487,23.75769,38.046569
76,488,23.75561,38.047797
76,489,23.754959,38.048136
76,490,23.75214,38.049068
76,491,23.751079,38.050246
76,492,23.751839,38.050807
76,493,23.750639,38.051658
76,494,23.751888,38.053138
76,495,23.753869,38.056217
76,496,23.755418,38.058356
76,497,23.756238,38.059646
76,498,23.757068,38.062106
76,499,23.758218,38.063857
76,500,23.759739,38.066028
76,501,23.760409,38.068576
76,502,23.765999,38.070987
76,503,23.772949,38.073855
76,504,23.780009,38.077575
76,505,23.784779,38.083213
76,506,23.789209,38.088954
76,507,23.79126,38.091662
76,508,23.794689,38.095665
76,509,23.8023,38.099044
76,510,23.810529,38.102252
76,511,23.81525,38.103572
76,512,23.815611,38.102943
76,513,23.815611,38.102943
76,514,23.817001,38.103953
76,515,23.820831,38.108795
76,516,23.82583,38.113544
76,517,23.83044,38.118052
76,518,23.835741,38.123652
76,519,23.838372,38.129054
76,520,23.840542,38.131842
76,521,23.840902,38.131293
76,522,23.840942,38.130924
76,523,23.840961,38.130874
76,524,23.840871,38.130855
76,525,23.841032,38.130825
76,526,23.840912,38.131034
76,527,23.841032,38.131095
76,528,23.841102,38.131034
76,529,23.840862,38.130996
