77,1,23.841036,38.131038
77,2,23.841086,38.130897
77,3,23.841046,38.130897
77,4,23.841125,38.130935
77,5,23.840786,38.131385
77,6,23.840716,38.131477
77,7,23.840705,38.131488
77,8,23.840354,38.13182
77,9,23.839704,38.131751
77,10,23.838515,38.12947
77,11,23.836605,38.12538
77,12,23.833574,38.121402
77,13,23.830024,38.117781
77,14,23.829423,38.116691
77,15,23.829103,38.115383
77,16,23.827854,38.113631
77,17,23.826244,38.111251
77,18,23.826013,38.109611
77,19,23.826643,38.10847
77,20,23.826732,38.10834
77,21,23.826843,38.108211
77,22,23.828024,38.10718
77,23,23.829534,38.10591
77,24,23.831144,38.104602
77,25,23.831144,38.104533
77,26,23.830784,38.104126
77,27,23.827794,38.101917
77,28,23.825064,38.099524
77,29,23.824832,38.099193
77,30,23.824672,38.098812
77,31,23.823991,38.096461
77,32,23.823341,38.09476
77,33,23.821932,38.092472
77,34,23.821161,38.091552
77,35,23.82101,38.091373
77,36,23.820061,38.090564
77,37,23.818482,38.089183
77,38,23.817411,38.088073
77,39,23.817242,38.087794
77,40,23.817041,38.087486
77,41,23.81669,38.086997
77,42,23.81645,38.086086
77,43,23.816499,38.085235
77,44,23.816379,38.084804
77,45,23.81596,38.083694
77,46,23.81574,38.083312
77,47,23.81517,38.082682
77,48,23.81497,38.082362
77,49,23.814831,38.08203
77,50,23.814711,38.081691
77,51,23.814621,38.081351
77,52,23.814442,38.080783
77,53,23.814271,38.080192
77,54,23.813911,38.079322
77,55,23.812521,38.077251
77,56,23.81204,38.076041
77,57,23.81208,38.075611
77,58,23.81229,38.074759
77,59,23.81163,38.072509
77,60,23.81105,38.068809
77,61,23.80979,38.06623
77,62,23.809419,38.064551
77,63,23.809419,38.064521
77,64,23.809099,38.062381
77,65,23.808748,38.060462
77,66,23.808739,38.060474
77,67,23.808439,38.060382
77,68,23.80867,38.060421
77,69,23.808689,38.060409
77,70,23.808869,38.060519
77,71,23.808898,38.06055
77,72,23.809179,38.061832
77,73,23.80949,38.064003
77,74,23.8096,38.064643
77,75,23.81084,38.067474
77,76,23.81113,38.069812
77,77,23.81131,38.071701
77,78,23.812189,38.07286
77,79,23.812359,38.073691
77,80,23.812289,38.074351
77,81,23.812378,38.076702
77,82,23.813797,38.07888
77,83,23.814186,38.079711
77,84,23.814867,38.081993
77,85,23.816427,38.08483
77,86,23.816387,38.08596
77,87,23.817007,38.08734
77,88,23.817426,38.087939
77,89,23.817887,38.088539
77,90,23.818527,38.08916
77,91,23.818827,38.089278
77,92,23.820316,38.090728
77,93,23.822136,38.092677
77,94,23.824086,38.096649
77,95,23.824655,38.098479
77,96,23.825445,38.09965
77,97,23.825615,38.10147
77,98,23.825794,38.103599
77,99,23.825825,38.106139
77,100,23.825784,38.108859
77,101,23.826334,38.11135
77,102,23.828514,38.114242
77,103,23.829115,38.116183
77,104,23.830225,38.117824
77,105,23.834705,38.122394
77,106,23.837385,38.126995
77,107,23.839285,38.130954
77,108,23.840654,38.131465
77,109,23.840845,38.131294
77,110,23.840876,38.131305
77,111,23.840996,38.131083
77,112,23.841125,38.130924
77,113,23.841076,38.130954
77,114,23.841017,38.131015
77,115,23.840687,38.131477
77,116,23.840607,38.131625
77,117,23.839817,38.131877
77,118,23.838756,38.130046
77,119,23.836857,38.125975
77,120,23.833856,38.121707
77,121,23.830036,38.117817
77,122,23.829386,38.116645
77,123,23.829046,38.115386
77,124,23.827865,38.113677
77,125,23.826275,38.111389
77,126,23.825915,38.109828
77,127,23.826435,38.108558
77,128,23.827894,38.107306
77,129,23.829664,38.105796
77,130,23.831175,38.104545
77,131,23.831184,38.104525
77,132,23.831184,38.104396
77,133,23.828915,38.102744
77,134,23.825275,38.099643
77,135,23.824835,38.099082
77,136,23.824125,38.096931
77,137,23.822864,38.093891
77,138,23.821894,38.092399
77,139,23.821444,38.091777
77,140,23.821394,38.091636
77,141,23.821273,38.091464
77,142,23.820954,38.091205
77,143,23.820784,38.091033
77,144,23.820663,38.090953
77,145,23.819972,38.090392
77,146,23.819033,38.089473
77,147,23.818432,38.089122
77,148,23.817532,38.088111
77,149,23.816511,38.086001
77,150,23.816071,38.083682
77,151,23.814661,38.081252
77,152,23.814141,38.079501
77,153,23.813651,38.078589
77,154,23.81269,38.07732
77,155,23.81249,38.077029
77,156,23.81237,38.076831
77,157,23.81205,38.075893
77,158,23.81208,38.075503
77,159,23.81211,38.075324
77,160,23.812391,38.074344
77,161,23.81241,38.073573
77,162,23.811331,38.072013
77,163,23.811112,38.070494
77,164,23.811092,38.068393
77,165,23.810633,38.067432
77,166,23.809763,38.065971
77,167,23.809374,38.06388
77,168,23.808843,38.060722
77,169,23.808763,38.060401
77,170,23.808412,38.060252
77,171,23.808632,38.060451
77,172,23.808632,38.06042
77,173,23.808863,38.060561
77,174,23.809063,38.061141
77,175,23.809392,38.06348
77,176,23.809994,38.066268
77,177,23.810274,38.066737
77,178,23.811073,38.068069
77,179,23.811103,38.06966
77,180,23.811123,38.07043
77,181,23.811862,38.072501
77,182,23.812253,38.074622
77,183,23.812101,38.075343
77,184,23.812342,38.076613
77,185,23.813671,38.078654
77,186,23.814341,38.080295
77,187,23.815299,38.082626
77,188,23.816419,38.084803
77,189,23.81642,38.086375
77,190,23.816959,38.087314
77,191,23.817609,38.088263
77,192,23.81855,38.089034
77,193,23.8194,38.089774
77,194,23.82085,38.091056
77,195,23.822521,38.093246
77,196,23.823911,38.096145
77,197,23.824282,38.097594
77,198,23.825142,38.099345
77,199,23.825531,38.101116
77,200,23.82575,38.103095
77,201,23.825991,38.105464
77,202,23.825879,38.107776
77,203,23.82589,38.110115
77,204,23.826769,38.112186
77,205,23.82865,38.114345
77,206,23.82897,38.115825
77,207,23.82914,38.116774
77,208,23.830059,38.117675
77,209,23.833659,38.121364
77,210,23.836627,38.125404
77,211,23.837908,38.128135
77,212,23.839588,38.131606
77,213,23.840708,38.132117
77,214,23.840718,38.132117
77,215,23.840508,38.132178
77,216,23.840047,38.131919
77,217,23.840517,38.1319
77,218,23.840757,38.131499
77,219,23.840928,38.131168
77,220,23.840937,38.131179
77,221,23.841115,38.13087
77,222,23.841026,38.130908
77,223,23.840986,38.131107
77,224,23.840977,38.131137
77,225,23.840986,38.131137
77,226,23.840816,38.131335
77,227,23.840727,38.131526
77,228,23.840607,38.131827
77,229,23.839926,38.132148
77,230,23.841014,38.13422
77,231,23.842834,38.137691
77,232,23.845403,38.138942
77,233,23.845444,38.13914
77,234,23.845444,38.13914
77,235,23.846255,38.139392
77,236,23.848925,38.139461
77,237,23.849285,38.139479
77,238,23.849356,38.139732
77,239,23.849257,38.140063
77,240,23.848646,38.140064
77,241,23.848646,38.140094
77,242,23.848776,38.140403
77,243,23.848626,38.140174
77,244,23.849045,38.140094
77,245,23.849365,38.139633
77,246,23.847126,38.139522
77,247,23.846016,38.139483
77,248,23.845375,38.139034
77,249,23.842384,38.137164
77,250,23.840155,38.132846
77,251,23.840454,38.132117
77,252,23.840775,38.132129
77,253,23.840503,38.132167
77,254,23.840053,38.131945
77,255,23.840464,38.131934
77,256,23.840654,38.131675
77,257,23.840894,38.131343
77,258,23.840894,38.131343
77,259,23.840645,38.131622
77,260,23.840414,38.131659
77,261,23.840355,38.131519
77,262,23.840284,38.131488
77,263,23.840294,38.131518
77,264,23.840294,38.131518
77,265,23.840334,38.131217
77,266,23.840423,38.131686
77,267,23.840973,38.131168
77,268,23.840924,38.130835
77,269,23.840924,38.130824
77,270,23.840883,38.130836
77,271,23.840883,38.130836
77,272,23.841052,38.130935
77,273,23.841003,38.130916
77,274,23.841154,38.130878
77,275,23.841074,38.130939
77,276,23.841025,38.13111
77,277,23.840784,38.13145
77,278,23.840784,38.131461
77,279,23.840604,38.13182
77,280,23.839554,38.131568
77,281,23.837894,38.128199
77,282,23.835514,38.123569
77,283,23.831555,38.119407
77,284,23.829154,38.117027
77,285,23.829124,38.116287
77,286,23.828655,38.114566
77,287,23.827135,38.112765
77,288,23.826016,38.110515
77,289,23.826216,38.108775
77,290,23.827776,38.107436
77,291,23.828205,38.107036
77,292,23.828205,38.107017
77,293,23.828224,38.106955
77,294,23.829673,38.105735
77,295,23.831173,38.104476
77,296,23.829063,38.102886
77,297,23.825293,38.099716
77,298,23.824213,38.097465
77,299,23.823393,38.094916
77,300,23.821523,38.091876
77,301,23.821425,38.091655
77,302,23.821125,38.091365
77,303,23.820225,38.090743
77,304,23.819454,38.089943
77,305,23.818563,38.089282
77,306,23.818064,38.088813
77,307,23.817653,38.088405
77,308,23.816445,38.086493
77,309,23.816084,38.083965
77,310,23.814594,38.081176
77,311,23.814175,38.079658
77,312,23.814054,38.079486
77,313,23.813815,38.079085
77,314,23.812924,38.077857
77,315,23.812273,38.074897
77,316,23.812263,38.073196
77,317,23.811504,38.072296
77,318,23.811064,38.070106
77,319,23.809994,38.066577
77,320,23.809253,38.063556
77,321,23.808644,38.059455
77,322,23.811054,38.056587
77,323,23.811103,38.053695
77,324,23.810724,38.052917
77,325,23.809895,38.051326
77,326,23.807893,38.048175
77,327,23.806614,38.045535
77,328,23.804804,38.043826
77,329,23.803083,38.041649
77,330,23.803423,38.041476
77,331,23.803843,38.041397
77,332,23.806741,38.040336
77,333,23.808672,38.040084
77,334,23.808983,38.041225
77,335,23.809033,38.041237
77,336,23.808952,38.041327
77,337,23.809482,38.041137
77,338,23.809383,38.041149
77,339,23.808983,38.041247
77,340,23.809042,38.042296
77,341,23.809273,38.044795
77,342,23.808153,38.045345
77,343,23.808113,38.045345
77,344,23.807292,38.045696
77,345,23.807203,38.045707
77,346,23.807153,38.045707
77,347,23.807274,38.046065
77,348,23.807453,38.046355
77,349,23.808513,38.049586
77,350,23.810632,38.052577
77,351,23.812013,38.055847
77,352,23.808744,38.059317
77,353,23.809534,38.064639
77,354,23.811113,38.068668
77,355,23.811113,38.069438
77,356,23.811132,38.069968
77,357,23.811132,38.07106
77,358,23.811133,38.071071
77,359,23.811681,38.072341
77,360,23.812302,38.07323
77,361,23.812321,38.07431
77,362,23.812022,38.07571
77,363,23.812751,38.07746
77,364,23.813802,38.078921
77,365,23.814172,38.079673
77,366,23.814351,38.080532
77,367,23.815552,38.082923
77,368,23.815792,38.083255
77,369,23.815931,38.083507
77,370,23.816221,38.084259
77,371,23.816341,38.08459
77,372,23.816381,38.08467
77,373,23.8164,38.08469
77,374,23.81646,38.084911
77,375,23.816491,38.085071
77,376,23.81641,38.085891
77,377,23.81649,38.086612
77,378,23.817069,38.087501
77,379,23.817209,38.087722
77,380,23.81729,38.087871
77,381,23.817909,38.08871
77,382,23.818859,38.089309
77,383,23.81983,38.09032
77,384,23.82165,38.091892
77,385,23.823789,38.095691
77,386,23.824179,38.09729
77,387,23.825399,38.099571
77,388,23.82548,38.100879
77,389,23.825779,38.103118
77,390,23.825979,38.105697
77,391,23.825819,38.108695
77,392,23.826129,38.111106
77,393,23.82843,38.114078
77,394,23.82913,38.116069
77,395,23.82992,38.117488
77,396,23.83379,38.121436
77,397,23.83532,38.122954
77,398,23.83532,38.122985
77,399,23.836059,38.124237
77,400,23.83815,38.128505
77,401,23.840349,38.131847
77,402,23.840809,38.131267
77,403,23.84088,38.131168
77,404,23.84088,38.131198
77,405,23.841099,38.130958
77,406,23.841148,38.130938
77,407,23.841157,38.1309
77,408,23.841078,38.1309
77,409,23.841078,38.1309
77,410,23.840819,38.131301
77,411,23.840819,38.131332
77,412,23.840719,38.131572
77,413,23.84009,38.131862
77,414,23.839591,38.131553
77,415,23.838039,38.128383
77,416,23.83614,38.124393
77,417,23.83259,38.120402
77,418,23.830819,38.118713
77,419,23.82842,38.116801
77,420,23.825741,38.114222
77,421,23.823511,38.112861
77,422,23.8208,38.109531
77,423,23.816971,38.105971
77,424,23.814401,38.105441
77,425,23.813772,38.105189
77,426,23.813762,38.105189
77,427,23.813033,38.104548
77,428,23.812392,38.104037
77,429,23.810751,38.104526
77,430,23.809531,38.104175
77,431,23.80935,38.104186
77,432,23.809221,38.104038
77,433,23.809162,38.104129
77,434,23.809052,38.10414
77,435,23.809042,38.10414
77,436,23.810501,38.10451
77,437,23.812512,38.103862
77,438,23.814211,38.1053
77,439,23.817532,38.10649
77,440,23.822002,38.11077
77,441,23.824642,38.11404
77,442,23.827682,38.116191
77,443,23.830464,38.118732
77,444,23.832354,38.120193
77,445,23.835403,38.123253
77,446,23.837454,38.12712
77,447,23.839754,38.131831
77,448,23.840774,38.1314
77,449,23.840864,38.130809
77,450,23.840894,38.130821
77,451,23.840894,38.130821
77,452,23.840895,38.13084
77,453,23.840895,38.13087
77,454,23.840796,38.131381
77,455,23.839855,38.131843
77,456,23.838224,38.128894
77,457,23.836035,38.124495
77,458,23.832343,38.120284
77,459,23.829593,38.118236
77,460,23.826204,38.114726
77,461,23.823805,38.113666
77,462,23.822364,38.110885
77,463,23.817924,38.106635
77,464,23.812134,38.103156
77,465,23.805445,38.100516
77,466,23.799045,38.098049
77,467,23.793785,38.095157
77,468,23.791555,38.092376
77,469,23.791516,38.092315
77,470,23.789675,38.089953
77,471,23.786695,38.086063
77,472,23.783366,38.081752
77,473,23.780176,38.078311
77,474,23.778656,38.07785
77,475,23.776676,38.075748
77,476,23.772466,38.073989
77,477,23.768346,38.072348
77,478,23.765368,38.071129
77,479,23.762638,38.070087
77,480,23.760628,38.069858
77,481,23.761658,38.071418
77,482,23.761358,38.071669
77,483,23.761328,38.07164
77,484,23.761658,38.071441
77,485,23.760738,38.07006
77,486,23.760439,38.069369
77,487,23.763128,38.070201
77,488,23.766549,38.071533
77,489,23.770258,38.073024
77,490,23.774008,38.074523
77,491,23.777868,38.076342
77,492,23.779278,38.077582
77,493,23.781609,38.078944
77,494,23.785128,38.083515
77,495,23.788678,38.088176
77,496,23.792227,38.092887
77,497,23.797416,38.097148
77,498,23.804697,38.099979
77,499,23.812017,38.10279
77,500,23.814968,38.104469
77,501,23.817349,38.106258
77,502,23.822098,38.110778
77,503,23.825567,38.114119
77,504,23.829268,38.11777
77,505,23.831488,38.11927
77,506,23.835178,38.12297
77,507,23.835388,38.123168
77,508,23.835589,38.123439
77,509,23.837509,38.127269
77,510,23.839619,38.131587
77,511,23.840708,38.131549
77,512,23.840948,38.131179
77,513,23.840957,38.13116
77,514,23.841097,38.130989
77,515,23.840906,38.130878
77,516,23.840907,38.130816
77,517,23.841125,38.130909
77,518,23.841045,38.131107
77,519,23.840956,38.131217
77,520,23.840885,38.131217
77,521,23.840876,38.130946
