78,1,23.840889,38.131118
78,2,23.84092,38.131118
78,3,23.841099,38.130919
78,4,23.841099,38.130908
78,5,23.84104,38.130919
78,6,23.840879,38.13132
78,7,23.840759,38.13148
78,8,23.84067,38.131733
78,9,23.839899,38.131813
78,10,23.838959,38.13024
78,11,23.837068,38.126239
78,12,23.834259,38.122058
78,13,23.831029,38.118778
78,14,23.829109,38.117877
78,15,23.826669,38.115306
78,16,23.82472,38.114146
78,17,23.82357,38.113445
78,18,23.82284,38.111403
78,19,23.8193,38.107955
78,20,23.814511,38.104114
78,21,23.80835,38.101684
78,22,23.80251,38.099353
78,23,23.79681,38.097121
78,24,23.79282,38.094043
78,25,23.79113,38.091971
78,26,23.789221,38.091323
78,27,23.78623,38.090922
78,28,23.783529,38.090983
78,29,23.783329,38.091083
78,30,23.78295,38.091292
78,31,23.78252,38.091491
78,32,23.78232,38.091571
78,33,23.781759,38.091712
78,34,23.781229,38.091713
78,35,23.780259,38.091571
78,36,23.779328,38.091331
78,37,23.778177,38.090998
78,38,23.776888,38.091037
78,39,23.776308,38.091266
78,40,23.775578,38.091857
78,41,23.775558,38.091876
78,42,23.774498,38.092468
78,43,23.774489,38.092468
78,44,23.774368,38.092578
78,45,23.772678,38.092658
78,46,23.769308,38.09222
78,47,23.766908,38.091899
78,48,23.762139,38.091277
78,49,23.760797,38.091007
78,50,23.760026,38.090686
78,51,23.760026,38.090686
78,52,23.758858,38.090186
78,53,23.758787,38.090175
78,54,23.758777,38.090175
78,55,23.757377,38.090705
78,56,23.754137,38.093036
78,57,23.751707,38.094806
78,58,23.749196,38.096606
78,59,23.746247,38.098735
78,60,23.743927,38.100414
78,61,23.741857,38.101913
78,62,23.740057,38.102363
78,63,23.736887,38.102271
78,64,23.736477,38.10316
78,65,23.735367,38.104152
78,66,23.735336,38.10419
78,67,23.735287,38.104251
78,68,23.734266,38.105212
78,69,23.733366,38.104202
78,70,23.733187,38.103942
78,71,23.733147,38.103953
78,72,23.733087,38.103885
78,73,23.733078,38.103896
78,74,23.733257,38.103896
78,75,23.733418,38.105117
78,76,23.734817,38.104766
78,77,23.736167,38.103336
78,78,23.736958,38.102317
78,79,23.740257,38.102386
78,80,23.742617,38.101245
78,81,23.745857,38.098915
78,82,23.749008,38.096645
78,83,23.751328,38.094966
78,84,23.752588,38.095397
78,85,23.753209,38.096255
78,86,23.754898,38.098666
78,87,23.756868,38.101406
78,88,23.758909,38.104507
78,89,23.760959,38.105346
78,90,23.7636,38.105777
78,91,23.76388,38.106448
78,92,23.76449,38.106807
78,93,23.76502,38.106948
78,94,23.76598,38.107356
78,95,23.767339,38.107727
78,96,23.767821,38.108348
78,97,23.768421,38.108699
78,98,23.768462,38.108768
78,99,23.768561,38.108779
78,100,23.76856,38.108668
78,101,23.76853,38.108748
78,102,23.768159,38.10881
78,103,23.76819,38.108798
78,104,23.767789,38.108928
78,105,23.76732,38.109439
78,106,23.767281,38.109981
78,107,23.76758,38.110492
78,108,23.76757,38.11114
78,109,23.766731,38.111232
78,110,23.766142,38.111213
78,111,23.765432,38.111305
78,112,23.764662,38.111365
78,113,23.764202,38.111365
78,114,23.763782,38.111445
78,115,23.763393,38.111816
78,116,23.763103,38.112495
78,117,23.761993,38.112334
78,118,23.761013,38.112255
78,119,23.760772,38.110552
78,120,23.760572,38.107223
78,121,23.759122,38.104823
78,122,23.757352,38.102313
78,123,23.755721,38.099895
78,124,23.754553,38.098087
78,125,23.753273,38.096237
78,126,23.752163,38.094616
78,127,23.752012,38.094596
78,128,23.750572,38.095626
78,129,23.748151,38.097385
78,130,23.744911,38.099723
78,131,23.742062,38.101794
78,132,23.741731,38.102016
78,133,23.739262,38.102385
78,134,23.736772,38.102275
78,135,23.736233,38.103546
78,136,23.735083,38.104575
78,137,23.734402,38.105216
78,138,23.73343,38.104754
78,139,23.733199,38.103984
78,140,23.733089,38.103823
78,141,23.733049,38.103862
78,142,23.73326,38.10406
78,143,23.733478,38.10512
78,144,23.734869,38.10482
78,145,23.736028,38.103648
78,146,23.736839,38.102279
78,147,23.738669,38.102378
78,148,23.741098,38.102378
78,149,23.743198,38.100867
78,150,23.745699,38.099059
78,151,23.748619,38.096931
78,152,23.751899,38.09455
78,153,23.753229,38.096209
78,154,23.754759,38.098411
78,155,23.756479,38.100852
78,156,23.758419,38.103744
78,157,23.759998,38.105262
78,158,23.763448,38.105643
78,159,23.763729,38.106334
78,160,23.764489,38.106666
78,161,23.765419,38.106937
78,162,23.766019,38.107368
78,163,23.76705,38.107856
78,164,23.76787,38.107867
78,165,23.76785,38.108348
78,166,23.76844,38.108809
78,167,23.768511,38.108772
78,168,23.768581,38.108593
78,169,23.768612,38.108791
78,170,23.768482,38.108779
78,171,23.768372,38.108779
78,172,23.768352,38.108779
78,173,23.767872,38.109099
78,174,23.767362,38.109401
78,175,23.767292,38.109702
78,176,23.766851,38.1099
78,177,23.766331,38.110129
78,178,23.76643,38.11069
78,179,23.766119,38.111099
78,180,23.765429,38.111178
78,181,23.764907,38.111217
78,182,23.764257,38.111228
78,183,23.763547,38.111369
78,184,23.763529,38.112018
78,185,23.763069,38.112388
78,186,23.761929,38.11211
78,187,23.760998,38.111991
78,188,23.760828,38.10926
78,189,23.760637,38.107028
78,190,23.758996,38.104587
78,191,23.757227,38.101959
78,192,23.755877,38.10015
78,193,23.754926,38.098639
78,194,23.753437,38.096538
78,195,23.752148,38.09465
78,196,23.750708,38.095562
78,197,23.747818,38.097663
78,198,23.744628,38.099964
78,199,23.74165,38.102115
78,200,23.73885,38.102424
78,201,23.737009,38.102313
78,202,23.73658,38.102664
78,203,23.73573,38.103576
78,204,23.73485,38.104964
78,205,23.73377,38.105236
78,206,23.733311,38.104045
78,207,23.733141,38.103793
78,208,23.733052,38.103885
78,209,23.733261,38.104354
78,210,23.734232,38.105174
78,211,23.735752,38.103565
78,212,23.736712,38.102233
78,213,23.739351,38.102344
78,214,23.741171,38.102282
78,215,23.741381,38.102141
78,216,23.74393,38.100303
78,217,23.747601,38.097644
78,218,23.7509,38.095252
78,219,23.752211,38.094252
78,220,23.75227,38.094203
78,221,23.752279,38.094203
78,222,23.752498,38.094104
78,223,23.754648,38.092543
78,224,23.756428,38.091236
78,225,23.757187,38.090694
78,226,23.757227,38.090655
78,227,23.759127,38.090274
78,228,23.763487,38.091403
78,229,23.768208,38.092025
78,230,23.768938,38.092116
78,231,23.771548,38.092456
78,232,23.772137,38.092548
78,233,23.772987,38.092659
78,234,23.773456,38.092719
78,235,23.773506,38.092719
78,236,23.775406,38.091788
78,237,23.779325,38.091419
78,238,23.782965,38.091148
78,239,23.786585,38.091136
78,240,23.789065,38.091255
78,241,23.789534,38.091365
78,242,23.789552,38.091365
78,243,23.790262,38.091884
78,244,23.791791,38.092803
78,245,23.793821,38.095313
78,246,23.79664,38.097144
78,247,23.801031,38.098845
78,248,23.805651,38.100654
78,249,23.809311,38.102153
78,250,23.81368,38.105114
78,251,23.81699,38.105971
78,252,23.821289,38.110023
78,253,23.8237,38.113933
78,254,23.826669,38.115203
78,255,23.829939,38.118613
78,256,23.831759,38.119513
78,257,23.835409,38.123253
78,258,23.837429,38.127224
78,259,23.839489,38.131443
78,260,23.84071,38.131511
78,261,23.84102,38.130999
78,262,23.840901,38.130881
78,263,23.84091,38.130832
78,264,23.84087,38.130821
78,265,23.84087,38.130809
78,266,23.840811,38.13092
78,267,23.840712,38.131251
78,268,23.840952,38.131141
78,269,23.840952,38.131141
78,270,23.840942,38.131179
78,271,23.841103,38.130889
78,272,23.841052,38.130919
