79,1,23.84074,38.131378
79,2,23.84082,38.131248
79,3,23.841051,38.131049
79,4,23.841122,38.130931
79,5,23.841122,38.130893
79,6,23.841072,38.130984
79,7,23.840802,38.131335
79,8,23.840711,38.131453
79,9,23.840662,38.131625
79,10,23.840061,38.131846
79,11,23.839251,38.130916
79,12,23.837699,38.127715
79,13,23.83609,38.124347
79,14,23.83275,38.120586
79,15,23.829521,38.117316
79,16,23.827241,38.115058
79,17,23.824611,38.112468
79,18,23.821792,38.109809
79,19,23.818933,38.107089
79,20,23.817034,38.104171
79,21,23.816293,38.10274
79,22,23.816234,38.102702
79,23,23.815994,38.102611
79,24,23.815994,38.102611
79,25,23.815753,38.102542
79,26,23.813154,38.101562
79,27,23.811125,38.099341
79,28,23.810085,38.09703
79,29,23.809905,38.09645
79,30,23.809317,38.094329
79,31,23.808906,38.092128
79,32,23.808996,38.090636
79,33,23.809366,38.088558
79,34,23.809496,38.087856
79,35,23.808916,38.087627
79,36,23.805777,38.087436
79,37,23.802316,38.087295
79,38,23.800666,38.087264
79,39,23.800507,38.087233
79,40,23.799036,38.085395
79,41,23.797136,38.082984
79,42,23.795506,38.080565
79,43,23.794346,38.078006
79,44,23.794225,38.076045
79,45,23.793865,38.075213
79,46,23.792055,38.074394
79,47,23.788555,38.072963
79,48,23.785326,38.071193
79,49,23.783586,38.070373
79,50,23.782726,38.069831
79,51,23.782667,38.06977
79,52,23.782377,38.06932
79,53,23.780517,38.067699
79,54,23.777817,38.066028
79,55,23.776476,38.064566
79,56,23.777827,38.063877
79,57,23.780476,38.063125
79,58,23.783155,38.061904
79,59,23.786035,38.060135
79,60,23.787985,38.059543
79,61,23.789205,38.059291
79,62,23.792416,38.059092
79,63,23.794695,38.059394
79,64,23.796955,38.059963
79,65,23.799154,38.058834
79,66,23.801023,38.058174
79,67,23.803154,38.057155
79,68,23.802935,38.056495
79,69,23.801864,38.055434
79,70,23.801365,38.054973
79,71,23.801204,38.054863
79,72,23.801035,38.055023
79,73,23.801155,38.055034
79,74,23.801756,38.055415
79,75,23.802357,38.055796
79,76,23.802637,38.055636
79,77,23.803596,38.055187
79,78,23.804648,38.054977
79,79,23.805998,38.054779
79,80,23.807028,38.054889
79,81,23.807339,38.055289
79,82,23.808178,38.056949
79,83,23.808368,38.05759
79,84,23.808468,38.05791
79,85,23.808977,38.061092
79,86,23.809748,38.065834
79,87,23.811108,38.069763
79,88,23.811768,38.072391
79,89,23.812248,38.073081
79,90,23.812258,38.074702
79,91,23.812178,38.076301
79,92,23.813567,38.07851
79,93,23.814428,38.080809
79,94,23.815757,38.083221
79,95,23.816347,38.085391
79,96,23.816948,38.087359
79,97,23.817428,38.088069
79,98,23.81918,38.08958
79,99,23.81966,38.090091
79,100,23.82068,38.090949
79,101,23.822232,38.092757
79,102,23.82401,38.096618
79,103,23.824671,38.09864
79,104,23.82551,38.099708
79,105,23.829321,38.102847
79,106,23.830381,38.104987
79,107,23.828291,38.106757
79,108,23.82645,38.108268
79,109,23.825929,38.109889
79,110,23.82668,38.11193
79,111,23.82881,38.114478
79,112,23.82905,38.115958
79,113,23.82929,38.11695
79,114,23.83257,38.120291
79,115,23.836432,38.125011
79,116,23.838642,38.12958
79,117,23.840302,38.131961
79,118,23.840822,38.132072
79,119,23.840551,38.132182
79,120,23.840191,38.13193
79,121,23.840422,38.13193
79,122,23.840422,38.131751
79,123,23.840372,38.131553
79,124,23.840363,38.131553
79,125,23.840282,38.131572
79,126,23.840282,38.131583
79,127,23.840242,38.131534
79,128,23.840522,38.131835
79,129,23.841043,38.131026
79,130,23.840924,38.130908
79,131,23.840924,38.130878
79,132,23.840893,38.130866
79,133,23.840873,38.130855
79,134,23.840784,38.130904
79,135,23.840703,38.131434
79,136,23.840075,38.132415
79,137,23.842174,38.136584
79,138,23.845384,38.138687
79,139,23.845425,38.139087
79,140,23.844574,38.140857
79,141,23.847124,38.143959
79,142,23.849384,38.144118
79,143,23.850874,38.142738
79,144,23.850914,38.142738
79,145,23.850923,38.142768
79,146,23.850322,38.143176
79,147,23.848453,38.145167
79,148,23.846643,38.143516
79,149,23.844954,38.140067
79,150,23.845403,38.139579
79,151,23.845403,38.139567
79,152,23.845324,38.138797
79,153,23.841853,38.136195
79,154,23.839995,38.131877
79,155,23.840845,38.131347
79,156,23.840854,38.131347
79,157,23.841034,38.131026
79,158,23.841093,38.130989
79,159,23.841043,38.130969
79,160,23.840703,38.131378
79,161,23.840594,38.131415
79,162,23.840443,38.131465
79,163,23.840763,38.131465
79,164,23.840994,38.131045
79,165,23.841013,38.131076
79,166,23.841032,38.130984
79,167,23.841051,38.131103
79,168,23.840971,38.131163
79,169,23.840721,38.131354
79,170,23.840582,38.131576
79,171,23.840601,38.131576
79,172,23.840561,38.131835
79,173,23.83963,38.131774
79,174,23.838641,38.129783
79,175,23.83714,38.126574
79,176,23.835171,38.123073
79,177,23.832111,38.119983
79,178,23.83027,38.118843
79,179,23.828451,38.116981
79,180,23.826071,38.114619
79,181,23.824551,38.113998
79,182,23.82366,38.112948
79,183,23.82237,38.1109
79,184,23.819271,38.107859
79,185,23.815682,38.10469
79,186,23.811201,38.102771
79,187,23.80652,38.10094
79,188,23.80172,38.099052
79,189,23.79685,38.09714
79,190,23.79323,38.09449
79,191,23.791491,38.09225
79,192,23.791101,38.091731
79,193,23.789192,38.089271
79,194,23.786652,38.086009
79,195,23.784002,38.08253
79,196,23.781243,38.07899
79,197,23.777382,38.075939
79,198,23.772492,38.073848
79,199,23.767101,38.071689
79,200,23.761621,38.0695
79,201,23.756081,38.067291
79,202,23.75089,38.064281
79,203,23.747731,38.059512
79,204,23.745371,38.054611
79,205,23.743261,38.0507
79,206,23.739861,38.04755
79,207,23.73604,38.04428
79,208,23.734039,38.04013
79,209,23.732229,38.035998
79,210,23.7295,38.032027
79,211,23.727159,38.027846
79,212,23.725229,38.023246
79,213,23.722608,38.018806
79,214,23.718667,38.014895
79,215,23.717367,38.010165
79,216,23.712757,38.006644
79,217,23.707598,38.003635
79,218,23.706117,38.002487
79,219,23.706108,38.002487
79,220,23.705938,38.002368
79,221,23.705799,38.00225
79,222,23.70578,38.00225
79,223,23.70542,38.001991
79,224,23.70541,38.001991
79,225,23.70534,38.001873
79,226,23.70734,37.999862
79,227,23.709711,37.997912
79,228,23.711962,37.996032
79,229,23.712841,37.994521
79,230,23.71355,37.993221
79,231,23.71388,37.99271
79,232,23.71516,37.99092
79,233,23.71647,37.989058
79,234,23.71867,37.98661
79,235,23.719231,37.98553
79,236,23.719601,37.984599
79,237,23.720231,37.983669
79,238,23.71997,37.983268
79,239,23.71933,37.982966
79,240,23.718999,37.983397
79,241,23.71894,37.983348
79,242,23.718901,37.983299
79,243,23.71941,37.983459
79,244,23.71924,37.983367
79,245,23.71913,37.983276
79,246,23.71911,37.983276
79,247,23.718791,37.983554
79,248,23.718821,37.983646
79,249,23.719721,37.984034
79,250,23.719912,37.983893
79,251,23.719931,37.983962
79,252,23.72019,37.98363
79,253,23.72016,37.983089
79,254,23.719249,37.982959
79,255,23.71924,37.983738
79,256,23.71927,37.983776
79,257,23.719391,37.983855
79,258,23.71953,37.983917
79,259,23.719841,37.984035
79,260,23.71985,37.983985
79,261,23.71995,37.983893
79,262,23.71998,37.984252
79,263,23.72014,37.984313
79,264,23.720551,37.984523
79,265,23.720641,37.984542
79,266,23.720659,37.984542
79,267,23.720788,37.984881
79,268,23.720789,37.98487
79,269,23.720669,37.985122
79,270,23.718708,37.984672
79,271,23.717117,37.984363
79,272,23.715288,37.984134
79,273,23.712178,37.984782
79,274,23.711067,37.985252
79,275,23.711027,37.985263
79,276,23.710177,37.985744
79,277,23.708986,37.986484
79,278,23.708527,37.986804
79,279,23.707447,37.987575
79,280,23.707348,37.987685
79,281,23.706188,37.988486
79,282,23.705288,37.989097
79,283,23.704458,37.989646
79,284,23.703918,37.990005
79,285,23.701538,37.991603
79,286,23.699068,37.993243
79,287,23.697529,37.994285
79,288,23.695129,37.995937
79,289,23.696079,37.997336
79,290,23.701789,38.000156
79,291,23.70744,38.003096
79,292,23.713008,38.006599
79,293,23.717508,38.010039
79,294,23.719618,38.015971
79,295,23.724906,38.02143
79,296,23.727146,38.02727
79,297,23.730626,38.033359
79,298,23.734266,38.040019
79,299,23.738696,38.046149
79,300,23.743307,38.05038
79,301,23.746076,38.055911
79,302,23.749497,38.061741
79,303,23.754936,38.066588
79,304,23.762486,38.069599
79,305,23.770735,38.072917
79,306,23.777454,38.075797
79,307,23.782965,38.080799
79,308,23.786745,38.085719
79,309,23.789816,38.089698
79,310,23.790235,38.090266
79,311,23.791536,38.092037
79,312,23.795657,38.096366
79,313,23.800655,38.098437
79,314,23.808026,38.101348
79,315,23.815046,38.103877
79,316,23.814877,38.104678
79,317,23.817617,38.106566
79,318,23.822668,38.111415
79,319,23.825857,38.114414
79,320,23.828757,38.117294
79,321,23.830915,38.118743
79,322,23.834005,38.121925
79,323,23.837506,38.127475
79,324,23.840046,38.131953
79,325,23.840845,38.131313
79,326,23.840826,38.130942
79,327,23.840896,38.130881
79,328,23.840856,38.13087
79,329,23.840856,38.130901
79,330,23.840817,38.131152
79,331,23.840798,38.131492
79,332,23.840708,38.13135
79,333,23.840637,38.131362
79,334,23.840788,38.131251
79,335,23.840968,38.13108
79,336,23.841097,38.131118
