8,1,23.841118,38.130866
8,2,23.841099,38.130897
8,3,23.840929,38.131228
8,4,23.840698,38.131579
8,5,23.840388,38.13177
8,6,23.840397,38.131629
8,7,23.839847,38.131179
8,8,23.839207,38.130718
8,9,23.837937,38.128116
8,10,23.836006,38.124145
8,11,23.832346,38.120154
8,12,23.829925,38.118774
8,13,23.828116,38.116684
8,14,23.825485,38.114215
8,15,23.823814,38.113685
8,16,23.823114,38.111636
8,17,23.819895,38.108516
8,18,23.815424,38.104576
8,19,23.809114,38.101985
8,20,23.802355,38.099304
8,21,23.795614,38.096565
8,22,23.791565,38.092345
8,23,23.788095,38.087806
8,24,23.784586,38.083286
8,25,23.781246,38.079425
8,26,23.779485,38.077586
8,27,23.780417,38.077537
8,28,23.782226,38.079528
8,29,23.784277,38.082237
8,30,23.785908,38.084315
8,31,23.785958,38.084377
8,32,23.785947,38.084407
8,33,23.786167,38.084438
8,34,23.786547,38.084979
8,35,23.786697,38.08506
8,36,23.786657,38.084998
8,37,23.786148,38.084468
8,38,23.786028,38.084548
8,39,23.787048,38.08575
8,40,23.787868,38.086898
8,41,23.789388,38.088927
8,42,23.790308,38.090266
8,43,23.791738,38.092208
8,44,23.79485,38.09576
8,45,23.801519,38.098701
8,46,23.80892,38.101631
8,47,23.81501,38.103831
8,48,23.815081,38.103862
8,49,23.815081,38.104182
8,50,23.815601,38.105453
8,51,23.819751,38.108554
8,52,23.823443,38.113055
8,53,23.826831,38.115314
8,54,23.830112,38.118724
8,55,23.831852,38.119735
8,56,23.835592,38.123554
8,57,23.838111,38.128665
8,58,23.839891,38.131915
8,59,23.840882,38.131267
8,60,23.8411,38.130946
8,61,23.841071,38.130965
8,62,23.840719,38.131477
8,63,23.8407,38.131514
8,64,23.840641,38.131705
8,65,23.840081,38.131846
8,66,23.83967,38.131766
8,67,23.83856,38.129486
8,68,23.83664,38.125434
8,69,23.83341,38.121204
8,70,23.82983,38.117553
8,71,23.8294,38.116721
8,72,23.829101,38.115463
8,73,23.829743,38.114253
8,74,23.832022,38.113212
8,75,23.832913,38.112853
8,76,23.833232,38.112712
8,77,23.834772,38.111873
8,78,23.836862,38.110664
8,79,23.836973,38.110522
8,80,23.837674,38.110485
8,81,23.838274,38.111125
8,82,23.839715,38.111903
8,83,23.840615,38.111335
8,84,23.841185,38.110316
8,85,23.841234,38.110286
8,86,23.841546,38.110248
8,87,23.843626,38.111278
8,88,23.847406,38.113758
8,89,23.851057,38.113906
8,90,23.854187,38.111796
8,91,23.858948,38.109828
8,92,23.862377,38.107596
8,93,23.866188,38.105865
8,94,23.870938,38.104484
8,95,23.874647,38.102904
8,96,23.878797,38.102473
8,97,23.883638,38.101543
8,98,23.887158,38.099494
8,99,23.887728,38.098186
8,100,23.886127,38.096934
8,101,23.884397,38.095645
8,102,23.884838,38.094996
8,103,23.886408,38.094108
8,104,23.886797,38.094046
8,105,23.886976,38.093768
8,106,23.887026,38.094089
8,107,23.885866,38.095527
8,108,23.886295,38.096897
8,109,23.888114,38.098228
8,110,23.885636,38.100589
8,111,23.880196,38.102279
8,112,23.876806,38.102268
8,113,23.872376,38.104007
8,114,23.867346,38.105567
8,115,23.862766,38.107486
8,116,23.858816,38.109977
8,117,23.853987,38.112155
8,118,23.850807,38.114074
8,119,23.850307,38.114334
8,120,23.846528,38.113204
8,121,23.842608,38.110694
8,122,23.840838,38.111544
8,123,23.839218,38.113296
8,124,23.837408,38.115207
8,125,23.835748,38.117015
8,126,23.833599,38.118206
8,127,23.830839,38.117835
8,128,23.829499,38.117095
8,129,23.832299,38.119933
8,130,23.835847,38.123725
8,131,23.838018,38.128135
8,132,23.839877,38.131847
8,133,23.840908,38.131236
8,134,23.840979,38.131206
8,135,23.840988,38.131194
8,136,23.841118,38.131076
8,137,23.841217,38.130916
8,138,23.841128,38.130935
8,139,23.840977,38.131163
8,140,23.840665,38.131625
8,141,23.839867,38.131927
8,142,23.840646,38.133586
8,143,23.842117,38.136546
8,144,23.844917,38.138255
8,145,23.845466,38.139347
8,146,23.844517,38.140575
8,147,23.845766,38.142455
8,148,23.846305,38.143065
8,149,23.846436,38.142856
8,150,23.846235,38.142985
8,151,23.845745,38.142604
8,152,23.845255,38.139873
8,153,23.845354,38.139583
8,154,23.844793,38.138343
8,155,23.841493,38.135532
8,156,23.839823,38.1319
8,157,23.840602,38.131622
8,158,23.840794,38.13124
8,159,23.840834,38.13119
8,160,23.841074,38.13089
8,161,23.841123,38.1309
8,162,23.841003,38.130919
8,163,23.841003,38.130919
8,164,23.841003,38.13111
8,165,23.840584,38.13177
8,166,23.839585,38.131561
8,167,23.837965,38.12828
8,168,23.835665,38.123649
8,169,23.831604,38.119388
8,170,23.829514,38.118019
8,171,23.827164,38.115557
8,172,23.824724,38.113997
8,173,23.823724,38.112747
8,174,23.821844,38.110336
8,175,23.817715,38.106387
8,176,23.811954,38.103046
8,177,23.805805,38.100627
8,178,23.799925,38.098339
8,179,23.794335,38.095649
8,180,23.790985,38.091548
8,181,23.787526,38.087096
8,182,23.783806,38.082176
8,183,23.779495,38.077385
8,184,23.773164,38.074145
8,185,23.766143,38.071327
8,186,23.759064,38.068458
8,187,23.753153,38.066108
8,188,23.749533,38.06258
8,189,23.751732,38.060981
8,190,23.756231,38.060001
8,191,23.763062,38.059722
8,192,23.768902,38.058013
8,193,23.774351,38.055595
8,194,23.77947,38.052635
8,195,23.78269,38.050254
8,196,23.78269,38.047393
8,197,23.780519,38.043964
8,198,23.777529,38.041393
8,199,23.777039,38.041011
8,200,23.777019,38.041011
8,201,23.776039,38.040111
8,202,23.774079,38.037822
8,203,23.773108,38.036731
8,204,23.771778,38.03519
8,205,23.771029,38.034991
8,206,23.767408,38.035243
8,207,23.764497,38.036094
8,208,23.761578,38.038234
8,209,23.760988,38.038485
8,210,23.761098,38.038448
8,211,23.761388,38.038268
8,212,23.761308,38.038288
8,213,23.761238,38.038288
8,214,23.760558,38.038589
8,215,23.760558,38.038589
8,216,23.760696,38.039737
8,217,23.761205,38.040516
8,218,23.760395,38.041996
8,219,23.760885,38.042316
8,220,23.760586,38.042537
8,221,23.760265,38.042918
8,222,23.760006,38.043189
8,223,23.759917,38.04333
8,224,23.759487,38.044032
8,225,23.759407,38.04415
8,226,23.758756,38.045101
8,227,23.758476,38.04544
8,228,23.758276,38.045692
8,229,23.758246,38.045783
8,230,23.756325,38.047183
8,231,23.753565,38.048435
8,232,23.751285,38.049323
8,233,23.749956,38.049244
8,234,23.749546,38.049682
8,235,23.748716,38.049762
8,236,23.746995,38.048263
8,237,23.745265,38.049163
8,238,23.743086,38.049544
8,239,23.744525,38.051616
8,240,23.746826,38.057334
8,241,23.750566,38.063343
8,242,23.756956,38.06737
8,243,23.764896,38.070522
8,244,23.772787,38.073703
8,245,23.779937,38.077384
8,246,23.784788,38.083095
8,247,23.789278,38.088905
8,248,23.791699,38.092086
8,249,23.793999,38.094966
8,250,23.799889,38.098045
8,251,23.807438,38.101016
8,252,23.814178,38.103465
8,253,23.814768,38.104796
8,254,23.817278,38.106215
8,255,23.821788,38.110515
8,256,23.824409,38.114085
8,257,23.82687,38.115394
8,258,23.82953,38.118183
8,259,23.83126,38.119064
8,260,23.833749,38.121665
8,261,23.836951,38.126273
8,262,23.839171,38.130923
8,263,23.84058,38.131625
8,264,23.84082,38.131224
8,265,23.840851,38.131194
8,266,23.841122,38.130954
8,267,23.841023,38.130984
8,268,23.840822,38.131244
8,269,23.840582,38.131683
8,270,23.839842,38.131893
8,271,23.840002,38.132373
8,272,23.841062,38.134413
8,273,23.842512,38.137306
8,274,23.845343,38.138846
8,275,23.845432,38.139247
8,276,23.845441,38.139247
8,277,23.844922,38.140106
8,278,23.8451,38.141635
8,279,23.84613,38.142875
8,280,23.846291,38.142993
8,281,23.846171,38.143062
8,282,23.844489,38.14099
8,283,23.84532,38.139449
8,284,23.84259,38.137561
8,285,23.84008,38.132739
8,286,23.840619,38.131698
8,287,23.840759,38.131378
8,288,23.840809,38.131316
8,289,23.841,38.130984
8,290,23.841111,38.130904
8,291,23.84114,38.131003
8,292,23.841301,38.131003
8,293,23.841341,38.131053
8,294,23.84119,38.131042
8,295,23.84123,38.131121
8,296,23.84079,38.13161
8,297,23.84005,38.131942
8,298,23.8405,38.13325
8,299,23.84181,38.135902
8,300,23.84371,38.138182
8,301,23.84552,38.139224
8,302,23.845551,38.139453
8,303,23.844561,38.140624
8,304,23.84577,38.142444
8,305,23.84627,38.143073
8,306,23.84635,38.142963
8,307,23.846279,38.143073
8,308,23.847649,38.144633
8,309,23.849228,38.144325
8,310,23.849897,38.143535
8,311,23.849968,38.143504
8,312,23.850058,38.143443
8,313,23.849907,38.143615
8,314,23.850518,38.142944
8,315,23.853067,38.140235
8,316,23.852558,38.139686
8,317,23.846529,38.139575
8,318,23.845659,38.139545
8,319,23.845348,38.139316
8,320,23.842268,38.136996
8,321,23.839817,38.132045
8,322,23.840828,38.131373
8,323,23.840868,38.130912
8,324,23.840868,38.130942
8,325,23.841068,38.130931
8,326,23.840939,38.13119
8,327,23.841108,38.131191
