80,1,23.841053,38.130969
80,2,23.841123,38.130889
80,3,23.841053,38.13087
80,4,23.841003,38.131122
80,5,23.840933,38.13116
80,6,23.840803,38.131332
80,7,23.840693,38.131473
80,8,23.839983,38.131793
80,9,23.839473,38.131343
80,10,23.838004,38.128372
80,11,23.836233,38.12469
80,12,23.833184,38.121009
80,13,23.829742,38.117519
80,14,23.829322,38.116508
80,15,23.829122,38.115146
80,16,23.827704,38.113475
80,17,23.826103,38.111255
80,18,23.825933,38.109725
80,19,23.826575,38.108485
80,20,23.827965,38.107245
80,21,23.829584,38.105845
80,22,23.829744,38.105685
80,23,23.830744,38.104907
80,24,23.830944,38.104258
80,25,23.828344,38.102378
80,26,23.826914,38.101157
80,27,23.826353,38.100676
80,28,23.826174,38.100516
80,29,23.825254,38.099765
80,30,23.824625,38.098735
80,31,23.824045,38.096664
80,32,23.822775,38.093864
80,33,23.821595,38.092044
80,34,23.821205,38.091605
80,35,23.821045,38.091407
80,36,23.820555,38.090919
80,37,23.819664,38.090007
80,38,23.819394,38.089786
80,39,23.818493,38.089096
80,40,23.817803,38.088474
80,41,23.817122,38.087561
80,42,23.816532,38.086593
80,43,23.816551,38.085891
80,44,23.816601,38.085243
80,45,23.816471,38.084922
80,46,23.816201,38.08422
80,47,23.816071,38.08385
80,48,23.815781,38.083339
80,49,23.815562,38.083068
80,50,23.815151,38.08258
80,51,23.814901,38.082191
80,52,23.814742,38.081782
80,53,23.81471,38.081672
80,54,23.81459,38.081271
80,55,23.814511,38.081062
80,56,23.81443,38.08071
80,57,23.81431,38.080222
80,58,23.814101,38.0796
80,59,23.813891,38.079242
80,60,23.813231,38.078224
80,61,23.812761,38.077575
80,62,23.812101,38.076163
80,63,23.812151,38.075263
80,64,23.812191,38.073093
80,65,23.811051,38.069793
80,66,23.809869,38.066402
80,67,23.8093,38.064064
80,68,23.808791,38.060783
80,69,23.80871,38.060481
80,70,23.8086,38.060501
80,71,23.808689,38.060279
80,72,23.808729,38.060477
80,73,23.808779,38.060466
80,74,23.808507,38.060504
80,75,23.808567,38.060363
80,76,23.808968,38.060642
80,77,23.809168,38.061972
80,78,23.809448,38.063823
80,79,23.809779,38.065723
80,80,23.810718,38.067363
80,81,23.811088,38.069361
80,82,23.811089,38.069671
80,83,23.811138,38.071479
80,84,23.811988,38.072689
80,85,23.812377,38.073466
80,86,23.812318,38.074317
80,87,23.812019,38.075847
80,88,23.812779,38.077476
80,89,23.814179,38.079814
80,90,23.814819,38.081916
80,91,23.816358,38.084575
80,92,23.816818,38.087116
80,93,23.817049,38.087504
80,94,23.817049,38.087523
80,95,23.817228,38.087802
80,96,23.817248,38.087802
80,97,23.816107,38.088412
80,98,23.813655,38.088352
80,99,23.812247,38.088073
80,100,23.811975,38.088024
80,101,23.811796,38.087986
80,102,23.811026,38.087813
80,103,23.810384,38.087684
80,104,23.810214,38.087653
80,105,23.809675,38.087554
80,106,23.809656,38.087554
80,107,23.807436,38.087394
80,108,23.803776,38.087264
80,109,23.800686,38.087184
80,110,23.799335,38.088176
80,111,23.797076,38.090915
80,112,23.795795,38.092567
80,113,23.794146,38.094688
80,114,23.791814,38.096747
80,115,23.789785,38.098029
80,116,23.788685,38.097659
80,117,23.788145,38.09825
80,118,23.788176,38.098201
80,119,23.788256,38.098083
80,120,23.788247,38.098083
80,121,23.788166,38.098281
80,122,23.788305,38.098022
80,123,23.789785,38.098033
80,124,23.792224,38.096523
80,125,23.793095,38.097664
80,126,23.794744,38.097175
80,127,23.795385,38.096865
80,128,23.795385,38.096855
80,129,23.796815,38.097225
80,130,23.801126,38.098884
80,131,23.805206,38.100482
80,132,23.806957,38.101241
80,133,23.810948,38.10279
80,134,23.814297,38.105319
80,135,23.817377,38.106299
80,136,23.821666,38.110408
80,137,23.824476,38.114097
80,138,23.827206,38.115718
80,139,23.830395,38.118778
80,140,23.831045,38.118846
80,141,23.834635,38.122547
80,142,23.837855,38.128146
80,143,23.840204,38.131858
80,144,23.840963,38.131107
80,145,23.840973,38.130878
80,146,23.840992,38.130878
80,147,23.841041,38.130859
80,148,23.8411,38.130859
80,149,23.840931,38.130821
80,150,23.840981,38.130881
80,151,23.84103,38.130893
80,152,23.84103,38.130905
80,153,23.840879,38.131293
80,154,23.840469,38.131694
80,155,23.84033,38.131614
80,156,23.84023,38.131645
80,157,23.84062,38.131633
80,158,23.840879,38.131343
80,159,23.84107,38.131744
