81,1,23.840874,38.131282
81,2,23.841003,38.131011
81,3,23.840932,38.13111
81,4,23.841032,38.130962
81,5,23.841063,38.1309
81,6,23.840902,38.131259
81,7,23.840871,38.131289
81,8,23.840573,38.131759
81,9,23.839952,38.132117
81,10,23.840822,38.133838
81,11,23.842253,38.136718
81,12,23.844282,38.138107
81,13,23.845673,38.139327
81,14,23.848423,38.139377
81,15,23.852124,38.139438
81,16,23.854784,38.138137
81,17,23.856683,38.136066
81,18,23.858503,38.134055
81,19,23.859434,38.131927
81,20,23.859345,38.131686
81,21,23.857475,38.129276
81,22,23.856245,38.125145
81,23,23.857506,38.122795
81,24,23.858345,38.120986
81,25,23.857324,38.119407
81,26,23.853824,38.116386
81,27,23.850664,38.114665
81,28,23.851524,38.113906
81,29,23.854104,38.112045
81,30,23.858344,38.110255
81,31,23.861734,38.108035
81,32,23.865275,38.106315
81,33,23.869665,38.104903
81,34,23.874204,38.103282
81,35,23.878565,38.102561
81,36,23.883505,38.101661
81,37,23.887344,38.09941
81,38,23.887615,38.09806
81,39,23.886095,38.096912
81,40,23.884605,38.09579
81,41,23.884886,38.094989
81,42,23.886015,38.094287
81,43,23.886706,38.093917
81,44,23.886706,38.093898
81,45,23.886896,38.094009
81,46,23.886967,38.093737
81,47,23.887006,38.09407
81,48,23.886236,38.095352
81,49,23.886097,38.096813
81,50,23.888027,38.098594
81,51,23.884478,38.101325
81,52,23.878788,38.102527
81,53,23.875998,38.102256
81,54,23.870968,38.104525
81,55,23.866037,38.106006
81,56,23.861448,38.108146
81,57,23.857308,38.110667
81,58,23.853537,38.112457
81,59,23.850678,38.114147
81,60,23.850668,38.114177
81,61,23.848528,38.114139
81,62,23.844377,38.111739
81,63,23.841788,38.110671
81,64,23.841757,38.110671
81,65,23.840616,38.11174
81,66,23.839117,38.11338
81,67,23.837227,38.115401
81,68,23.835657,38.117111
81,69,23.833668,38.118251
81,70,23.830556,38.11761
81,71,23.830067,38.11761
81,72,23.834366,38.122008
81,73,23.837246,38.12651
81,74,23.839536,38.131308
81,75,23.840826,38.131388
81,76,23.841137,38.130927
81,77,23.841097,38.130958
81,78,23.840936,38.131339
81,79,23.840918,38.131339
81,80,23.840788,38.131488
81,81,23.840257,38.131858
81,82,23.839367,38.13108
81,83,23.837578,38.127399
81,84,23.835228,38.123027
81,85,23.831478,38.119186
81,86,23.829628,38.118286
81,87,23.827497,38.115997
81,88,23.825107,38.114078
81,89,23.823747,38.113536
81,90,23.823128,38.111587
81,91,23.819698,38.108226
81,92,23.814919,38.104205
81,93,23.808489,38.101695
81,94,23.802239,38.099204
81,95,23.796099,38.096774
81,96,23.792448,38.093444
81,97,23.791638,38.092376
81,98,23.790968,38.091506
81,99,23.788479,38.088275
81,100,23.785028,38.083735
81,101,23.781528,38.079185
81,102,23.776918,38.075614
81,103,23.770989,38.073173
81,104,23.764867,38.070712
81,105,23.758657,38.068233
81,106,23.752998,38.065974
81,107,23.749498,38.062534
81,108,23.751777,38.060904
81,109,23.756437,38.059935
81,110,23.763156,38.059695
81,111,23.769028,38.057956
81,112,23.774608,38.055507
81,113,23.77966,38.052516
81,114,23.782848,38.049957
81,115,23.782049,38.045929
81,116,23.778669,38.04235
81,117,23.777029,38.041011
81,118,23.775339,38.039272
81,119,23.77364,38.037223
81,120,23.7726,38.035983
81,121,23.77151,38.034793
81,122,23.771481,38.034793
81,123,23.7714,38.034782
81,124,23.76849,38.03506
81,125,23.764549,38.036029
81,126,23.763769,38.036739
81,127,23.763279,38.037147
81,128,23.761188,38.038387
81,129,23.760979,38.038386
81,130,23.761078,38.038405
81,131,23.761297,38.038314
81,132,23.761368,38.038264
81,133,23.761337,38.038333
81,134,23.761186,38.038394
81,135,23.760986,38.038512
81,136,23.760986,38.038512
81,137,23.760907,38.038531
81,138,23.760027,38.039561
81,139,23.761457,38.040302
81,140,23.760369,38.042011
81,141,23.760149,38.043132
81,142,23.758798,38.045161
81,143,23.75866,38.045321
81,144,23.759279,38.046611
81,145,23.761469,38.048202
81,146,23.763498,38.049541
81,147,23.763798,38.049762
81,148,23.765777,38.051291
81,149,23.767048,38.052241
81,150,23.768639,38.054031
81,151,23.770739,38.056159
81,152,23.771669,38.057758
81,153,23.772379,38.059078
81,154,23.773218,38.060619
81,155,23.773828,38.06145
81,156,23.775109,38.062861
81,157,23.776437,38.06454
81,158,23.778439,38.06652
81,159,23.781149,38.06808
81,160,23.783258,38.069919
81,161,23.786549,38.071701
81,162,23.790489,38.073661
81,163,23.793809,38.075099
81,164,23.794559,38.078547
81,165,23.79677,38.082228
81,166,23.79918,38.085609
81,167,23.799911,38.086418
81,168,23.799921,38.086428
81,169,23.800192,38.086719
81,170,23.800192,38.08673
81,171,23.800482,38.087062
81,172,23.801672,38.088981
81,173,23.803102,38.091052
81,174,23.804422,38.092963
81,175,23.807163,38.094852
81,176,23.809543,38.095863
81,177,23.809553,38.095882
81,178,23.809883,38.09629
81,179,23.811264,38.099422
81,180,23.814804,38.102103
81,181,23.816074,38.102504
81,182,23.817585,38.105353
81,183,23.820455,38.108432
81,184,23.824086,38.11188
81,185,23.827705,38.115432
81,186,23.831686,38.119323
81,187,23.835387,38.123103
81,188,23.837236,38.126593
81,189,23.839546,38.131423
81,190,23.840767,38.131442
81,191,23.840906,38.131152
81,192,23.840875,38.131133
81,193,23.841095,38.130935
81,194,23.841015,38.130916
81,195,23.840916,38.131267
81,196,23.840856,38.131347
81,197,23.840837,38.131335
81,198,23.840527,38.131847
81,199,23.839586,38.131675
81,200,23.838136,38.128726
81,201,23.835916,38.124175
81,202,23.832207,38.120085
81,203,23.829876,38.118625
81,204,23.827677,38.116206
81,205,23.824996,38.114054
81,206,23.824146,38.113956
81,207,23.823585,38.112125
81,208,23.820545,38.109134
81,209,23.815965,38.104896
81,210,23.809585,38.102164
81,211,23.803147,38.099605
81,212,23.796707,38.097095
81,213,23.792418,38.093505
81,214,23.791397,38.092166
81,215,23.790426,38.090926
81,216,23.787568,38.087195
81,217,23.784018,38.082587
81,218,23.780888,38.079128
81,219,23.779437,38.077548
81,220,23.780477,38.077598
81,221,23.782346,38.079749
81,222,23.784216,38.082218
81,223,23.785806,38.084266
81,224,23.785927,38.084457
81,225,23.785896,38.084365
81,226,23.786266,38.084556
81,227,23.786235,38.084556
81,228,23.786726,38.085086
81,229,23.786325,38.084624
81,230,23.786214,38.084723
81,231,23.786914,38.085612
81,232,23.788735,38.086124
81,233,23.790955,38.083914
81,234,23.792224,38.081233
81,235,23.794105,38.078315
81,236,23.795286,38.080154
81,237,23.797126,38.082935
81,238,23.798727,38.084765
81,239,23.800007,38.086536
81,240,23.800207,38.086776
81,241,23.801237,38.088336
81,242,23.802548,38.090327
81,243,23.803966,38.092399
81,244,23.805617,38.094089
81,245,23.808965,38.095661
81,246,23.809486,38.0959
81,247,23.809505,38.0959
81,248,23.809786,38.096091
81,249,23.810976,38.099112
81,250,23.812185,38.100421
81,251,23.813735,38.101753
81,252,23.814726,38.102062
81,253,23.815015,38.10216
81,254,23.816096,38.1025
81,255,23.817896,38.105948
81,256,23.821586,38.109527
81,257,23.825176,38.112925
81,258,23.827436,38.115207
81,259,23.831776,38.119467
81,260,23.836444,38.125079
81,261,23.838995,38.13045
81,262,23.840734,38.131381
81,263,23.840864,38.131122
81,264,23.840883,38.13111
81,265,23.840994,38.130992
81,266,23.840994,38.130954
81,267,23.840923,38.131255
81,268,23.840874,38.131293
81,269,23.840864,38.131305
81,270,23.840725,38.131465
81,271,23.840155,38.131865
81,272,23.839374,38.131244
81,273,23.837654,38.127693
81,274,23.835454,38.123401
81,275,23.831764,38.119582
81,276,23.829954,38.118564
81,277,23.827734,38.116153
81,278,23.824953,38.114093
81,279,23.822983,38.111694
81,280,23.819344,38.108153
81,281,23.815563,38.105552
81,282,23.814493,38.105201
81,283,23.813834,38.103999
81,284,23.808443,38.101718
81,285,23.802044,38.099159
81,286,23.795784,38.096648
81,287,23.791972,38.092888
81,288,23.790783,38.091346
81,289,23.788103,38.087867
81,290,23.784662,38.083396
81,291,23.781091,38.078857
81,292,23.776303,38.075489
81,293,23.770233,38.072997
81,294,23.763942,38.070468
81,295,23.757992,38.068069
81,296,23.752651,38.06589
81,297,23.7495,38.062312
81,298,23.752341,38.060752
81,299,23.756201,38.059993
81,300,23.764111,38.059642
81,301,23.76975,38.057712
81,302,23.77523,38.055171
81,303,23.78043,38.051951
81,304,23.78282,38.049651
81,305,23.782761,38.048282
81,306,23.78251,38.047122
81,307,23.780661,38.044273
81,308,23.780071,38.043663
81,309,23.779352,38.043064
81,310,23.779222,38.042945
81,311,23.778963,38.042693
81,312,23.778704,38.042472
81,313,23.778373,38.042182
81,314,23.777804,38.041713
81,315,23.777613,38.041564
81,316,23.777613,38.041564
81,317,23.776923,38.041003
81,318,23.776923,38.041003
81,319,23.775572,38.039642
81,320,23.773651,38.03736
81,321,23.77334,38.03691
81,322,23.77227,38.035739
81,323,23.771681,38.03493
81,324,23.771591,38.034961
81,325,23.76959,38.03516
81,326,23.766281,38.035548
81,327,23.76593,38.035628
81,328,23.763559,38.03693
81,329,23.76347,38.036998
81,330,23.76247,38.037719
81,331,23.761,38.038497
81,332,23.761009,38.038467
81,333,23.761029,38.038448
81,334,23.761268,38.038329
81,335,23.761328,38.038268
81,336,23.761257,38.038348
81,337,23.760958,38.038509
81,338,23.760538,38.038658
81,339,23.759958,38.039595
81,340,23.761399,38.040298
81,341,23.76027,38.041999
81,342,23.760658,38.042171
81,343,23.760728,38.042201
81,344,23.760809,38.04248
81,345,23.759459,38.0442
81,346,23.759138,38.044711
81,347,23.758888,38.045093
81,348,23.758419,38.045653
81,349,23.7584,38.045653
81,350,23.757441,38.046603
81,351,23.75638,38.047294
81,352,23.754669,38.048164
81,353,23.751928,38.049144
81,354,23.749797,38.049385
81,355,23.749458,38.049945
81,356,23.749008,38.050174
81,357,23.747318,38.048594
81,358,23.745949,38.048896
81,359,23.743549,38.049865
81,360,23.74302,38.049995
81,361,23.745239,38.053375
81,362,23.747879,38.059173
81,363,23.751749,38.064803
81,364,23.758258,38.067954
81,365,23.765339,38.070804
81,366,23.772398,38.073642
81,367,23.779389,38.077022
81,368,23.784189,38.08237
81,369,23.788439,38.087931
81,370,23.791699,38.092181
81,371,23.795378,38.09616
81,372,23.801958,38.098891
81,373,23.808658,38.10155
81,374,23.814959,38.10382
81,375,23.815039,38.105571
81,376,23.819198,38.108039
81,377,23.823509,38.112541
81,378,23.826069,38.114642
81,379,23.829409,38.118003
81,380,23.831108,38.118823
81,381,23.833849,38.121661
81,382,23.836969,38.12617
81,383,23.839279,38.131019
81,384,23.840429,38.132141
81,385,23.84078,38.132152
81,386,23.84048,38.132171
81,387,23.840151,38.131942
81,388,23.840471,38.13185
81,389,23.84061,38.131709
81,390,23.84066,38.131488
81,391,23.84066,38.131499
81,392,23.840339,38.1315
81,393,23.840268,38.131488
81,394,23.840279,38.131499
81,395,23.840279,38.131518
81,396,23.840318,38.13124
81,397,23.840358,38.131701
81,398,23.840768,38.131393
81,399,23.840969,38.130973
81,400,23.84095,38.130934
81,401,23.841049,38.130916
81,402,23.841009,38.130916
81,403,23.840978,38.130885
81,404,23.840938,38.130874
81,405,23.840969,38.130862
81,406,23.840899,38.130824
81,407,23.840868,38.130824
81,408,23.840948,38.130843
81,409,23.840859,38.131282
81,410,23.840679,38.131423
81,411,23.840629,38.131404
81,412,23.840709,38.131324
81,413,23.84066,38.131294
81,414,23.840719,38.131183
81,415,23.840969,38.130874
81,416,23.841018,38.130885
81,417,23.841069,38.130847
81,418,23.841138,38.130836
81,419,23.841148,38.130854
81,420,23.841129,38.130885
81,421,23.840899,38.131274
81,422,23.840748,38.131552
81,423,23.839887,38.131953
81,424,23.840748,38.133662
81,425,23.842459,38.137031
81,426,23.845329,38.138523
81,427,23.845329,38.139442
81,428,23.8419,38.140563
81,429,23.83774,38.140773
81,430,23.835819,38.140865
81,431,23.83416,38.140353
81,432,23.83237,38.139545
81,433,23.830251,38.140006
81,434,23.827742,38.139606
81,435,23.824781,38.138786
81,436,23.823362,38.138194
81,437,23.823381,38.138095
81,438,23.823191,38.138095
81,439,23.8232,38.138034
81,440,23.82313,38.138233
81,441,23.823099,38.13827
81,442,23.82453,38.138751
81,443,23.82715,38.139423
81,444,23.829679,38.139755
81,445,23.832011,38.139563
81,446,23.834369,38.140704
81,447,23.83631,38.141425
81,448,23.83972,38.140655
81,449,23.84425,38.139506
81,450,23.84363,38.138278
81,451,23.84091,38.134387
81,452,23.84054,38.131847
81,453,23.841009,38.130989
81,454,23.840898,38.130878
81,455,23.840899,38.130866
81,456,23.840929,38.130866
81,457,23.840858,38.130927
81,458,23.840898,38.130896
81,459,23.840848,38.131378
81,460,23.840679,38.131637
81,461,23.840358,38.131618
