82,1,23.840768,38.131453
82,2,23.840819,38.131362
82,3,23.840988,38.131163
82,4,23.840988,38.131163
82,5,23.841038,38.130885
82,6,23.841097,38.130904
82,7,23.840967,38.131163
82,8,23.840948,38.131194
82,9,23.840739,38.131473
82,10,23.840728,38.131492
82,11,23.840599,38.131762
82,12,23.839849,38.131854
82,13,23.839498,38.131416
82,14,23.838009,38.128394
82,15,23.836118,38.124495
82,16,23.832879,38.120757
82,17,23.829738,38.117538
82,18,23.8296,38.116889
82,19,23.83128,38.118408
82,20,23.833309,38.118289
82,21,23.834728,38.117988
82,22,23.836097,38.116526
82,23,23.837208,38.115336
82,24,23.838398,38.114005
82,25,23.839397,38.112907
82,26,23.840477,38.111716
82,27,23.841217,38.110465
82,28,23.841257,38.110373
82,29,23.842157,38.110652
82,30,23.845237,38.112674
82,31,23.849487,38.114295
82,32,23.852447,38.113185
82,33,23.855478,38.111236
82,34,23.859169,38.109695
82,35,23.862349,38.107654
82,36,23.865009,38.106303
82,37,23.868278,38.105365
82,38,23.872538,38.104014
82,39,23.876599,38.102313
82,40,23.881499,38.102164
82,41,23.885408,38.100776
82,42,23.887508,38.100325
82,43,23.889759,38.100345
82,44,23.890909,38.100886
82,45,23.892479,38.101375
82,46,23.893238,38.101783
82,47,23.893328,38.101714
82,48,23.893207,38.101654
82,49,23.893358,38.101733
82,50,23.893688,38.102012
82,51,23.893959,38.102252
82,52,23.894119,38.102462
82,53,23.8939,38.102221
82,54,23.89213,38.101162
82,55,23.89011,38.10033
82,56,23.887899,38.10031
82,57,23.88521,38.10102
82,58,23.88065,38.102291
82,59,23.875139,38.102752
82,60,23.870258,38.10472
82,61,23.865818,38.106101
82,62,23.862047,38.107822
82,63,23.858867,38.109973
82,64,23.854628,38.111694
82,65,23.851738,38.113784
82,66,23.850609,38.114345
82,67,23.847568,38.113723
82,68,23.843498,38.111114
82,69,23.841178,38.111213
82,70,23.839468,38.113021
82,71,23.837717,38.11486
82,72,23.835966,38.116741
82,73,23.834086,38.118209
82,74,23.831026,38.118037
82,75,23.829376,38.116809
82,76,23.830726,38.118171
82,77,23.834967,38.122543
82,78,23.835356,38.122974
82,79,23.835356,38.122985
82,80,23.835396,38.123145
82,81,23.837076,38.126205
82,82,23.839417,38.131156
82,83,23.840825,38.131408
82,84,23.840916,38.131317
82,85,23.840916,38.131317
82,86,23.841135,38.130946
82,87,23.841095,38.130946
82,88,23.841094,38.131064
82,89,23.840925,38.131305
82,90,23.840907,38.131335
82,91,23.840767,38.131496
82,92,23.840767,38.131507
82,93,23.840667,38.131767
82,94,23.839897,38.131915
82,95,23.838957,38.130343
82,96,23.837205,38.126663
82,97,23.834677,38.122531
82,98,23.831177,38.118953
82,99,23.829397,38.118095
82,100,23.826627,38.115214
82,101,23.824627,38.114074
82,102,23.823747,38.112564
82,103,23.821337,38.109935
82,104,23.817038,38.105785
82,105,23.811268,38.102843
82,106,23.805107,38.100364
82,107,23.798317,38.097736
82,108,23.793017,38.094234
82,109,23.790826,38.091334
82,110,23.787647,38.087226
82,111,23.784067,38.082546
82,112,23.780228,38.077964
82,113,23.774958,38.074862
82,114,23.768979,38.07247
82,115,23.763088,38.070102
82,116,23.759147,38.068653
82,117,23.759887,38.069061
82,118,23.759869,38.06705
82,119,23.759249,38.065162
82,120,23.757538,38.063041
82,121,23.756458,38.060501
82,122,23.755928,38.059112
82,123,23.754777,38.057483
82,124,23.753198,38.055225
82,125,23.751308,38.052333
82,126,23.750239,38.051333
82,127,23.749739,38.050803
82,128,23.749588,38.049693
82,129,23.750387,38.049533
82,130,23.751466,38.049281
82,131,23.753086,38.04869
82,132,23.754596,38.048259
82,133,23.756755,38.04708
82,134,23.757286,38.046802
82,135,23.757866,38.046321
82,136,23.757905,38.046321
82,137,23.758507,38.04565
82,138,23.760018,38.04338
82,139,23.761057,38.042491
82,140,23.761177,38.042392
82,141,23.761316,38.042331
82,142,23.762947,38.04193
82,143,23.762707,38.04166
82,144,23.762417,38.041481
82,145,23.762386,38.041518
82,146,23.762287,38.041579
82,147,23.762448,38.041228
82,148,23.762367,38.041137
82,149,23.762547,38.041309
82,150,23.762306,38.041458
82,151,23.762236,38.041518
82,152,23.762236,38.041259
82,153,23.762325,38.04119
82,154,23.762504,38.041271
82,155,23.762544,38.04132
82,156,23.762504,38.041282
82,157,23.762365,38.041301
82,158,23.762276,38.0414
82,159,23.762427,38.041332
82,160,23.762827,38.041583
82,161,23.763006,38.041702
82,162,23.763026,38.041842
82,163,23.761425,38.042174
82,164,23.759695,38.043845
82,165,23.758935,38.045016
82,166,23.758866,38.045108
82,167,23.758465,38.045608
82,168,23.758446,38.045619
82,169,23.758066,38.045989
82,170,23.756996,38.046928
82,171,23.755667,38.047759
82,172,23.752906,38.048789
82,173,23.751756,38.049251
82,174,23.751336,38.050319
82,175,23.751248,38.051299
82,176,23.751216,38.052138
82,177,23.752706,38.054439
82,178,23.754125,38.05656
82,179,23.755556,38.058529
82,180,23.756426,38.06018
82,181,23.757466,38.062839
82,182,23.758505,38.064067
82,183,23.759504,38.065307
82,184,23.759763,38.066176
82,185,23.760174,38.068298
82,186,23.764504,38.070297
82,187,23.770813,38.072887
82,188,23.777274,38.075626
82,189,23.782653,38.080466
82,190,23.786953,38.085997
82,191,23.790724,38.090919
82,192,23.794184,38.095248
82,193,23.799934,38.098117
82,194,23.805334,38.100219
82,195,23.810234,38.102149
82,196,23.815024,38.10385
82,197,23.815223,38.105552
82,198,23.819663,38.10847
82,199,23.823395,38.1132
82,200,23.826725,38.11526
82,201,23.830216,38.118812
82,202,23.831995,38.119941
82,203,23.835726,38.12384
82,204,23.837276,38.12701
82,205,23.839586,38.131698
82,206,23.840786,38.131366
82,207,23.840986,38.131045
82,208,23.841036,38.130984
82,209,23.840996,38.131255
82,210,23.840947,38.131293
82,211,23.840647,38.131782
82,212,23.839696,38.131751
82,213,23.838426,38.12926
82,214,23.836376,38.12498
82,215,23.833376,38.12125
82,216,23.830776,38.118759
82,217,23.828766,38.117359
82,218,23.825867,38.114478
82,219,23.824367,38.113887
82,220,23.823627,38.112235
82,221,23.820818,38.109424
82,222,23.816458,38.105285
82,223,23.810287,38.102454
82,224,23.803908,38.099914
82,225,23.797638,38.097484
82,226,23.793118,38.094394
82,227,23.790428,38.090892
82,228,23.787498,38.087081
82,229,23.783959,38.082431
82,230,23.780388,38.078121
82,231,23.775269,38.074969
82,232,23.769268,38.07257
82,233,23.763107,38.070109
82,234,23.759148,38.068618
82,235,23.759858,38.069068
82,236,23.759857,38.067237
82,237,23.759817,38.066836
82,238,23.759847,38.066638
82,239,23.759017,38.06488
82,240,23.758179,38.063781
82,241,23.757649,38.063041
82,242,23.756708,38.060901
82,243,23.755709,38.058723
82,244,23.754358,38.056853
82,245,23.753167,38.055225
82,246,23.751149,38.052253
82,247,23.750228,38.051372
82,248,23.749729,38.050842
82,249,23.749489,38.050621
82,250,23.749479,38.050609
82,251,23.749599,38.049468
82,252,23.750679,38.049628
82,253,23.75297,38.048797
82,254,23.75563,38.047729
82,255,23.7561,38.047469
82,256,23.75641,38.047271
82,257,23.756461,38.047271
82,258,23.75668,38.047111
82,259,23.75684,38.047091
82,260,23.757201,38.046821
82,261,23.75734,38.046741
82,262,23.757398,38.046729
82,263,23.757868,38.046249
82,264,23.757926,38.046218
82,265,23.758517,38.045517
82,266,23.759737,38.043605
82,267,23.761738,38.042243
82,268,23.762927,38.041911
82,269,23.762657,38.04148
82,270,23.762398,38.041481
82,271,23.762428,38.041518
82,272,23.762329,38.041019
82,273,23.762159,38.04082
82,274,23.762069,38.040851
82,275,23.76156,38.040519
82,276,23.760731,38.041419
82,277,23.761021,38.042331
82,278,23.76046,38.043071
82,279,23.76006,38.043491
82,280,23.75988,38.043761
82,281,23.759349,38.044593
82,282,23.759199,38.044792
82,283,23.758788,38.045359
82,284,23.75833,38.045921
82,285,23.757089,38.046989
82,286,23.754789,38.048259
82,287,23.751999,38.049209
82,288,23.751148,38.05004
82,289,23.751988,38.050819
82,290,23.751118,38.051887
82,291,23.752697,38.054198
82,292,23.754457,38.056819
82,293,23.756018,38.059028
82,294,23.756848,38.061206
82,295,23.757488,38.062766
82,296,23.757547,38.062797
82,297,23.758056,38.063598
82,298,23.758947,38.064689
82,299,23.759937,38.066737
82,300,23.761827,38.069118
82,301,23.767217,38.071368
82,302,23.774048,38.074149
82,303,23.780298,38.07769
82,304,23.784778,38.083037
82,305,23.788948,38.088466
82,306,23.791227,38.091517
82,307,23.793968,38.094928
82,308,23.799568,38.097949
82,309,23.806738,38.10078
82,310,23.814459,38.10356
82,311,23.815118,38.105552
82,312,23.819779,38.108524
82,313,23.823469,38.113624
82,314,23.827308,38.115764
82,315,23.830549,38.118705
82,316,23.832619,38.120475
82,317,23.836328,38.124896
82,318,23.838338,38.129145
82,319,23.84001,38.131907
82,320,23.84082,38.131308
82,321,23.84086,38.131298
82,322,23.840959,38.131206
82,323,23.840979,38.131187
82,324,23.841148,38.130988
82,325,23.841129,38.130988
82,326,23.840969,38.131308
82,327,23.840929,38.131339
82,328,23.840679,38.131801
82,329,23.839859,38.131869
82,330,23.83899,38.130328
82,331,23.837398,38.127029
82,332,23.835589,38.123458
82,333,23.832529,38.120327
82,334,23.830078,38.117858
82,335,23.830078,38.117858
82,336,23.829507,38.117289
82,337,23.829718,38.116969
82,338,23.831598,38.118549
82,339,23.833529,38.118278
82,340,23.834718,38.117939
82,341,23.83586,38.116717
82,342,23.836769,38.115699
82,343,23.83778,38.114589
82,344,23.83868,38.113467
82,345,23.839861,38.112338
82,346,23.840831,38.11132
82,347,23.841261,38.110389
82,348,23.84144,38.110297
82,349,23.843151,38.111148
82,350,23.846161,38.113269
82,351,23.849991,38.114318
82,352,23.852871,38.112937
82,353,23.856201,38.111018
82,354,23.859571,38.109279
82,355,23.862831,38.107489
82,356,23.865612,38.10617
82,357,23.869053,38.105102
82,358,23.872942,38.103881
82,359,23.876562,38.102302
82,360,23.880963,38.102252
82,361,23.884962,38.101024
82,362,23.887262,38.100402
82,363,23.889092,38.100463
82,364,23.890662,38.100913
82,365,23.891971,38.101314
82,366,23.893141,38.101825
82,367,23.893131,38.101714
82,368,23.893051,38.101684
82,369,23.893402,38.101955
82,370,23.893732,38.102256
82,371,23.893973,38.102477
82,372,23.894112,38.102527
82,373,23.893272,38.101726
82,374,23.890632,38.100795
82,375,23.887953,38.100215
82,376,23.884683,38.101234
82,377,23.877804,38.102412
82,378,23.871674,38.104243
82,379,23.864963,38.106345
82,380,23.860843,38.108585
82,381,23.855475,38.111286
82,382,23.851154,38.113955
82,383,23.850584,38.114326
82,384,23.850374,38.114474
82,385,23.845614,38.112773
82,386,23.841583,38.110683
82,387,23.839653,38.112731
82,388,23.837584,38.11497
82,389,23.835724,38.117
82,390,23.832905,38.118209
82,391,23.829744,38.116958
82,392,23.830055,38.11766
82,393,23.834705,38.12239
82,394,23.837986,38.128218
82,395,23.840357,38.131869
82,396,23.840967,38.130859
82,397,23.840936,38.130828
82,398,23.840918,38.13084
82,399,23.840859,38.13087
82,400,23.840859,38.130851
82,401,23.840849,38.13127
82,402,23.839868,38.131893
82,403,23.837999,38.128471
82,404,23.835549,38.123592
82,405,23.831158,38.118961
82,406,23.828388,38.116809
82,407,23.825008,38.114028
82,408,23.823738,38.112369
82,409,23.819837,38.108398
82,410,23.813778,38.103766
82,411,23.806028,38.100715
82,412,23.798769,38.097903
82,413,23.793079,38.094325
82,414,23.79164,38.092463
82,415,23.79105,38.091685
82,416,23.787621,38.087257
82,417,23.78359,38.082038
82,418,23.77977,38.077948
82,419,23.778629,38.077269
82,420,23.7754,38.07519
82,421,23.770179,38.073081
82,422,23.76528,38.07109
82,423,23.76062,38.069259
82,424,23.76157,38.07128
82,425,23.761209,38.071639
82,426,23.761309,38.071548
82,427,23.760899,38.070266
82,428,23.76084,38.069236
82,429,23.763871,38.070445
82,430,23.76749,38.071895
82,431,23.77133,38.073455
82,432,23.775249,38.075053
82,433,23.77859,38.077033
82,434,23.779689,38.077254
82,435,23.781848,38.079295
82,436,23.78595,38.084617
82,437,23.789859,38.089706
82,438,23.7925,38.093208
82,439,23.79784,38.097297
82,440,23.80497,38.100086
82,441,23.81278,38.103034
82,442,23.814639,38.105105
82,443,23.818109,38.106944
82,444,23.82296,38.111655
82,445,23.82571,38.114234
82,446,23.828991,38.117496
82,447,23.83089,38.118697
82,448,23.834051,38.121928
82,449,23.83687,38.126048
82,450,23.8389,38.130279
82,451,23.84058,38.131678
82,452,23.84082,38.131328
82,453,23.84087,38.131267
82,454,23.84091,38.131267
82,455,23.840321,38.131599
82,456,23.840241,38.131679
82,457,23.840221,38.131709
82,458,23.840229,38.131812
