83,1,23.853458,38.0031
83,2,23.854568,38.00336
83,3,23.856339,38.003169
83,4,23.861599,38.000098
83,5,23.865919,37.99821
83,6,23.869099,37.99636
83,7,23.87296,37.994521
83,8,23.876928,37.990963
83,9,23.880169,37.988933
83,10,23.881118,37.989784
83,11,23.881359,37.990172
83,12,23.881319,37.990172
83,13,23.881249,37.990093
83,14,23.881427,37.990211
83,15,23.881428,37.990092
83,16,23.881588,37.990291
83,17,23.881588,37.990352
83,18,23.881348,37.990112
83,19,23.881348,37.990123
83,20,23.881237,37.990112
83,21,23.881388,37.990073
83,22,23.880287,37.989005
83,23,23.879097,37.989573
83,24,23.875098,37.992244
83,25,23.876198,37.995006
83,26,23.876497,37.999335
83,27,23.877937,38.001593
83,28,23.878397,38.003074
83,29,23.877586,38.003173
83,30,23.877346,38.003753
83,31,23.878977,38.003753
83,32,23.879026,38.003741
83,33,23.879985,38.003711
83,34,23.880655,38.002261
83,35,23.880146,37.998431
83,36,23.880806,37.995731
83,37,23.882156,37.990859
83,38,23.883467,37.987548
83,39,23.887766,37.985167
83,40,23.892266,37.982269
83,41,23.895805,37.979937
83,42,23.900136,37.977138
83,43,23.903894,37.974246
83,44,23.905525,37.970668
83,45,23.906065,37.966986
83,46,23.906574,37.965068
83,47,23.905724,37.964076
83,48,23.901514,37.962967
83,49,23.898194,37.962584
83,50,23.894173,37.958693
83,51,23.889834,37.956844
83,52,23.884823,37.954944
83,53,23.880164,37.953574
83,54,23.876043,37.952983
83,55,23.872463,37.952231
83,56,23.869614,37.95201
83,57,23.870384,37.95198
83,58,23.872644,37.952159
83,59,23.872704,37.952129
83,60,23.872604,37.951568
83,61,23.872605,37.951427
83,62,23.872574,37.951415
83,63,23.872423,37.951655
83,64,23.872364,37.952217
83,65,23.867714,37.952125
83,66,23.862564,37.951583
83,67,23.862454,37.951583
83,68,23.861873,37.951472
83,69,23.863773,37.948462
83,70,23.866212,37.944462
83,71,23.867594,37.94007
83,72,23.869194,37.935802
83,73,23.870704,37.932281
83,74,23.872275,37.92826
83,75,23.873865,37.923728
83,76,23.875455,37.918788
83,77,23.874605,37.914348
83,78,23.873605,37.910148
83,79,23.874425,37.90884
83,80,23.876116,37.906249
83,81,23.880516,37.90554
83,82,23.883005,37.903961
83,83,23.885145,37.901371
83,84,23.885046,37.898979
83,85,23.884266,37.89709
83,86,23.883137,37.89289
83,87,23.883137,37.892878
83,88,23.882547,37.892959
83,89,23.882467,37.893169
83,90,23.882436,37.893157
83,91,23.882396,37.893195
83,92,23.882345,37.893234
83,93,23.882216,37.893062
83,94,23.882515,37.892872
83,95,23.882885,37.892722
83,96,23.883856,37.895931
83,97,23.884886,37.89849
83,98,23.884905,37.898521
83,99,23.885034,37.898822
83,100,23.884904,37.90182
83,101,23.882984,37.904052
83,102,23.879954,37.905563
83,103,23.875353,37.907073
83,104,23.873972,37.909454
83,105,23.873762,37.910713
83,106,23.874832,37.914771
83,107,23.875382,37.919272
83,108,23.87379,37.924282
83,109,23.872421,37.928081
83,110,23.870481,37.932922
83,111,23.86876,37.936961
83,112,23.867231,37.941901
83,113,23.864992,37.946612
83,114,23.863332,37.949252
83,115,23.863022,37.949764
83,116,23.864772,37.951453
83,117,23.869453,37.951842
83,118,23.875284,37.952731
83,119,23.881754,37.95367
83,120,23.886784,37.955741
83,121,23.893444,37.957882
83,122,23.897504,37.962222
83,123,23.902914,37.963234
83,124,23.906754,37.964145
83,125,23.906754,37.964873
83,126,23.906152,37.966976
83,127,23.905683,37.968986
83,128,23.904894,37.972618
83,129,23.901994,37.975997
83,130,23.897735,37.978717
83,131,23.893675,37.981319
83,132,23.889574,37.984157
83,133,23.885124,37.986678
83,134,23.882204,37.98796
83,135,23.881084,37.989761
83,136,23.881365,37.98997
83,137,23.881365,37.98997
83,138,23.882055,37.990611
83,139,23.881916,37.990802
83,140,23.881766,37.990913
83,141,23.881784,37.990913
83,142,23.881895,37.990451
83,143,23.881895,37.990542
83,144,23.882166,37.990722
83,145,23.881987,37.991634
83,146,23.881237,37.994293
83,147,23.880398,37.997321
83,148,23.880197,37.999633
83,149,23.880627,38.001594
83,150,23.880697,38.002265
83,151,23.880467,38.002456
83,152,23.879997,38.002517
83,153,23.879868,38.002547
83,154,23.879547,38.002548
83,155,23.879528,38.002578
83,156,23.879568,38.002578
83,157,23.879488,38.002578
83,158,23.879778,38.002567
83,159,23.879788,38.002567
83,160,23.879689,38.002567
83,161,23.879518,38.002517
83,162,23.879389,38.002567
83,163,23.879398,38.002604
83,164,23.879608,38.002616
83,165,23.879478,38.002586
83,166,23.878988,38.002636
83,167,23.878858,38.002635
83,168,23.880529,38.002574
83,169,23.88056,38.000995
83,170,23.88059,37.996524
83,171,23.881999,37.991443
83,172,23.881281,37.990062
83,173,23.881241,37.990081
83,174,23.881201,37.990081
83,175,23.88108,37.989939
83,176,23.88015,37.989089
83,177,23.87923,37.989558
83,178,23.876251,37.991488
83,179,23.87499,37.992358
83,180,23.87315,37.994407
83,181,23.870791,37.995918
83,182,23.867999,37.997207
83,183,23.86325,37.999545
83,184,23.858341,38.002235
83,185,23.85803,38.005713
83,186,23.858419,38.007033
83,187,23.85841,38.007045
83,188,23.85892,38.007446
83,189,23.860038,38.007305
83,190,23.860418,38.007285
83,191,23.86077,38.008494
83,192,23.86104,38.010226
83,193,23.86025,38.012786
83,194,23.86025,38.016505
83,195,23.860401,38.019786
83,196,23.860401,38.019798
83,197,23.860161,38.021377
83,198,23.859751,38.023185
83,199,23.859331,38.027076
83,200,23.855751,38.028507
83,201,23.85268,38.028937
83,202,23.85124,38.028739
83,203,23.85114,38.030101
83,204,23.851461,38.029983
83,205,23.851502,38.030112
83,206,23.851561,38.030273
83,207,23.85157,38.030292
83,208,23.85195,38.031001
83,209,23.854321,38.030101
83,210,23.854551,38.028979
83,211,23.859081,38.027778
83,212,23.859522,38.024657
83,213,23.859472,38.023998
83,214,23.859762,38.022659
83,215,23.860342,38.019038
83,216,23.860272,38.014087
83,217,23.85929,38.011836
83,218,23.85737,38.010398
83,219,23.858209,38.008857
83,220,23.857689,38.008209
83,221,23.857349,38.00727
83,222,23.855308,38.007178
83,223,23.855759,38.005447
83,224,23.856228,38.004016
83,225,23.856138,38.003394
83,226,23.859228,38.001743
83,227,23.863317,37.999534
83,228,23.867607,37.997413
83,229,23.870667,37.995872
83,230,23.874126,37.992851
83,231,23.878037,37.990249
83,232,23.880346,37.989109
83,233,23.882036,37.990737
83,234,23.881216,37.990699
83,235,23.881216,37.990688
83,236,23.881336,37.990218
83,237,23.881346,37.989978
83,238,23.881296,37.989978
83,239,23.881216,37.989768
83,240,23.880786,37.989398
83,241,23.880447,37.98912
83,242,23.880428,37.98912
83,243,23.879879,37.989219
83,244,23.877868,37.990428
83,245,23.875059,37.992297
83,246,23.873969,37.991359
83,247,23.87199,37.989898
83,248,23.870081,37.990908
83,249,23.871961,37.992839
83,250,23.870222,37.99554
83,251,23.870272,37.995768
83,252,23.868951,37.99662
83,253,23.865652,37.998451
83,254,23.861702,38.000141
83,255,23.858082,38.00238
83,256,23.857961,38.005168
83,257,23.858161,38.006057
83,258,23.858193,38.006198
83,259,23.858202,38.006259
83,260,23.858313,38.006698
83,261,23.858313,38.00671
83,262,23.858372,38.006881
83,263,23.858421,38.007102
83,264,23.858421,38.007102
83,265,23.858761,38.007422
83,266,23.85993,38.007262
83,267,23.86035,38.007224
83,268,23.860809,38.008895
83,269,23.861109,38.011207
83,270,23.860248,38.013038
83,271,23.860268,38.015586
83,272,23.860446,38.019245
83,273,23.860437,38.019812
83,274,23.860218,38.021064
83,275,23.859647,38.023715
83,276,23.859317,38.027056
83,277,23.859179,38.030265
83,278,23.858907,38.031036
83,279,23.858097,38.031356
83,280,23.857918,38.031425
83,281,23.856897,38.031746
83,282,23.856767,38.031783
83,283,23.856878,38.032802
83,284,23.855679,38.034812
83,285,23.852108,38.037883
83,286,23.848438,38.041423
83,287,23.847848,38.041804
83,288,23.847379,38.042056
83,289,23.84448,38.043655
83,290,23.842951,38.044524
83,291,23.840301,38.046084
83,292,23.840122,38.046215
83,293,23.839802,38.046435
83,294,23.839762,38.046455
83,295,23.838321,38.045826
83,296,23.837001,38.044876
83,297,23.835222,38.043555
83,298,23.833141,38.042038
83,299,23.831091,38.040496
83,300,23.830212,38.040545
83,301,23.830042,38.041026
83,302,23.829913,38.041378
83,303,23.829762,38.041687
83,304,23.829651,38.042037
83,305,23.829491,38.042568
83,306,23.82922,38.043449
83,307,23.82831,38.04341
83,308,23.82552,38.042102
83,309,23.82246,38.040573
83,310,23.82109,38.040233
83,311,23.81973,38.040351
83,312,23.81969,38.04037
83,313,23.819481,38.039901
83,314,23.8195,38.037952
83,315,23.81955,38.037834
83,316,23.8197,38.037932
83,317,23.81967,38.037963
83,318,23.81967,38.037974
83,319,23.81954,38.038543
83,320,23.81999,38.040412
83,321,23.82246,38.040713
83,322,23.825751,38.042415
83,323,23.82867,38.043853
83,324,23.829281,38.043422
83,325,23.829871,38.041332
83,326,23.830021,38.04077
83,327,23.830141,38.040309
83,328,23.830141,38.04021
83,329,23.83242,38.04158
83,330,23.835069,38.04348
83,331,23.83679,38.04473
83,332,23.83682,38.04473
83,333,23.83873,38.046111
83,334,23.84112,38.045382
83,335,23.843069,38.044322
83,336,23.846168,38.042521
83,337,23.848539,38.041202
83,338,23.85058,38.03942
83,339,23.854469,38.035609
83,340,23.8568,38.032889
83,341,23.85832,38.031211
83,342,23.85915,38.029181
83,343,23.85948,38.02605
83,344,23.85952,38.024711
83,345,23.85951,38.023902
83,346,23.859591,38.023292
83,347,23.86014,38.020461
83,348,23.860159,38.016902
83,349,23.860199,38.013481
83,350,23.859219,38.011779
83,351,23.857399,38.010508
83,352,23.85821,38.008769
83,353,23.85767,38.008258
83,354,23.85767,38.008246
83,355,23.8575,38.007735
83,356,23.85687,38.006854
83,357,23.855001,38.006294
83,358,23.856281,38.005263
83,359,23.856401,38.003143
83,360,23.860281,38.000892
83,361,23.864102,37.999152
83,362,23.868132,37.997012
83,363,23.869692,37.996093
83,364,23.872762,37.994712
83,365,23.875283,37.991981
83,366,23.878922,37.989619
83,367,23.880972,37.989669
83,368,23.881252,37.989909
83,369,23.881222,37.989989
83,370,23.881851,37.990612
83,371,23.881891,37.990641
83,372,23.881962,37.990642
83,373,23.881881,37.990612
83,374,23.881881,37.990623
83,375,23.881333,37.990192
83,376,23.881323,37.990192
83,377,23.880872,37.989662
83,378,23.879374,37.989532
83,379,23.876204,37.991573
83,380,23.873233,37.994342
83,381,23.869034,37.996593
83,382,23.864115,37.999263
83,383,23.860115,38.001144
83,384,23.857864,38.003474
83,385,23.858274,38.006575
83,386,23.858305,38.006637
83,387,23.858416,38.007045
83,388,23.858406,38.007083
83,389,23.858465,38.007563
83,390,23.857204,38.007922
83,391,23.856455,38.008861
83,392,23.856455,38.010142
83,393,23.854125,38.012912
83,394,23.852095,38.017433
83,395,23.850315,38.020781
83,396,23.847826,38.020831
83,397,23.847416,38.021632
83,398,23.849046,38.024482
83,399,23.849537,38.026522
83,400,23.845577,38.028385
83,401,23.843748,38.028106
83,402,23.842367,38.026226
83,403,23.842376,38.026214
83,404,23.842266,38.026042
83,405,23.840366,38.025283
83,406,23.838997,38.024974
83,407,23.839006,38.024913
83,408,23.838087,38.025264
83,409,23.838717,38.025012
83,410,23.838956,38.024864
83,411,23.839136,38.024833
83,412,23.842596,38.026221
83,413,23.844807,38.025581
83,414,23.848987,38.02494
83,415,23.849007,38.024928
83,416,23.848735,38.02391
83,417,23.847036,38.021178
83,418,23.849407,38.02061
83,419,23.851227,38.02066
83,420,23.851227,38.02066
83,421,23.850916,38.02074
83,422,23.851036,38.019722
83,423,23.853105,38.01512
83,424,23.855646,38.010619
83,425,23.855097,38.00851
83,426,23.855137,38.00666
83,427,23.855917,38.005259
83,428,23.856148,38.003409
83,429,23.854578,38.003559
83,430,23.853357,38.003158
83,431,23.853286,38.002567
83,432,23.853287,38.002677
83,433,23.853268,38.002666
83,434,23.853268,38.002654
83,435,23.853308,38.002376
83,436,23.852317,38.002414
83,437,23.852218,38.002426
83,438,23.852179,38.002677
83,439,23.852218,38.002826
83,440,23.852489,38.003016
83,441,23.852489,38.004706
83,442,23.853158,38.003848
83,443,23.853628,38.00291
83,444,23.853499,38.002849
83,445,23.853508,38.002917
83,446,23.853506,38.002776
