85,1,23.854229,38.003078
85,2,23.854589,38.003757
85,3,23.856289,38.003196
85,4,23.858429,38.002128
85,5,23.861879,37.999988
85,6,23.86508,37.998668
85,7,23.867239,37.997527
85,8,23.869589,37.996139
85,9,23.872209,37.995189
85,10,23.874368,37.992588
85,11,23.87748,37.990558
85,12,23.8804,37.989089
85,13,23.881019,37.98973
85,14,23.88123,37.989959
85,15,23.88134,37.990078
85,16,23.88132,37.990157
85,17,23.88145,37.990237
85,18,23.881331,37.990016
85,19,23.881311,37.990115
85,20,23.881151,37.990153
85,21,23.881132,37.990142
85,22,23.881202,37.990013
85,23,23.880882,37.989643
85,24,23.880222,37.989001
85,25,23.879443,37.989372
85,26,23.877021,37.990912
85,27,23.874663,37.992293
85,28,23.872973,37.990062
85,29,23.870413,37.990234
85,30,23.870592,37.991435
85,31,23.872063,37.993904
85,32,23.870273,37.995753
85,33,23.870273,37.995742
85,34,23.868673,37.996723
85,35,23.865193,37.998611
85,36,23.861012,38.000411
85,37,23.858451,38.002102
85,38,23.857863,38.003852
85,39,23.858383,38.006782
85,40,23.858463,38.00706
85,41,23.858494,38.007201
85,42,23.859724,38.007282
85,43,23.860004,38.007262
85,44,23.860705,38.008041
85,45,23.861075,38.010459
85,46,23.860464,38.012519
85,47,23.860365,38.014579
85,48,23.860365,38.01789
85,49,23.860424,38.019802
85,50,23.860423,38.019901
85,51,23.860094,38.021781
85,52,23.859653,38.024619
85,53,23.859264,38.02782
85,54,23.859015,38.030941
85,55,23.857053,38.031661
85,56,23.856363,38.031913
85,57,23.857082,38.033332
85,58,23.857052,38.033721
85,59,23.855042,38.035262
85,60,23.851772,38.038211
85,61,23.848592,38.041282
85,62,23.844352,38.0437
85,63,23.840273,38.046031
85,64,23.839893,38.046332
85,65,23.839884,38.046332
85,66,23.839764,38.046424
85,67,23.839643,38.046516
85,68,23.839643,38.046527
85,69,23.838592,38.046039
85,70,23.836353,38.04436
85,71,23.833983,38.042621
85,72,23.831543,38.04079
85,73,23.830784,38.040229
85,74,23.830303,38.040149
85,75,23.829883,38.041667
85,76,23.829383,38.043506
85,77,23.828624,38.043597
85,78,23.826214,38.042476
85,79,23.823124,38.040958
85,80,23.821154,38.040256
85,81,23.819574,38.040374
85,82,23.819093,38.039974
85,83,23.816793,38.041465
85,84,23.814083,38.043144
85,85,23.810453,38.044532
85,86,23.807733,38.045433
85,87,23.806664,38.045592
85,88,23.806584,38.045604
85,89,23.806303,38.045413
85,90,23.806722,38.045353
85,91,23.805443,38.04465
85,92,23.803613,38.042881
85,93,23.803664,38.041442
85,94,23.805713,38.040832
85,95,23.808013,38.039752
85,96,23.808033,38.039764
85,97,23.808803,38.040493
85,98,23.809193,38.043742
85,99,23.810043,38.044673
85,100,23.814293,38.043033
85,101,23.817342,38.041023
85,102,23.819402,38.040321
85,103,23.821923,38.04053
85,104,23.823582,38.041381
85,105,23.826592,38.04293
85,106,23.82784,38.043521
85,107,23.829401,38.0428
85,108,23.82974,38.041671
85,109,23.82998,38.040721
85,110,23.830801,38.04042
85,111,23.833601,38.042442
85,112,23.836681,38.044692
85,113,23.839062,38.046371
85,114,23.841982,38.044872
85,115,23.845852,38.04272
85,116,23.849622,38.04037
85,117,23.852553,38.037292
85,118,23.855892,38.034602
85,119,23.856952,38.033344
85,120,23.856722,38.031802
85,121,23.859081,38.030391
85,122,23.859282,38.026523
85,123,23.859482,38.024394
85,124,23.859681,38.023033
85,125,23.860342,38.019183
85,126,23.860292,38.014633
85,127,23.859641,38.011752
85,128,23.857561,38.011272
85,129,23.857801,38.00912
85,130,23.857821,38.008498
85,131,23.85781,38.008467
85,132,23.85746,38.008117
85,133,23.85742,38.008068
85,134,23.857321,38.007796
85,135,23.856651,38.007007
85,136,23.855252,38.007388
85,137,23.855741,38.005718
85,138,23.856142,38.003768
85,139,23.856782,38.002918
85,140,23.856793,38.002917
85,141,23.857612,38.002639
85,142,23.860952,38.00051
85,143,23.866321,37.998092
85,144,23.870802,37.995853
85,145,23.873552,37.993552
85,146,23.874552,37.992561
85,147,23.877012,37.990951
85,148,23.880253,37.98904
85,149,23.881382,37.990188
85,150,23.881262,37.990158
85,151,23.881382,37.990237
85,152,23.881413,37.990218
85,153,23.881222,37.99002
85,154,23.881392,37.990241
85,155,23.881382,37.990242
85,156,23.881232,37.990032
85,157,23.881201,37.990062
85,158,23.881201,37.989951
85,159,23.88121,37.98994
85,160,23.880751,37.989489
85,161,23.88023,37.989028
85,162,23.87925,37.989527
85,163,23.876909,37.991038
85,164,23.874649,37.99232
85,165,23.872919,37.99007
85,166,23.870378,37.990321
85,167,23.870959,37.991771
85,168,23.871439,37.994441
85,169,23.870368,37.995891
85,170,23.868209,37.997069
85,171,23.86447,37.99905
85,172,23.86003,38.001171
85,173,23.85793,38.00214
85,174,23.858359,37.9999
85,175,23.857648,37.998011
85,176,23.856409,37.99774
85,177,23.853489,37.998012
85,178,23.852669,37.998683
85,179,23.852459,37.999484
85,180,23.851419,37.998813
85,181,23.85034,37.998035
85,182,23.849171,37.997516
85,183,23.847382,37.996886
85,184,23.845452,37.996776
85,185,23.844341,37.997367
85,186,23.844322,37.997367
85,187,23.844332,37.997329
85,188,23.844541,37.997069
85,189,23.844652,37.996978
85,190,23.844652,37.996989
85,191,23.844692,37.996951
85,192,23.844612,37.997001
85,193,23.844082,37.997592
85,194,23.844042,37.997562
85,195,23.846151,37.996623
85,196,23.849651,37.997634
85,197,23.851692,37.999023
85,198,23.852213,38.001194
85,199,23.854322,38.001735
85,200,23.854553,38.003807
85,201,23.856853,38.002925
85,202,23.859804,38.001247
85,203,23.863425,37.999427
85,204,23.867404,37.997459
85,205,23.869924,37.996059
85,206,23.871333,37.995658
85,207,23.874084,37.992869
85,208,23.874665,37.992469
85,209,23.878765,37.989779
85,210,23.881185,37.98991
85,211,23.881376,37.990199
85,212,23.881426,37.990131
85,213,23.881326,37.989982
85,214,23.881237,37.990032
85,215,23.881286,37.990069
85,216,23.882117,37.99079
85,217,23.881777,37.992252
85,218,23.881006,37.995089
85,219,23.880297,37.99763
85,220,23.880337,38.000232
85,221,23.880716,38.0027
85,222,23.880747,38.00315
85,223,23.880797,38.003299
85,224,23.880787,38.003337
85,225,23.880457,38.003688
85,226,23.878837,38.003726
85,227,23.877157,38.003776
85,228,23.875337,38.004146
85,229,23.874598,38.004397
85,230,23.874949,38.004848
85,231,23.875908,38.005477
85,232,23.876838,38.005656
85,233,23.877089,38.006248
85,234,23.877638,38.006927
85,235,23.878248,38.007438
85,236,23.878717,38.00724
85,237,23.879307,38.007728
85,238,23.879707,38.008197
85,239,23.879777,38.008167
85,240,23.879417,38.008468
85,241,23.878977,38.008758
85,242,23.879617,38.007987
85,243,23.879617,38.007987
85,244,23.879417,38.007735
85,245,23.878338,38.007446
85,246,23.876968,38.005664
85,247,23.874529,38.004585
85,248,23.87584,38.004073
85,249,23.87863,38.003814
85,250,23.87994,38.003803
85,251,23.88081,38.003631
85,252,23.880659,38.001212
85,253,23.880629,37.996642
85,254,23.881998,37.991672
85,255,23.881647,37.990321
85,256,23.881588,37.990051
85,257,23.881437,37.990012
85,258,23.881597,37.990234
85,259,23.882187,37.990745
85,260,23.881746,37.992466
85,261,23.881206,37.994476
85,262,23.881206,37.994476
85,263,23.881006,37.995097
85,264,23.880446,37.997119
85,265,23.880215,37.999747
85,266,23.880664,38.002109
85,267,23.880804,38.003169
85,268,23.880823,38.003249
85,269,23.880893,38.003589
85,270,23.879124,38.003699
85,271,23.878584,38.003711
85,272,23.877705,38.003681
85,273,23.875444,38.004069
85,274,23.872885,38.004928
85,275,23.871965,38.005557
85,276,23.871565,38.007888
85,277,23.871074,38.010497
85,278,23.869675,38.010867
85,279,23.868414,38.011638
85,280,23.867813,38.013908
85,281,23.866663,38.016208
85,282,23.865214,38.017577
85,283,23.863783,38.018646
85,284,23.861183,38.020026
85,285,23.859703,38.020297
85,286,23.856734,38.020945
85,287,23.853874,38.021346
85,288,23.851824,38.021625
85,289,23.850593,38.021877
85,290,23.850575,38.021877
85,291,23.849715,38.021926
85,292,23.849495,38.021965
85,293,23.849495,38.021975
85,294,23.849035,38.022056
85,295,23.848235,38.022056
85,296,23.846777,38.022285
85,297,23.844658,38.022594
85,298,23.843418,38.022724
85,299,23.842348,38.022784
85,300,23.841578,38.022994
85,301,23.841387,38.023044
85,302,23.841396,38.023025
85,303,23.841316,38.023093
85,304,23.841387,38.023044
85,305,23.841507,38.023032
85,306,23.842666,38.022792
85,307,23.844547,38.022651
85,308,23.847337,38.02222
85,309,23.848968,38.022109
85,310,23.849928,38.021899
85,311,23.850757,38.021819
85,312,23.852997,38.02151
85,313,23.854338,38.021331
85,314,23.855638,38.021159
85,315,23.85698,38.020949
85,316,23.85803,38.020759
85,317,23.8593,38.020507
85,318,23.860041,38.020255
85,319,23.862461,38.019405
85,320,23.865521,38.017325
85,321,23.867071,38.015406
85,322,23.868391,38.011596
85,323,23.870901,38.010856
85,324,23.870682,38.008654
85,325,23.871782,38.005786
85,326,23.871742,38.005534
85,327,23.871893,38.005183
85,328,23.872174,38.005134
85,329,23.872473,38.005085
85,330,23.872882,38.005016
85,331,23.873722,38.004794
85,332,23.875852,38.004154
85,333,23.878643,38.003913
85,334,23.879963,38.003913
85,335,23.880733,38.003852
85,336,23.880583,38.003013
85,337,23.880034,37.998973
85,338,23.881394,37.993465
85,339,23.881933,37.990783
85,340,23.881104,37.990161
85,341,23.881255,37.990032
85,342,23.881553,37.99039
85,343,23.881824,37.990581
85,344,23.881605,37.991649
85,345,23.881216,37.991729
85,346,23.881367,37.991718
85,347,23.881308,37.991687
85,348,23.881718,37.990947
85,349,23.881838,37.990539
85,350,23.881748,37.990478
85,351,23.881668,37.990458
85,352,23.881658,37.990447
85,353,23.881519,37.990367
85,354,23.881568,37.990367
85,355,23.881208,37.989879
85,356,23.880597,37.989287
85,357,23.878769,37.989898
85,358,23.875299,37.992198
85,359,23.87328,37.9943
85,360,23.868929,37.99665
85,361,23.864618,37.999011
85,362,23.859959,38.001251
85,363,23.856899,38.00299
85,364,23.85717,38.002738
85,365,23.85717,38.002738
85,366,23.85676,38.00304
85,367,23.85463,38.003872
85,368,23.85383,38.00299
85,369,23.853519,38.002799
