86,1,23.853428,38.00307
86,2,23.854569,38.003059
86,3,23.854889,38.003848
86,4,23.857088,38.002769
86,5,23.860918,38.000438
86,6,23.865088,37.998648
86,7,23.869337,37.996238
86,8,23.873327,37.993938
86,9,23.874107,37.992808
86,10,23.876858,37.990978
86,11,23.880197,37.988929
86,12,23.881027,37.98965
86,13,23.881067,37.989681
86,14,23.881188,37.98981
86,15,23.881348,37.990008
86,16,23.881317,37.990069
86,17,23.881376,37.990188
86,18,23.881277,37.990298
86,19,23.881157,37.990337
86,20,23.881098,37.990348
86,21,23.881288,37.990207
86,22,23.881989,37.990848
86,23,23.881489,37.992816
86,24,23.880678,37.995815
86,25,23.880068,37.998565
86,26,23.880638,38.001395
86,27,23.881257,38.002387
86,28,23.883468,38.002307
86,29,23.884798,38.001876
86,30,23.884447,38.003436
86,31,23.886038,38.003757
86,32,23.890297,38.004436
86,33,23.895567,38.003814
86,34,23.900896,38.002982
86,35,23.906817,38.002582
86,36,23.911806,38.001933
86,37,23.915556,37.999305
86,38,23.921507,37.997867
86,39,23.927377,37.997806
86,40,23.932737,37.998885
86,41,23.937218,38.000735
86,42,23.941368,38.002105
86,43,23.945707,38.003475
86,44,23.950567,38.004974
86,45,23.955298,38.006385
86,46,23.959278,38.007476
86,47,23.963789,38.007857
86,48,23.968538,38.010189
86,49,23.971119,38.010707
86,50,23.974998,38.012996
86,51,23.977539,38.015495
86,52,23.977259,38.015944
86,53,23.97725,38.015907
86,54,23.977279,38.015895
86,55,23.977239,38.015716
86,56,23.977239,38.015697
86,57,23.977239,38.015616
86,58,23.97727,38.015628
86,59,23.97727,38.01577
86,60,23.97753,38.015517
86,61,23.97696,38.014327
86,62,23.97696,38.014358
86,63,23.976989,38.014358
86,64,23.97702,38.014328
86,65,23.976641,38.014316
86,66,23.9727,38.011406
86,67,23.966659,38.009254
86,68,23.961778,38.008082
86,69,23.956129,38.006752
86,70,23.95053,38.005019
86,71,23.94516,38.003367
86,72,23.94166,38.002318
86,73,23.93713,38.000728
86,74,23.932551,37.998878
86,75,23.92699,37.997836
86,76,23.921351,37.997978
86,77,23.91614,37.999237
86,78,23.912329,38.001346
86,79,23.907869,38.002616
86,80,23.90341,38.002776
86,81,23.89897,38.003295
86,82,23.894619,38.004074
86,83,23.890308,38.004504
86,84,23.889549,38.004386
86,85,23.887168,38.003448
86,86,23.886818,38.002528
86,87,23.886389,38.002356
86,88,23.885368,38.002277
86,89,23.885278,38.002277
86,90,23.884359,38.002024
86,91,23.884099,38.001564
86,92,23.882419,38.001575
86,93,23.882519,37.999294
86,94,23.880218,37.999103
86,95,23.880607,37.996742
86,96,23.882027,37.99153
86,97,23.881447,37.990191
86,98,23.881487,37.990062
86,99,23.881456,37.990043
86,100,23.881946,37.990573
86,101,23.881987,37.990585
86,102,23.881866,37.990585
86,103,23.881866,37.990596
86,104,23.881366,37.990054
86,105,23.881348,37.990024
86,106,23.880377,37.989024
86,107,23.880358,37.989024
86,108,23.879797,37.989204
86,109,23.877247,37.990794
86,110,23.875017,37.992275
86,111,23.873888,37.991195
86,112,23.872019,37.989844
86,113,23.870169,37.990855
86,114,23.872009,37.992694
86,115,23.870479,37.995162
86,116,23.87038,37.995753
86,117,23.87002,37.996123
86,118,23.866921,37.997783
86,119,23.8631,37.999583
86,120,23.85902,38.001864
86,121,23.85791,38.003646
86,122,23.8584,38.006724
86,123,23.85853,38.007175
86,124,23.858601,38.007454
86,125,23.856981,38.007953
86,126,23.856842,38.009021
86,127,23.855843,38.010513
86,128,23.853793,38.013702
86,129,23.851932,38.017802
86,130,23.850123,38.020713
86,131,23.848094,38.020724
86,132,23.847242,38.021373
86,133,23.848412,38.023181
86,134,23.848631,38.023612
86,135,23.84918,38.02476
86,136,23.849581,38.025352
86,137,23.849791,38.026401
86,138,23.84653,38.027781
86,139,23.844052,38.028602
86,140,23.842562,38.027393
86,141,23.838902,38.028972
86,142,23.83747,38.029613
86,143,23.837452,38.029624
86,144,23.837261,38.029693
86,145,23.836161,38.028182
86,146,23.835871,38.027824
86,147,23.834141,38.026103
86,148,23.834122,38.026103
86,149,23.834011,38.025985
86,150,23.834011,38.025973
86,151,23.833841,38.025733
86,152,23.833822,38.025703
86,153,23.833011,38.024802
86,154,23.832691,38.025153
86,155,23.832541,38.025313
86,156,23.831859,38.025493
86,157,23.83169,38.025584
86,158,23.83122,38.025855
86,159,23.83122,38.025855
86,160,23.831131,38.025825
86,161,23.83168,38.025523
86,162,23.831329,38.025932
86,163,23.83004,38.026752
86,164,23.8306,38.026344
86,165,23.83144,38.025802
86,166,23.832439,38.025542
86,167,23.83103,38.026233
86,168,23.829099,38.027503
86,169,23.828829,38.027682
86,170,23.823108,38.032764
86,171,23.822599,38.033245
86,172,23.82263,38.033214
86,173,23.822581,38.033233
86,174,23.822871,38.032974
86,175,23.82325,38.032714
86,176,23.82299,38.032695
86,177,23.82267,38.032935
86,178,23.822651,38.032924
86,179,23.823281,38.032592
86,180,23.823281,38.032531
86,181,23.829441,38.027369
86,182,23.830702,38.026592
86,183,23.831433,38.026122
86,184,23.832472,38.025542
86,185,23.832832,38.024952
86,186,23.832932,38.02481
86,187,23.833801,38.025669
86,188,23.835011,38.026938
86,189,23.83624,38.028327
86,190,23.8388,38.027556
86,191,23.84219,38.026039
86,192,23.84416,38.025909
86,193,23.84876,38.024997
86,194,23.84893,38.024375
86,195,23.8477,38.022044
86,196,23.84597,38.019126
86,197,23.846291,38.018077
86,198,23.850102,38.017596
86,199,23.849802,38.015148
86,200,23.849142,38.011989
86,201,23.848902,38.010398
86,202,23.848701,38.009959
86,203,23.844831,38.010558
86,204,23.844461,38.01052
86,205,23.848861,38.009799
86,206,23.851622,38.008781
86,207,23.852001,38.006801
86,208,23.852381,38.005401
86,209,23.853161,38.004359
86,210,23.85326,38.002659
86,211,23.85326,38.002639
86,212,23.85325,38.002459
86,213,23.8545,38.001838
86,214,23.854599,38.003837
86,215,23.857109,38.002906
86,216,23.859769,38.001365
86,217,23.864269,37.999164
86,218,23.86837,37.996993
86,219,23.87003,37.996043
86,220,23.87298,37.994613
86,221,23.87439,37.992713
86,222,23.876049,37.991614
86,223,23.880159,37.989066
86,224,23.88123,37.989948
86,225,23.881279,37.989948
86,226,23.881309,37.989959
86,227,23.88143,37.990008
86,228,23.881278,37.990028
86,229,23.88126,37.989959
86,230,23.88098,37.989669
86,231,23.88098,37.989669
86,232,23.880159,37.989009
86,233,23.877949,37.990317
86,234,23.875279,37.992168
86,235,23.87526,37.992179
86,236,23.874359,37.992778
86,237,23.872978,37.994628
86,238,23.868868,37.99665
86,239,23.865048,37.998752
86,240,23.861819,38.000061
86,241,23.858558,38.002109
86,242,23.857918,38.002178
86,243,23.858337,37.999946
86,244,23.858387,37.999706
86,245,23.857628,37.998016
86,246,23.856128,37.997745
86,247,23.854698,37.998206
86,248,23.854707,37.999255
86,249,23.854658,37.999373
86,250,23.853977,37.999363
86,251,23.852597,37.999363
86,252,23.851986,37.999252
86,253,23.851986,37.999252
86,254,23.851727,37.99919
86,255,23.850955,37.999309
86,256,23.849856,37.999549
86,257,23.848606,37.99977
86,258,23.848486,37.999831
86,259,23.848485,37.999713
86,260,23.848915,37.999763
86,261,23.849406,37.999774
86,262,23.849504,38.000095
86,263,23.849575,38.000335
86,264,23.849595,38.000354
86,265,23.849724,38.000705
86,266,23.849903,38.001346
86,267,23.850133,38.002067
86,268,23.850364,38.002746
86,269,23.850383,38.003368
86,270,23.850424,38.003619
86,271,23.850473,38.003657
86,272,23.851374,38.003539
86,273,23.851633,38.003478
86,274,23.851574,38.003147
86,275,23.851515,38.002597
86,276,23.851825,38.002368
86,277,23.852215,38.002349
86,278,23.852215,38.00233
86,279,23.852005,38.002231
86,280,23.852255,38.00233
86,281,23.851475,38.002292
86,282,23.853315,38.001892
86,283,23.853587,38.00275
86,284,23.853685,38.002819
86,285,23.853695,38.002819
86,286,23.853624,38.0028
86,287,23.853514,38.002788
