87,1,23.853591,38.003119
87,2,23.854562,38.003539
87,3,23.856693,38.002998
87,4,23.858633,38.001979
87,5,23.863443,37.999389
87,6,23.868413,37.99686
87,7,23.869725,37.99607
87,8,23.872114,37.99525
87,9,23.874594,37.992481
87,10,23.879053,37.989562
87,11,23.880724,37.989402
87,12,23.881393,37.990092
87,13,23.881374,37.990013
87,14,23.881255,37.990001
87,15,23.881244,37.990032
87,16,23.881044,37.989631
87,17,23.880554,37.989181
87,18,23.879814,37.9892
87,19,23.878035,37.990299
87,20,23.875494,37.991989
87,21,23.873904,37.991179
87,22,23.872084,37.989818
87,23,23.870064,37.990829
87,24,23.871874,37.992648
87,25,23.870304,37.995208
87,26,23.869504,37.996276
87,27,23.866174,37.998145
87,28,23.864405,37.999106
87,29,23.864405,37.999106
87,30,23.864225,37.999176
87,31,23.862125,37.999946
87,32,23.859565,38.001506
87,33,23.857946,38.003146
87,34,23.858036,38.005428
87,35,23.858046,38.005698
87,36,23.858095,38.00566
87,37,23.858154,38.006412
87,38,23.859113,38.007351
87,39,23.860254,38.007232
87,40,23.860494,38.007293
87,41,23.860846,38.009212
87,42,23.861145,38.011482
87,43,23.860275,38.013351
87,44,23.860266,38.01596
87,45,23.860435,38.018401
87,46,23.860136,38.021621
87,47,23.859666,38.02494
87,48,23.859217,38.028251
87,49,23.859127,38.0307
87,50,23.856807,38.031741
87,51,23.856788,38.032611
87,52,23.856338,38.034393
87,53,23.853178,38.036785
87,54,23.850027,38.040183
87,55,23.847946,38.041774
87,56,23.847456,38.042045
87,57,23.844305,38.043803
87,58,23.842935,38.044532
87,59,23.840025,38.046333
87,60,23.839935,38.046394
87,61,23.839494,38.046794
87,62,23.839864,38.048503
87,63,23.839775,38.049083
87,64,23.839535,38.051051
87,65,23.838484,38.05152
87,66,23.836934,38.051261
87,67,23.835813,38.0512
87,68,23.834904,38.051181
87,69,23.833324,38.051181
87,70,23.830744,38.051562
87,71,23.827685,38.052612
87,72,23.824774,38.053283
87,73,23.823284,38.052505
87,74,23.820044,38.052436
87,75,23.816543,38.052657
87,76,23.813253,38.053638
87,77,23.812224,38.053848
87,78,23.812153,38.053867
87,79,23.811742,38.054756
87,80,23.811002,38.056705
87,81,23.808863,38.057895
87,82,23.808813,38.059256
87,83,23.808853,38.060539
87,84,23.808723,38.060477
87,85,23.808683,38.060077
87,86,23.808653,38.060238
87,87,23.808282,38.060237
87,88,23.808273,38.060237
87,89,23.808363,38.060256
87,90,23.808572,38.060496
87,91,23.808453,38.060508
87,92,23.808552,38.060489
87,93,23.808493,38.05915
87,94,23.808552,38.057979
87,95,23.811913,38.055561
87,96,23.810012,38.051589
87,97,23.807734,38.047798
87,98,23.805303,38.044627
87,99,23.802815,38.042266
87,100,23.804934,38.041144
87,101,23.807743,38.039844
87,102,23.808953,38.041392
87,103,23.809252,38.044231
87,104,23.809773,38.044692
87,105,23.813062,38.043651
87,106,23.816042,38.041961
87,107,23.818302,38.040241
87,108,23.819392,38.040439
87,109,23.821932,38.0405
87,110,23.825012,38.042091
87,111,23.827962,38.043551
87,112,23.829162,38.04359
87,113,23.829492,38.042411
87,114,23.829662,38.0419
87,115,23.830023,38.040618
87,116,23.830063,38.040477
87,117,23.830433,38.040236
87,118,23.831182,38.040748
87,119,23.831432,38.040866
87,120,23.832302,38.041514
87,121,23.833332,38.042315
87,122,23.835142,38.043605
87,123,23.836712,38.044745
87,124,23.839241,38.046534
87,125,23.8423,38.044673
87,126,23.845279,38.043014
87,127,23.847999,38.041553
87,128,23.85121,38.038692
87,129,23.855259,38.034912
87,130,23.856859,38.033752
87,131,23.856279,38.031943
87,132,23.85907,38.029933
87,133,23.85936,38.026275
87,134,23.85952,38.024844
87,135,23.86001,38.021614
87,136,23.860161,38.016994
87,137,23.860071,38.012676
87,138,23.859801,38.011973
87,139,23.859341,38.011863
87,140,23.859341,38.011863
87,141,23.859122,38.011874
87,142,23.857581,38.011375
87,143,23.857832,38.009116
87,144,23.857992,38.008666
87,145,23.857582,38.008285
87,146,23.857502,38.008335
87,147,23.857021,38.007194
87,148,23.855112,38.007156
87,149,23.855652,38.005515
87,150,23.856071,38.003734
87,151,23.858501,38.002174
87,152,23.862491,37.999835
87,153,23.867043,37.997695
87,154,23.869852,37.996097
87,155,23.873162,37.994235
87,156,23.876961,37.990947
87,157,23.880331,37.989146
87,158,23.881481,37.990348
87,159,23.881331,37.990188
87,160,23.881349,37.990078
87,161,23.881279,37.989905
87,162,23.88119,37.990054
87,163,23.881199,37.989895
87,164,23.881208,37.989883
87,165,23.881048,37.989741
87,166,23.880349,37.989032
87,167,23.879228,37.98952
87,168,23.876759,37.991118
87,169,23.874548,37.992118
87,170,23.872648,37.989768
87,171,23.869908,37.990508
87,172,23.870798,37.991809
87,173,23.871818,37.994129
87,174,23.870179,37.995727
87,175,23.869428,37.996296
87,176,23.865999,37.998225
87,177,23.861318,38.000274
87,178,23.857868,38.002574
87,179,23.857908,38.005282
87,180,23.858148,38.006454
87,181,23.858229,38.006633
87,182,23.858248,38.006633
87,183,23.858358,38.006942
87,184,23.858377,38.007083
87,185,23.858377,38.007102
87,186,23.857638,38.007724
87,187,23.856068,38.008354
87,188,23.857078,38.009513
87,189,23.855499,38.010661
87,190,23.853739,38.013591
87,191,23.852058,38.017303
87,192,23.850548,38.020645
87,193,23.848488,38.020614
87,194,23.847078,38.021255
87,195,23.848328,38.023136
87,196,23.849188,38.024806
87,197,23.849817,38.025805
87,198,23.849857,38.026397
87,199,23.846967,38.027495
87,200,23.844177,38.028987
87,201,23.843008,38.027186
87,202,23.840307,38.028377
87,203,23.837477,38.029628
87,204,23.837387,38.029666
87,205,23.837107,38.029635
87,206,23.836096,38.028186
87,207,23.834375,38.026355
87,208,23.833694,38.025535
87,209,23.833685,38.025535
87,210,23.833234,38.024967
87,211,23.832534,38.025558
87,212,23.831465,38.026088
87,213,23.830734,38.026489
87,214,23.829104,38.027537
87,215,23.828733,38.027777
87,216,23.823222,38.032626
87,217,23.823063,38.032595
87,218,23.823242,38.032584
87,219,23.823282,38.032554
87,220,23.822912,38.032516
87,221,23.822762,38.032707
87,222,23.822672,38.032707
87,223,23.822382,38.032966
87,224,23.822333,38.033046
87,225,23.822523,38.032855
87,226,23.823004,38.032405
87,227,23.823364,38.032504
87,228,23.829244,38.027366
87,229,23.830934,38.026355
87,230,23.830953,38.026355
87,231,23.832103,38.025683
87,232,23.832974,38.024802
87,233,23.833634,38.02521
87,234,23.834243,38.026149
87,235,23.835563,38.027457
87,236,23.836494,38.028499
87,237,23.838644,38.02758
87,238,23.841844,38.02616
87,239,23.843395,38.026278
87,240,23.846146,38.025378
87,241,23.848865,38.024971
87,242,23.849124,38.02473
87,243,23.847615,38.021991
87,244,23.848484,38.020652
87,245,23.850884,38.020121
87,246,23.852953,38.015552
87,247,23.855062,38.011191
87,248,23.855232,38.008651
87,249,23.854862,38.007591
87,250,23.855873,38.006122
87,251,23.856342,38.004451
87,252,23.855922,38.00352
87,253,23.854653,38.003211
87,254,23.853722,38.002792
87,255,23.853552,38.002803
