89,1,23.721693,38.015544
89,2,23.722193,38.015354
89,3,23.722243,38.015403
89,4,23.722033,38.015143
89,5,23.722782,38.014984
89,6,23.725671,38.014872
89,7,23.728392,38.015094
89,8,23.728333,38.016303
89,9,23.730022,38.016124
89,10,23.731872,38.016013
89,11,23.734071,38.015952
89,12,23.734081,38.01599
89,13,23.734421,38.015922
89,14,23.734691,38.015872
89,15,23.734691,38.015853
89,16,23.736073,38.015735
89,17,23.738863,38.015906
89,18,23.738903,38.015906
89,19,23.739122,38.015876
89,20,23.742903,38.015475
89,21,23.743323,38.015438
89,22,23.745311,38.014926
89,23,23.745463,38.014907
89,24,23.748441,38.014018
89,25,23.748432,38.014018
89,26,23.750723,38.013698
89,27,23.752644,38.013049
89,28,23.752644,38.013061
89,29,23.752874,38.01298
89,30,23.754653,38.016051
89,31,23.757293,38.020793
89,32,23.760834,38.025073
89,33,23.764204,38.028823
89,34,23.767444,38.031993
89,35,23.770985,38.033855
89,36,23.773134,38.033405
89,37,23.773544,38.033073
89,38,23.773664,38.032993
89,39,23.775144,38.032322
89,40,23.775666,38.032031
89,41,23.776266,38.03165
89,42,23.777046,38.031199
89,43,23.777466,38.03097
89,44,23.778686,38.030281
89,45,23.780956,38.028869
89,46,23.781696,38.028419
89,47,23.783786,38.02716
89,48,23.786457,38.02552
89,49,23.787736,38.024829
89,50,23.789316,38.023849
89,51,23.792597,38.021881
89,52,23.793556,38.020702
89,53,23.795487,38.018161
89,54,23.795506,38.018161
89,55,23.798466,38.017272
89,56,23.802785,38.017943
89,57,23.806766,38.018775
89,58,23.811367,38.017184
89,59,23.815727,38.015353
89,60,23.816686,38.014873
89,61,23.817806,38.015002
89,62,23.820917,38.015693
89,63,23.823547,38.016113
89,64,23.825117,38.015834
89,65,23.825836,38.015754
89,66,23.825965,38.015704
89,67,23.827316,38.015476
89,68,23.829167,38.015105
89,69,23.831306,38.014747
89,70,23.832007,38.014598
89,71,23.832336,38.014499
89,72,23.833166,38.014301
89,73,23.833126,38.013961
89,74,23.833216,38.013961
89,75,23.833996,38.013122
89,76,23.835047,38.012881
89,77,23.835846,38.012702
89,78,23.837237,38.012133
89,79,23.838426,38.011565
89,80,23.839037,38.011275
89,81,23.839506,38.011085
89,82,23.840386,38.010894
89,83,23.841156,38.010814
89,84,23.843725,38.010543
89,85,23.848025,38.009895
89,86,23.853044,38.008964
89,87,23.853415,38.007225
89,88,23.854405,38.004832
89,89,23.856705,38.003062
89,90,23.859665,38.001392
89,91,23.863624,37.999381
89,92,23.867685,37.99731
89,93,23.873165,37.99425
89,94,23.876794,37.99105
89,95,23.880224,37.989009
89,96,23.881165,37.989959
89,97,23.881503,37.990348
89,98,23.881514,37.990439
89,99,23.881554,37.99034
89,100,23.881653,37.99039
89,101,23.881672,37.990409
89,102,23.881712,37.990508
89,103,23.881681,37.990508
89,104,23.881762,37.990497
89,105,23.8819,37.990615
89,106,23.881821,37.990504
89,107,23.88184,37.990596
89,108,23.881858,37.990577
89,109,23.881859,37.990477
89,110,23.88143,37.990138
89,111,23.881371,37.990127
89,112,23.880501,37.989116
89,113,23.879952,37.989215
89,114,23.877451,37.990756
89,115,23.87511,37.992335
89,116,23.87397,37.993194
89,117,23.872681,37.994994
89,118,23.871089,37.995814
89,119,23.86924,37.996444
89,120,23.865508,37.998523
89,121,23.861568,38.000194
89,122,23.858037,38.002414
89,123,23.857948,38.004963
89,124,23.858497,38.00722
89,125,23.858478,38.007251
89,126,23.859098,38.007423
89,127,23.860369,38.007293
89,128,23.8606,38.007472
89,129,23.86095,38.009281
89,130,23.861231,38.01168
89,131,23.860291,38.012908
89,132,23.86035,38.014937
89,133,23.86043,38.018257
89,134,23.860421,38.019546
89,135,23.860362,38.020106
89,136,23.860071,38.021896
89,137,23.85967,38.023475
89,138,23.85964,38.023807
89,139,23.859501,38.026145
89,140,23.859242,38.029036
89,141,23.85859,38.031108
89,142,23.856661,38.03178
89,143,23.856571,38.03181
89,144,23.856791,38.032611
89,145,23.85606,38.034591
89,146,23.853241,38.036681
89,147,23.850341,38.03979
89,148,23.847921,38.041732
89,149,23.84724,38.042113
89,150,23.843811,38.044082
89,151,23.84,38.046314
89,152,23.83988,38.047404
89,153,23.83982,38.049266
89,154,23.839701,38.050178
89,155,23.83963,38.050479
89,156,23.83955,38.05101
89,157,23.839319,38.051341
89,158,23.836769,38.051273
89,159,23.833959,38.051173
89,160,23.832579,38.051242
89,161,23.829559,38.051891
89,162,23.82796,38.052501
89,163,23.827849,38.052532
89,164,23.826939,38.052772
89,165,23.826469,38.052852
89,166,23.825809,38.052921
89,167,23.82567,38.052951
89,168,23.82506,38.053043
89,169,23.824749,38.053314
89,170,23.824739,38.053695
89,171,23.825209,38.054607
89,172,23.825319,38.055728
89,173,23.82581,38.056869
89,174,23.826019,38.05738
89,175,23.826148,38.057342
89,176,23.825719,38.057502
89,177,23.825991,38.057422
89,178,23.826071,38.0572
89,179,23.82534,38.055392
89,180,23.824739,38.054092
89,181,23.82456,38.053314
89,182,23.827209,38.052733
89,183,23.83004,38.051704
89,184,23.83123,38.051383
89,185,23.83391,38.051143
89,186,23.83534,38.051204
89,187,23.836641,38.051216
89,188,23.837622,38.051376
89,189,23.838182,38.051486
89,190,23.839533,38.049575
89,191,23.839573,38.049476
89,192,23.839353,38.047065
89,193,23.839334,38.046996
89,194,23.839334,38.046996
89,195,23.840975,38.045516
89,196,23.842905,38.044418
89,197,23.845185,38.043055
89,198,23.849234,38.040676
89,199,23.852912,38.036815
89,200,23.856583,38.034015
89,201,23.856934,38.033256
89,202,23.856594,38.032455
89,203,23.856394,38.032165
89,204,23.858053,38.031364
89,205,23.859154,38.029464
89,206,23.859185,38.029094
89,207,23.859135,38.028315
89,208,23.859125,38.028175
89,209,23.858265,38.027995
89,210,23.856525,38.025626
89,211,23.856085,38.024817
89,212,23.856054,38.024738
89,213,23.855653,38.022827
89,214,23.855333,38.021507
89,215,23.854722,38.019317
89,216,23.854874,38.017166
89,217,23.860044,38.016364
89,218,23.860174,38.013125
89,219,23.860445,38.011337
89,220,23.860285,38.010634
89,221,23.860174,38.010673
89,222,23.859994,38.010661
89,223,23.858745,38.009353
89,224,23.858035,38.008693
89,225,23.858026,38.008681
89,226,23.857697,38.008311
89,227,23.857697,38.008274
89,228,23.857537,38.008082
89,229,23.859127,38.007411
89,230,23.861856,38.006641
89,231,23.861887,38.004451
89,232,23.861366,38.002841
89,233,23.862125,38.000152
89,234,23.862865,37.999682
89,235,23.866886,37.997764
89,236,23.869637,37.996165
89,237,23.870475,37.995895
89,238,23.874025,37.992873
89,239,23.878035,37.990203
89,240,23.880295,37.989135
89,241,23.881275,37.990073
89,242,23.881294,37.990073
89,243,23.881325,37.990134
89,244,23.881343,37.990042
89,245,23.881294,37.989974
89,246,23.881204,37.990023
89,247,23.880816,37.989604
89,248,23.880796,37.989566
89,249,23.880267,37.988986
89,250,23.879536,37.989326
89,251,23.876856,37.991046
89,252,23.873597,37.993648
89,253,23.870636,37.995899
89,254,23.865746,37.99834
89,255,23.861836,38.000018
89,256,23.858246,38.00225
89,257,23.857876,38.004199
89,258,23.858465,38.0069
89,259,23.858554,38.007259
89,260,23.858614,38.007408
89,261,23.858914,38.007419
89,262,23.859693,38.007289
89,263,23.860304,38.007228
89,264,23.860763,38.008239
89,265,23.861103,38.010299
89,266,23.860452,38.01255
89,267,23.860403,38.01501
89,268,23.860492,38.018539
89,269,23.860452,38.01974
89,270,23.860422,38.019962
89,271,23.860042,38.02214
89,272,23.859703,38.023448
89,273,23.859663,38.023627
89,274,23.857353,38.024238
89,275,23.853964,38.024997
89,276,23.850764,38.026038
89,277,23.850664,38.026088
89,278,23.849675,38.02642
89,279,23.846294,38.0279
89,280,23.844234,38.028891
89,281,23.843106,38.027122
89,282,23.840265,38.028373
89,283,23.837875,38.029433
89,284,23.837866,38.029433
89,285,23.837184,38.029582
89,286,23.836886,38.029094
89,287,23.836505,38.028552
89,288,23.836207,38.028151
89,289,23.835047,38.026931
89,290,23.834677,38.026549
89,291,23.833567,38.025111
89,292,23.832916,38.025051
89,293,23.832857,38.025051
89,294,23.832167,38.02542
89,295,23.831336,38.025821
89,296,23.830656,38.026229
89,297,23.822935,38.032371
89,298,23.822886,38.032401
89,299,23.822875,38.03239
89,300,23.822336,38.032931
89,301,23.822246,38.033073
89,302,23.820726,38.034362
89,303,23.820156,38.034953
89,304,23.819976,38.034893
89,305,23.819958,38.034903
89,306,23.820016,38.034843
89,307,23.820107,38.034724
89,308,23.818826,38.035976
89,309,23.816196,38.037776
89,310,23.813276,38.038936
89,311,23.813246,38.039005
89,312,23.812786,38.039203
89,313,23.810776,38.039824
89,314,23.810366,38.040065
89,315,23.809706,38.040435
89,316,23.809046,38.040625
89,317,23.808586,38.040866
89,318,23.808506,38.040817
89,319,23.808777,38.040756
89,320,23.808697,38.040836
89,321,23.809566,38.040374
89,322,23.811937,38.039623
89,323,23.812138,38.039573
89,324,23.812607,38.039401
89,325,23.815576,38.038291
89,326,23.816427,38.038001
89,327,23.816477,38.037883
89,328,23.816277,38.037894
89,329,23.816705,38.037784
89,330,23.818006,38.037032
89,331,23.819426,38.035831
89,332,23.819826,38.035441
89,333,23.819896,38.035503
89,334,23.820615,38.034992
89,335,23.820615,38.034931
89,336,23.820755,38.03482
89,337,23.820916,38.03474
89,338,23.820916,38.03474
89,339,23.820904,38.034713
89,340,23.821104,38.034621
89,341,23.821113,38.034633
89,342,23.821344,38.034583
89,343,23.821174,38.034633
89,344,23.820363,38.035003
89,345,23.821483,38.034084
89,346,23.821804,38.033844
89,347,23.822905,38.032905
89,348,23.823065,38.032595
89,349,23.822975,38.032535
89,350,23.822975,38.032523
89,351,23.822845,38.032783
89,352,23.822654,38.032962
89,353,23.822654,38.032962
89,354,23.822574,38.033031
89,355,23.822355,38.03321
89,356,23.822176,38.033358
89,357,23.821226,38.034008
89,358,23.821146,38.034126
89,359,23.821205,38.034126
89,360,23.821345,38.034007
89,361,23.821644,38.033767
89,362,23.822853,38.032767
89,363,23.823333,38.032569
89,364,23.829273,38.027358
89,365,23.831084,38.02621
89,366,23.832083,38.025669
89,367,23.832493,38.025409
89,368,23.832783,38.024978
89,369,23.833582,38.025337
89,370,23.834803,38.026748
89,371,23.836153,38.02824
89,372,23.838003,38.027839
89,373,23.841972,38.0261
89,374,23.843221,38.02637
89,375,23.847511,38.02521
89,376,23.849041,38.024901
89,377,23.84872,38.024032
89,378,23.848261,38.023143
89,379,23.847711,38.022205
89,380,23.847391,38.021743
89,381,23.846981,38.021202
89,382,23.8493,38.02064
89,383,23.85153,38.018531
89,384,23.854009,38.013049
89,385,23.855529,38.01041
89,386,23.855119,38.008659
89,387,23.854519,38.008819
89,388,23.849468,38.00975
89,389,23.846298,38.010292
89,390,23.845728,38.010383
89,391,23.843807,38.010223
89,392,23.844926,38.008262
89,393,23.844977,38.00812
89,394,23.844957,38.008132
89,395,23.844766,38.008082
89,396,23.844717,38.008022
89,397,23.845068,38.00788
89,398,23.846848,38.005042
89,399,23.847557,38.000331
89,400,23.847517,37.99578
89,401,23.849228,37.992648
89,402,23.852457,37.991317
89,403,23.857297,37.989257
89,404,23.859848,37.988116
89,405,23.862888,37.986728
89,406,23.865008,37.986537
89,407,23.866738,37.988948
89,408,23.869808,37.990588
89,409,23.872768,37.990127
89,410,23.874528,37.992248
89,411,23.874988,37.99221
89,412,23.879228,37.989448
89,413,23.880249,37.989047
89,414,23.881319,37.990138
89,415,23.881379,37.990127
89,416,23.881438,37.990138
89,417,23.881246,37.990078
89,418,23.881216,37.990077
89,419,23.881266,37.989978
89,420,23.881236,37.989799
89,421,23.881194,37.989849
89,422,23.880976,37.9897
89,423,23.880267,37.988998
89,424,23.882126,37.987987
89,425,23.886486,37.985896
89,426,23.889606,37.984096
89,427,23.892576,37.982047
89,428,23.897517,37.978839
89,429,23.902996,37.975139
89,430,23.905475,37.971129
89,431,23.905876,37.967849
89,432,23.906246,37.96606
89,433,23.906996,37.964431
89,434,23.904096,37.96371
89,435,23.899638,37.963119
89,436,23.896277,37.961009
89,437,23.892717,37.957549
89,438,23.888508,37.956539
89,439,23.884737,37.954859
89,440,23.879738,37.953578
89,441,23.874218,37.952586
89,442,23.868337,37.952098
89,443,23.863958,37.951567
89,444,23.861938,37.951598
89,445,23.863129,37.949718
89,446,23.864588,37.947326
89,447,23.866599,37.943706
89,448,23.868088,37.938766
89,449,23.869627,37.934875
89,450,23.870376,37.933185
89,451,23.872387,37.932994
89,452,23.872997,37.932983
89,453,23.875637,37.932944
89,454,23.877037,37.932433
89,455,23.877167,37.932284
89,456,23.877257,37.932204
89,457,23.877237,37.932223
89,458,23.877826,37.931983
89,459,23.877756,37.931544
89,460,23.877717,37.931465
89,461,23.877876,37.931804
89,462,23.877806,37.931934
89,463,23.877825,37.931884
89,464,23.877745,37.931564
89,465,23.877325,37.931415
89,466,23.877944,37.931956
89,467,23.875604,37.932998
89,468,23.871245,37.933059
89,469,23.870233,37.9337
89,470,23.868454,37.938011
89,471,23.866714,37.943462
89,472,23.864753,37.947063
89,473,23.863703,37.948764
89,474,23.863133,37.949993
89,475,23.864412,37.951053
89,476,23.867271,37.951984
89,477,23.872862,37.952182
89,478,23.877941,37.953303
89,479,23.88294,37.953883
89,480,23.88743,37.956023
89,481,23.893,37.957614
89,482,23.896089,37.960754
89,483,23.8995,37.962974
89,484,23.903749,37.963493
89,485,23.907259,37.964462
89,486,23.906449,37.965782
89,487,23.906248,37.966991
89,488,23.905808,37.96873
89,489,23.905678,37.970661
89,490,23.904768,37.972972
89,491,23.902988,37.975242
89,492,23.900179,37.977183
89,493,23.896599,37.979484
89,494,23.893549,37.981464
89,495,23.890188,37.983745
89,496,23.887278,37.985484
89,497,23.884147,37.987216
89,498,23.880517,37.988807
89,499,23.880478,37.989128
89,500,23.880537,37.989196
89,501,23.881317,37.990054
89,502,23.881357,37.990005
89,503,23.881407,37.990146
89,504,23.881286,37.990066
89,505,23.880966,37.989734
89,506,23.880285,37.989063
89,507,23.882055,37.988094
89,508,23.886216,37.986125
89,509,23.891045,37.983184
89,510,23.895935,37.979934
89,511,23.901025,37.976653
89,512,23.904507,37.973365
89,513,23.905546,37.970256
89,514,23.905617,37.969226
89,515,23.905755,37.968524
89,516,23.906116,37.966964
89,517,23.906977,37.964786
89,518,23.905207,37.964008
89,519,23.900506,37.963058
89,520,23.896828,37.961657
89,521,23.893368,37.957927
89,522,23.891209,37.957095
89,523,23.888319,37.956504
89,524,23.884779,37.954914
89,525,23.881649,37.953734
89,526,23.87735,37.953285
89,527,23.871629,37.952125
89,528,23.8661,37.951946
89,529,23.862699,37.951595
89,530,23.862089,37.951686
89,531,23.862989,37.949897
89,532,23.864969,37.946715
89,533,23.86715,37.942184
89,534,23.868599,37.937453
89,535,23.870098,37.933741
89,536,23.871118,37.933112
89,537,23.872129,37.933043
89,538,23.875519,37.933043
89,539,23.877797,37.932082
89,540,23.878008,37.931964
89,541,23.877817,37.931865
89,542,23.877657,37.931495
89,543,23.877286,37.931457
89,544,23.877897,37.931918
89,545,23.877907,37.931949
89,546,23.876118,37.9328
89,547,23.871838,37.933029
89,548,23.870158,37.933849
89,549,23.868257,37.93851
89,550,23.866838,37.94318
89,551,23.864929,37.946838
89,552,23.864229,37.947959
89,553,23.86331,37.94942
89,554,23.863991,37.95069
89,555,23.86572,37.951732
89,556,23.87031,37.951904
89,557,23.875629,37.952815
89,558,23.88118,37.953593
89,559,23.88533,37.955203
89,560,23.891399,37.957072
89,561,23.895109,37.959761
89,562,23.899089,37.962901
89,563,23.90348,37.963493
89,564,23.907039,37.964301
89,565,23.906669,37.965072
89,566,23.906209,37.966941
89,567,23.905729,37.968829
89,568,23.904548,37.97335
89,569,23.901529,37.976322
89,570,23.897989,37.978622
89,571,23.894529,37.980853
89,572,23.89056,37.983535
89,573,23.886061,37.986217
89,574,23.88282,37.987838
89,575,23.880421,37.989169
89,576,23.88081,37.989539
89,577,23.881331,37.99023
89,578,23.881371,37.990138
89,579,23.881931,37.990607
89,580,23.881881,37.990607
89,581,23.881841,37.990569
89,582,23.881852,37.990569
89,583,23.881881,37.990558
89,584,23.881881,37.990547
89,585,23.881721,37.990356
89,586,23.881401,37.990047
89,587,23.881331,37.990058
89,588,23.88121,37.989929
89,589,23.88031,37.989028
89,590,23.87953,37.989417
89,591,23.87685,37.991107
89,592,23.873661,37.993697
89,593,23.870781,37.995875
89,594,23.86589,37.998317
89,595,23.861521,38.000197
89,596,23.858021,38.00259
89,597,23.85812,38.005488
89,598,23.858379,38.006538
89,599,23.85853,38.007068
89,600,23.858511,38.007079
89,601,23.857811,38.007678
89,602,23.856121,38.008419
89,603,23.85712,38.009479
89,604,23.856711,38.009941
89,605,23.85507,38.011169
89,606,23.85335,38.014709
89,607,23.851799,38.018131
89,608,23.850448,38.0209
89,609,23.850729,38.02138
89,610,23.851999,38.021361
89,611,23.851499,38.021633
89,612,23.84992,38.021853
89,613,23.84922,38.021995
89,614,23.84837,38.021983
89,615,23.84725,38.022125
89,616,23.84557,38.022395
89,617,23.84461,38.022567
89,618,23.844181,38.022617
89,619,23.843351,38.022697
89,620,23.843351,38.022697
89,621,23.842882,38.022685
89,622,23.842882,38.022545
89,623,23.842833,38.022704
89,624,23.842762,38.022724
89,625,23.842252,38.022784
89,626,23.842222,38.022803
89,627,23.842651,38.022712
89,628,23.842842,38.022712
89,629,23.844332,38.022651
89,630,23.845581,38.02248
89,631,23.845522,38.022449
89,632,23.846851,38.02222
89,633,23.846882,38.022208
89,634,23.848501,38.022029
89,635,23.849972,38.021838
89,636,23.851952,38.021598
89,637,23.850922,38.021537
89,638,23.850351,38.021056
89,639,23.848932,38.020545
89,640,23.847072,38.021076
89,641,23.845922,38.018966
89,642,23.844683,38.016815
89,643,23.843613,38.013274
89,644,23.843582,38.012126
89,645,23.843573,38.012096
89,646,23.843742,38.010837
89,647,23.843742,38.010817
89,648,23.843822,38.010646
89,649,23.848082,38.009906
89,650,23.852951,38.009086
89,651,23.853472,38.007205
89,652,23.854551,38.004565
89,653,23.856361,38.003245
89,654,23.860441,38.000866
89,655,23.8644,37.999096
89,656,23.8686,37.996795
89,657,23.87356,37.993507
89,658,23.87632,37.991386
89,659,23.880069,37.989047
89,660,23.881041,37.989696
89,661,23.88132,37.990104
89,662,23.881521,37.990196
