9,1,23.841098,38.130889
9,2,23.841099,38.130927
9,3,23.841059,38.131068
9,4,23.840648,38.13161
9,5,23.839819,38.131881
9,6,23.838968,38.130481
9,7,23.837118,38.126792
9,8,23.834589,38.122642
9,9,23.831268,38.119194
9,10,23.829049,38.116935
9,11,23.830148,38.117423
9,12,23.831768,38.118434
9,13,23.834068,38.118286
9,14,23.835389,38.117164
9,15,23.836729,38.115752
9,16,23.837879,38.114551
9,17,23.83902,38.113323
9,18,23.840309,38.111961
9,19,23.841309,38.11061
9,20,23.842518,38.110889
9,21,23.845537,38.11293
9,22,23.849528,38.114349
9,23,23.852586,38.113109
9,24,23.856367,38.110931
9,25,23.860256,38.108809
9,26,23.863386,38.107101
9,27,23.865076,38.106262
9,28,23.867105,38.105602
9,29,23.871524,38.104263
9,30,23.875685,38.102252
9,31,23.880514,38.102233
9,32,23.885173,38.100864
9,33,23.887544,38.100303
9,34,23.889614,38.100341
9,35,23.890983,38.100902
9,36,23.892313,38.101291
9,37,23.893312,38.101832
9,38,23.893423,38.101802
9,39,23.893343,38.10184
9,40,23.893352,38.10176
9,41,23.893612,38.101951
9,42,23.894072,38.102401
9,43,23.893871,38.102241
9,44,23.89253,38.10134
9,45,23.89051,38.100681
9,46,23.890461,38.10068
9,47,23.888731,38.100402
9,48,23.886242,38.100482
9,49,23.884582,38.10129
9,50,23.880333,38.102229
9,51,23.875054,38.10271
9,52,23.869633,38.104881
9,53,23.865232,38.106231
9,54,23.861433,38.10818
9,55,23.858293,38.110252
9,56,23.855114,38.111461
9,57,23.852573,38.113323
9,58,23.850744,38.114192
9,59,23.847673,38.11381
9,60,23.843483,38.111151
9,61,23.842024,38.110664
9,62,23.840324,38.112102
9,63,23.838854,38.113673
9,64,23.836984,38.115642
9,65,23.835585,38.117141
9,66,23.832624,38.118183
9,67,23.829734,38.1169
9,68,23.829325,38.11687
9,69,23.830915,38.118381
9,70,23.834086,38.121741
9,71,23.837015,38.126071
9,72,23.839386,38.131031
9,73,23.840555,38.13177
9,74,23.840565,38.13177
9,75,23.840904,38.131339
9,76,23.840994,38.13124
9,77,23.841004,38.13124
9,78,23.841173,38.130938
9,79,23.841063,38.130927
9,80,23.841022,38.131148
9,81,23.840911,38.131198
9,82,23.840693,38.131477
9,83,23.840002,38.131866
9,84,23.839743,38.131866
9,85,23.838984,38.130478
9,86,23.837344,38.127036
9,87,23.835412,38.123336
9,88,23.832394,38.120296
9,89,23.830063,38.118815
9,90,23.828262,38.116805
9,91,23.825783,38.114395
9,92,23.825503,38.114223
9,93,23.825483,38.114223
9,94,23.823893,38.113754
9,95,23.822993,38.111533
9,96,23.819473,38.108123
9,97,23.814583,38.104102
9,98,23.807793,38.101451
9,99,23.801222,38.098861
9,100,23.794972,38.096179
9,101,23.791921,38.092788
9,102,23.791302,38.091987
9,103,23.788912,38.088886
9,104,23.785381,38.084247
9,105,23.781792,38.079578
9,106,23.776981,38.075767
9,107,23.771002,38.073299
9,108,23.764911,38.07085
9,109,23.758942,38.068511
9,110,23.753751,38.066409
9,111,23.749591,38.06306
9,112,23.751651,38.060981
9,113,23.756252,38.060032
9,114,23.763712,38.059649
9,115,23.769552,38.05772
9,116,23.774992,38.055098
9,117,23.780212,38.052157
9,118,23.782833,38.049716
9,119,23.782392,38.046878
9,120,23.781702,38.046389
9,121,23.780632,38.0461
9,122,23.779892,38.045219
9,123,23.781642,38.04462
9,124,23.782663,38.043998
9,125,23.784532,38.042907
9,126,23.787292,38.042396
9,127,23.788783,38.043777
9,128,23.788662,38.045176
9,129,23.788813,38.046008
9,130,23.787922,38.046539
9,131,23.787392,38.046576
9,132,23.787361,38.046576
9,133,23.787381,38.046176
9,134,23.78748,38.046558
9,135,23.78858,38.046107
9,136,23.78861,38.045398
9,137,23.788721,38.04351
9,138,23.786431,38.042441
9,139,23.78376,38.043353
9,140,23.781879,38.044421
9,141,23.78236,38.045241
9,142,23.78232,38.045772
9,143,23.782539,38.046523
9,144,23.782598,38.046744
9,145,23.782738,38.047153
9,146,23.782818,38.047473
9,147,23.782907,38.047881
9,148,23.782987,38.048461
9,149,23.782998,38.04882
9,150,23.782997,38.049411
9,151,23.783067,38.051902
9,152,23.779297,38.053043
9,153,23.774126,38.056102
9,154,23.767277,38.05894
9,155,23.758855,38.060111
9,156,23.751676,38.06174
9,157,23.752127,38.06501
9,158,23.757746,38.067691
9,159,23.764295,38.070349
9,160,23.771496,38.073199
9,161,23.778527,38.076381
9,162,23.783917,38.082012
9,163,23.788387,38.087821
9,164,23.790827,38.091071
9,165,23.791718,38.092212
9,166,23.795418,38.09619
9,167,23.802818,38.099189
9,168,23.809827,38.101951
9,169,23.815088,38.103869
9,170,23.815038,38.104278
9,171,23.815178,38.105529
9,172,23.819499,38.108291
9,173,23.823458,38.11299
9,174,23.826717,38.115222
9,175,23.829897,38.118591
9,176,23.831158,38.118892
9,177,23.834207,38.122074
9,178,23.837198,38.126773
9,179,23.839557,38.131633
9,180,23.840807,38.131343
9,181,23.841057,38.130984
9,182,23.841038,38.130965
9,183,23.840877,38.131255
9,184,23.840477,38.131767
9,185,23.839786,38.131816
9,186,23.838957,38.130348
9,187,23.837168,38.126579
9,188,23.834917,38.122737
9,189,23.831607,38.119388
9,190,23.829329,38.11816
9,191,23.826908,38.115558
9,192,23.824398,38.11388
9,193,23.823559,38.112128
9,194,23.820669,38.109298
9,195,23.816759,38.105506
9,196,23.810909,38.102645
9,197,23.804409,38.100036
9,198,23.797539,38.097415
9,199,23.792879,38.094066
9,200,23.791569,38.092364
9,201,23.789318,38.089453
9,202,23.785898,38.085025
9,203,23.782429,38.080486
9,204,23.777738,38.076145
9,205,23.771229,38.073345
9,206,23.764649,38.070674
9,207,23.757959,38.068023
9,208,23.752209,38.065631
9,209,23.749708,38.06203
9,210,23.753128,38.060641
9,211,23.756279,38.060081
9,212,23.764059,38.059619
9,213,23.769508,38.057788
9,214,23.774679,38.055457
9,215,23.779499,38.052619
9,216,23.782809,38.049911
9,217,23.782407,38.046859
9,218,23.781779,38.046329
9,219,23.780758,38.046187
9,220,23.779728,38.045329
9,221,23.781408,38.044738
9,222,23.782389,38.044146
9,223,23.784319,38.043006
9,224,23.787199,38.042408
9,225,23.788729,38.043818
9,226,23.78867,38.045817
9,227,23.788349,38.046226
9,228,23.787579,38.046577
9,229,23.787258,38.046497
9,230,23.787368,38.046557
9,231,23.787439,38.046576
9,232,23.78738,38.046527
9,233,23.78741,38.046238
9,234,23.787312,38.046347
9,235,23.78794,38.046508
9,236,23.788741,38.046077
9,237,23.788651,38.044498
9,238,23.787991,38.042549
9,239,23.78512,38.042746
9,240,23.78276,38.043998
9,241,23.78183,38.044738
9,242,23.782351,38.045597
9,243,23.782341,38.046077
9,244,23.782742,38.047156
9,245,23.783012,38.049727
9,246,23.782793,38.052238
9,247,23.778673,38.053577
9,248,23.773453,38.056456
9,249,23.766814,38.059146
9,250,23.758633,38.060157
9,251,23.751173,38.062148
9,252,23.753742,38.066047
9,253,23.760582,38.068858
9,254,23.767322,38.07162
9,255,23.774711,38.074581
9,256,23.781462,38.078921
9,257,23.785992,38.084762
9,258,23.790041,38.090083
9,259,23.79124,38.091643
9,260,23.79124,38.091643
9,261,23.793461,38.094455
9,262,23.799481,38.097984
9,263,23.806,38.100482
9,264,23.812359,38.102943
9,265,23.814799,38.104793
9,266,23.817567,38.106513
9,267,23.822157,38.110923
9,268,23.825067,38.114082
9,269,23.828256,38.116813
9,270,23.830937,38.118754
9,271,23.833647,38.121593
9,272,23.836866,38.126144
9,273,23.839287,38.131232
9,274,23.840757,38.131431
9,275,23.841008,38.131061
9,276,23.841057,38.130931
9,277,23.841076,38.13103
9,278,23.840706,38.131622
9,279,23.839846,38.131813
9,280,23.838676,38.129634
9,281,23.836807,38.125724
9,282,23.835348,38.123233
9,283,23.835318,38.123283
9,284,23.834938,38.122852
9,285,23.832778,38.120693
9,286,23.829479,38.117332
9,287,23.830229,38.117473
9,288,23.832058,38.118403
9,289,23.834278,38.118293
9,290,23.835619,38.117042
9,291,23.836868,38.115653
9,292,23.838139,38.114223
9,293,23.839329,38.112952
9,294,23.840669,38.111522
9,295,23.841259,38.110454
9,296,23.841278,38.110416
9,297,23.841518,38.110336
9,298,23.843547,38.111297
9,299,23.847516,38.113845
9,300,23.851538,38.113814
9,301,23.854898,38.111476
9,302,23.859527,38.109267
9,303,23.863548,38.107096
9,304,23.868298,38.105418
9,305,23.873247,38.103766
9,306,23.877727,38.102618
9,307,23.883067,38.101848
9,308,23.885778,38.100578
9,309,23.888178,38.100429
9,310,23.890308,38.100971
9,311,23.891699,38.10126
9,312,23.89304,38.101779
9,313,23.89311,38.101828
9,314,23.89313,38.101791
9,315,23.893388,38.101962
9,316,23.893639,38.102214
9,317,23.894079,38.102485
9,318,23.893889,38.102195
9,319,23.89202,38.101184
9,320,23.889938,38.100303
9,321,23.887558,38.100364
9,322,23.884718,38.101264
9,323,23.879448,38.102443
9,324,23.874147,38.103363
9,325,23.868707,38.105231
9,326,23.865387,38.106193
9,327,23.861338,38.108265
9,328,23.857477,38.110626
9,329,23.853406,38.112594
9,330,23.850906,38.114032
9,331,23.850736,38.114131
9,332,23.850175,38.114433
9,333,23.846497,38.113311
9,334,23.843426,38.111132
9,335,23.841095,38.111434
9,336,23.839285,38.113433
9,337,23.837034,38.115734
9,338,23.835104,38.117812
9,339,23.831814,38.118533
9,340,23.829655,38.116825
9,341,23.829415,38.116893
9,342,23.831834,38.119403
9,343,23.836495,38.124954
9,344,23.839294,38.130832
9,345,23.840725,38.131603
9,346,23.840944,38.131293
9,347,23.841043,38.131023
9,348,23.841163,38.130954
9,349,23.841123,38.130965
9,350,23.840813,38.131515
9,351,23.839942,38.131873
9,352,23.839542,38.131343
9,353,23.838053,38.128333
9,354,23.835894,38.123881
9,355,23.832144,38.11988
9,356,23.829223,38.116931
9,357,23.830414,38.11753
9,358,23.832344,38.11827
9,359,23.834345,38.118071
9,360,23.835815,38.116821
9,361,23.836996,38.11555
9,362,23.838316,38.114181
9,363,23.839577,38.112811
9,364,23.840887,38.111392
9,365,23.841346,38.110534
9,366,23.841698,38.110424
9,367,23.843948,38.111571
9,368,23.848028,38.114081
9,369,23.851929,38.113673
9,370,23.855527,38.111274
9,371,23.860008,38.109004
9,372,23.863989,38.106803
9,373,23.868978,38.105132
9,374,23.874189,38.103252
9,375,23.87928,38.102473
9,376,23.88446,38.101302
9,377,23.8869,38.100463
9,378,23.88933,38.100414
9,379,23.89086,38.101013
9,380,23.892269,38.101444
9,381,23.893109,38.101974
9,382,23.893108,38.101833
9,383,23.893408,38.102031
9,384,23.893688,38.10226
9,385,23.894049,38.102431
9,386,23.893968,38.102351
9,387,23.892559,38.101413
9,388,23.89036,38.100543
9,389,23.888109,38.100223
9,390,23.885559,38.100783
9,391,23.881039,38.102233
9,392,23.875358,38.102603
9,393,23.869808,38.104915
9,394,23.865278,38.106315
9,395,23.861668,38.108096
9,396,23.857807,38.110538
9,397,23.853397,38.112677
9,398,23.850678,38.114268
9,399,23.850567,38.114459
9,400,23.846386,38.113231
9,401,23.842526,38.110701
9,402,23.840515,38.11185
9,403,23.838895,38.11354
9,404,23.837206,38.115409
9,405,23.836676,38.11602
9,406,23.835896,38.11687
9,407,23.834356,38.118308
9,408,23.831346,38.118328
9,409,23.829376,38.116939
9,410,23.832087,38.119678
9,411,23.836487,38.124927
9,412,23.839137,38.130466
9,413,23.840675,38.131637
9,414,23.840916,38.131149
9,415,23.840986,38.130908
9,416,23.840928,38.131137
9,417,23.840886,38.131156
9,418,23.840886,38.131156
9,419,23.841088,38.130916
9,420,23.841057,38.130916
9,421,23.840717,38.131545
9,422,23.840467,38.131823
9,423,23.839687,38.131713
9,424,23.838497,38.129302
9,425,23.836638,38.125354
9,426,23.833307,38.121062
9,427,23.830646,38.118743
9,428,23.828956,38.117484
9,429,23.826497,38.115005
9,430,23.824306,38.114006
9,431,23.823535,38.112037
9,432,23.820516,38.109096
9,433,23.816406,38.105185
9,434,23.810507,38.102485
9,435,23.804358,38.100043
9,436,23.798249,38.097693
9,437,23.793147,38.094382
9,438,23.791548,38.092292
9,439,23.790008,38.090282
9,440,23.787579,38.087161
9,441,23.7839,38.082351
9,442,23.78043,38.078121
9,443,23.775129,38.07489
9,444,23.769819,38.07276
9,445,23.764309,38.070541
9,446,23.759279,38.068611
9,447,23.759939,38.068808
9,448,23.759859,38.066219
9,449,23.75895,38.064689
9,450,23.75869,38.06438
9,451,23.75847,38.064102
9,452,23.75733,38.06256
9,453,23.75641,38.060092
9,454,23.755721,38.058692
9,455,23.754231,38.056651
9,456,23.753071,38.055072
9,457,23.751661,38.052733
9,458,23.750012,38.051124
9,459,23.749512,38.050624
9,460,23.749453,38.050563
9,461,23.749382,38.049922
9,462,23.750091,38.049472
9,463,23.75208,38.049071
9,464,23.75496,38.048061
9,465,23.756681,38.04705
9,466,23.757061,38.046791
9,467,23.75781,38.04616
9,468,23.75787,38.04613
9,469,23.7584,38.045631
9,470,23.759599,38.043872
9,471,23.761179,38.042331
9,472,23.762348,38.042041
9,473,23.762949,38.041881
9,474,23.762889,38.041751
9,475,23.762409,38.041392
9,476,23.762359,38.041453
9,477,23.762769,38.041465
9,478,23.76314,38.041816
9,479,23.762011,38.042087
9,480,23.76057,38.042827
9,481,23.759441,38.044338
9,482,23.75925,38.044616
9,483,23.75884,38.045207
9,484,23.758631,38.045509
9,485,23.756811,38.04713
9,486,23.75451,38.048331
9,487,23.75176,38.049292
9,488,23.75011,38.049514
9,489,23.749749,38.049422
9,490,23.749429,38.050071
9,491,23.74872,38.04988
9,492,23.746771,38.048431
9,493,23.744431,38.049659
9,494,23.74279,38.049739
9,495,23.744751,38.052138
9,496,23.74666,38.057109
9,497,23.749719,38.062061
9,498,23.755761,38.066909
9,499,23.76276,38.069747
9,500,23.77016,38.072738
9,501,23.77741,38.07579
9,502,23.78256,38.080371
9,503,23.78681,38.085822
9,504,23.790679,38.090854
9,505,23.79365,38.094653
9,506,23.799709,38.098053
9,507,23.806925,38.100894
9,508,23.813654,38.103362
9,509,23.815044,38.103904
9,510,23.815254,38.105582
9,511,23.819374,38.108211
9,512,23.823504,38.112792
9,513,23.826655,38.115241
9,514,23.829995,38.118712
9,515,23.831604,38.119514
9,516,23.835014,38.122943
9,517,23.837543,38.127563
9,518,23.839734,38.131923
9,519,23.840784,38.131503
9,520,23.840855,38.131004
9,521,23.840873,38.130893
9,522,23.841034,38.131011
9,523,23.841145,38.130931
9,524,23.840904,38.13137
9,525,23.840204,38.131771
9,526,23.839415,38.130931
9,527,23.837795,38.12765
9,528,23.835436,38.12313
9,529,23.831576,38.119201
9,530,23.829506,38.118079
9,531,23.827045,38.115478
9,532,23.824646,38.113967
9,533,23.823826,38.113559
9,534,23.823635,38.112048
9,535,23.820894,38.109378
9,536,23.816204,38.104968
9,537,23.809664,38.102107
9,538,23.803383,38.099628
9,539,23.797403,38.097316
9,540,23.792933,38.094028
9,541,23.791313,38.091857
9,542,23.788954,38.088798
9,543,23.785473,38.084278
9,544,23.782062,38.079848
9,545,23.777653,38.076117
9,546,23.771782,38.073569
9,547,23.765513,38.071022
9,548,23.759582,38.068591
9,549,23.753862,38.06628
9,550,23.749623,38.062221
9,551,23.746443,38.057109
9,552,23.744863,38.052859
