90,1,23.881531,37.990085
90,2,23.881531,37.990073
90,3,23.88174,37.990284
90,4,23.881931,37.990443
90,5,23.881921,37.990482
90,6,23.881441,37.990191
90,7,23.881371,37.990092
90,8,23.88132,37.990112
90,9,23.881,37.98973
90,10,23.880162,37.98904
90,11,23.878531,37.989959
90,12,23.875561,37.991927
90,13,23.874891,37.992366
90,14,23.87421,37.991626
90,15,23.872489,37.989765
90,16,23.869869,37.990634
90,17,23.86825,37.989993
90,18,23.866289,37.988422
90,19,23.86541,37.98706
90,20,23.864571,37.986148
90,21,23.863861,37.986389
90,22,23.860971,37.987659
90,23,23.857342,37.989188
90,24,23.853601,37.990829
90,25,23.849991,37.9924
90,26,23.84968,37.992911
90,27,23.84881,37.992553
90,28,23.849791,37.990722
90,29,23.850191,37.98952
90,30,23.85033,37.989119
90,31,23.85045,37.988391
90,32,23.850571,37.987312
90,33,23.850669,37.986453
90,34,23.850781,37.985453
90,35,23.850891,37.985053
90,36,23.851191,37.983882
90,37,23.85194,37.981292
90,38,23.85245,37.979442
90,39,23.852399,37.979632
90,40,23.852381,37.979724
90,41,23.85144,37.979686
90,42,23.85033,37.979667
90,43,23.849781,37.979655
90,44,23.849112,37.979675
90,45,23.848991,37.979595
90,46,23.848621,37.979625
90,47,23.848061,37.979613
90,48,23.848002,37.979613
90,49,23.847952,37.979682
90,50,23.847911,37.979911
90,51,23.847862,37.97985
90,52,23.848802,37.97961
90,53,23.852012,37.979701
90,54,23.852272,37.980201
90,55,23.851202,37.984
90,56,23.850591,37.987522
90,57,23.849281,37.991523
90,58,23.850592,37.992084
90,59,23.855261,37.990074
90,60,23.859161,37.988353
90,61,23.862741,37.986713
90,62,23.864672,37.986003
90,63,23.865932,37.987834
90,64,23.867961,37.989825
90,65,23.870592,37.990077
90,66,23.873352,37.990798
90,67,23.874652,37.992327
90,68,23.877163,37.990748
90,69,23.880284,37.989078
90,70,23.880514,37.989268
90,71,23.881294,37.990069
90,72,23.881303,37.990032
90,73,23.881323,37.989982
90,74,23.881202,37.990013
90,75,23.881143,37.989871
90,76,23.881134,37.989852
90,77,23.880903,37.989593
90,78,23.880903,37.989593
90,79,23.880493,37.989193
90,80,23.880003,37.989093
90,81,23.877833,37.990394
90,82,23.874033,37.993033
90,83,23.871853,37.995475
90,84,23.867183,37.997596
90,85,23.863153,37.999538
90,86,23.859034,38.001838
90,87,23.857994,38.002769
90,88,23.858044,38.00545
90,89,23.858784,38.007442
90,90,23.860363,38.007251
90,91,23.860553,38.007289
90,92,23.860893,38.008807
90,93,23.861143,38.010718
90,94,23.861463,38.011489
90,95,23.862114,38.01152
90,96,23.862595,38.011557
90,97,23.862314,38.011478
90,98,23.862444,38.011569
90,99,23.862184,38.011638
90,100,23.861734,38.011608
90,101,23.860383,38.010997
90,102,23.859274,38.009826
90,103,23.857933,38.008437
90,104,23.857523,38.007968
90,105,23.857053,38.006969
90,106,23.856153,38.006191
90,107,23.856385,38.005359
90,108,23.856174,38.003508
90,109,23.858685,38.002109
90,110,23.862363,37.999877
90,111,23.866054,37.998237
90,112,23.870164,37.996005
90,113,23.872835,37.994716
90,114,23.874435,37.992637
90,115,23.876986,37.990928
90,116,23.880016,37.989059
90,117,23.881197,37.989978
90,118,23.881357,37.990039
90,119,23.881388,37.990051
90,120,23.881348,37.990051
90,121,23.881348,37.990051
90,122,23.881308,37.9901
90,123,23.881298,37.990051
90,124,23.881267,37.990001
90,125,23.881128,37.98986
90,126,23.881128,37.989848
90,127,23.880499,37.9892
90,128,23.87991,37.989139
90,129,23.87797,37.99031
90,130,23.87596,37.99166
90,131,23.873509,37.99385
90,132,23.871288,37.995738
90,133,23.870709,37.995899
90,134,23.867718,37.997329
90,135,23.863798,37.999327
90,136,23.859888,38.00127
90,137,23.858137,38.00233
90,138,23.857917,38.00431
90,139,23.858467,38.006961
90,140,23.858556,38.007369
90,141,23.860188,38.007251
90,142,23.860798,38.00875
90,143,23.861168,38.011161
90,144,23.860237,38.012912
90,145,23.860296,38.015514
90,146,23.860416,38.019382
90,147,23.859735,38.022971
90,148,23.859615,38.023692
90,149,23.859615,38.023761
90,150,23.857136,38.02436
90,151,23.853725,38.02515
90,152,23.850585,38.026191
90,153,23.850486,38.026222
90,154,23.848757,38.026771
90,155,23.845587,38.028369
90,156,23.844047,38.028559
90,157,23.842996,38.02721
90,158,23.840227,38.02843
90,159,23.837646,38.029559
90,160,23.837156,38.02959
90,161,23.835756,38.027702
90,162,23.834338,38.02629
90,163,23.833327,38.02497
90,164,23.832706,38.025249
90,165,23.831876,38.025859
90,166,23.830748,38.0265
90,167,23.829197,38.027492
90,168,23.828808,38.027762
90,169,23.823149,38.032573
90,170,23.822828,38.032702
90,171,23.823087,38.032412
90,172,23.823208,38.032554
90,173,23.823208,38.032534
90,174,23.830428,38.026603
90,175,23.831877,38.025783
90,176,23.832627,38.025153
90,177,23.832876,38.024822
90,178,23.832917,38.024802
90,179,23.833336,38.024974
90,180,23.833966,38.025985
90,181,23.835695,38.027705
90,182,23.837045,38.028205
90,183,23.838556,38.027644
90,184,23.841476,38.026282
90,185,23.842747,38.026622
90,186,23.845106,38.025554
90,187,23.847936,38.025184
90,188,23.848907,38.024623
90,189,23.848426,38.023475
90,190,23.846947,38.021094
90,191,23.849515,38.020663
90,192,23.851406,38.018775
90,193,23.853356,38.014465
90,194,23.855425,38.010845
90,195,23.857225,38.009483
90,196,23.857675,38.008354
90,197,23.857585,38.008155
90,198,23.858055,38.007613
90,199,23.860516,38.007243
90,200,23.861906,38.005832
90,201,23.861846,38.004081
90,202,23.861617,38.002162
90,203,23.862136,38.000072
90,204,23.862448,37.999843
90,205,23.865677,37.998454
90,206,23.869346,37.996333
90,207,23.871936,37.995445
90,208,23.873647,37.993396
90,209,23.875547,37.991905
90,210,23.878767,37.989803
90,211,23.880937,37.989734
90,212,23.881308,37.990073
90,213,23.881338,37.990062
90,214,23.881289,37.9901
90,215,23.881289,37.990062
90,216,23.881249,37.990032
90,217,23.881159,37.98984
90,218,23.881159,37.98984
90,219,23.88074,37.98944
90,220,23.88019,37.989032
90,221,23.87869,37.989902
90,222,23.876051,37.991653
90,223,23.875,37.992584
90,224,23.876209,37.994342
90,225,23.875928,37.996783
90,226,23.874399,37.995433
90,227,23.871569,37.996394
90,228,23.869668,37.996245
90,229,23.866159,37.998206
90,230,23.865529,37.998828
90,231,23.86575,37.999186
90,232,23.86603,37.999747
90,233,23.86631,38.000339
90,234,23.86689,38.0018
90,235,23.86768,38.003928
90,236,23.868439,38.005599
90,237,23.86946,38.005489
90,238,23.871189,38.005248
90,239,23.871509,38.005237
90,240,23.871509,38.005237
90,241,23.872009,38.006176
90,242,23.87088,38.008346
90,243,23.871071,38.010917
90,244,23.871561,38.013927
90,245,23.872011,38.016876
90,246,23.870722,38.017776
90,247,23.868073,38.018016
90,248,23.866983,38.016315
90,249,23.865383,38.017436
90,250,23.863313,38.018928
90,251,23.860813,38.020156
90,252,23.859043,38.020446
90,253,23.856483,38.020885
90,254,23.854204,38.021236
90,255,23.852515,38.021506
90,256,23.851114,38.021735
90,257,23.849825,38.021934
90,258,23.848894,38.022094
90,259,23.847944,38.022132
90,260,23.846624,38.02233
90,261,23.844984,38.022528
90,262,23.843684,38.022708
90,263,23.842884,38.022727
90,264,23.842054,38.022899
90,265,23.841475,38.022979
90,266,23.841475,38.02301
90,267,23.841534,38.02309
90,268,23.841592,38.023029
90,269,23.842172,38.02288
90,270,23.842953,38.022762
90,271,23.844173,38.022731
90,272,23.845524,38.022533
90,273,23.845465,38.022533
90,274,23.847084,38.022254
90,275,23.848623,38.022113
90,276,23.849523,38.022033
90,277,23.850374,38.021933
90,278,23.851685,38.021712
90,279,23.852335,38.021594
90,280,23.852776,38.021556
90,281,23.854117,38.021385
90,282,23.855806,38.021163
90,283,23.857835,38.020824
90,284,23.859886,38.020255
90,285,23.861906,38.019626
90,286,23.864835,38.017845
90,287,23.866807,38.016326
90,288,23.867986,38.017867
90,289,23.870367,38.017879
90,290,23.871958,38.016628
90,291,23.871297,38.012496
90,292,23.870727,38.009017
90,293,23.871798,38.005817
90,294,23.872497,38.005015
90,295,23.873018,38.004897
90,296,23.873878,38.004627
90,297,23.87584,38.004058
90,298,23.878149,38.003829
90,299,23.878229,38.00381
90,300,23.879429,38.00381
90,301,23.88036,38.003791
90,302,23.88055,38.002921
90,303,23.880041,37.999431
90,304,23.880812,37.995422
90,305,23.882042,37.991043
90,306,23.881912,37.990634
90,307,23.881931,37.990604
90,308,23.881852,37.990523
90,309,23.881901,37.990542
90,310,23.881911,37.990554
90,311,23.8815,37.991633
90,312,23.88142,37.991652
90,313,23.881401,37.991664
90,314,23.881302,37.991626
90,315,23.881351,37.990924
90,316,23.881332,37.990763
90,317,23.881333,37.990264
90,318,23.881252,37.990013
90,319,23.881332,37.990051
90,320,23.881242,37.989749
