91,1,23.881365,37.990119
91,2,23.881155,37.9901
91,3,23.881125,37.98991
91,4,23.881106,37.989921
91,5,23.880805,37.9896
91,6,23.880655,37.98946
91,7,23.880445,37.989249
91,8,23.879816,37.989231
91,9,23.877436,37.990691
91,10,23.874216,37.992912
91,11,23.872057,37.995403
91,12,23.867188,37.997634
91,13,23.862898,37.999656
91,14,23.858698,38.002048
91,15,23.857948,38.00201
91,16,23.858278,38.000201
91,17,23.858018,37.998691
91,18,23.857359,37.99765
91,19,23.854759,37.997981
91,20,23.852668,37.998203
91,21,23.852619,37.998954
91,22,23.85215,37.999355
91,23,23.85034,37.998046
91,24,23.84844,37.997256
91,25,23.847,37.996875
91,26,23.84533,37.996856
91,27,23.844849,37.997054
91,28,23.844928,37.996944
91,29,23.845218,37.996802
91,30,23.845148,37.996765
91,31,23.845577,37.996673
91,32,23.847217,37.996741
91,33,23.848738,37.997223
91,34,23.848738,37.997223
91,35,23.848738,37.997241
91,36,23.848867,37.997341
91,37,23.850337,37.997989
91,38,23.852478,37.99932
91,39,23.852589,37.9981
91,40,23.855789,37.997718
91,41,23.857649,37.998076
91,42,23.858189,38.000205
91,43,23.858028,38.002284
91,44,23.860908,38.000396
91,45,23.864918,37.998694
91,46,23.869297,37.996215
91,47,23.870598,37.995796
91,48,23.873878,37.992934
91,49,23.87456,37.992446
91,50,23.878509,37.989818
91,51,23.88069,37.989429
91,52,23.88114,37.989879
91,53,23.881199,37.989959
91,54,23.881249,37.989989
91,55,23.881239,37.989959
91,56,23.881269,37.989948
91,57,23.881279,37.989986
91,58,23.881239,37.989955
91,59,23.881258,37.989994
91,60,23.881218,37.989994
91,61,23.881098,37.989814
91,62,23.881098,37.989802
91,63,23.880388,37.989162
91,64,23.879857,37.989161
91,65,23.877418,37.990661
91,66,23.874048,37.99295
91,67,23.872188,37.99528
91,68,23.867778,37.99728
91,69,23.863489,37.999419
91,70,23.859369,38.00162
91,71,23.857919,38.00289
91,72,23.85808,38.00571
91,73,23.858469,38.007079
91,74,23.858429,38.00711
91,75,23.858929,38.007461
91,76,23.86027,38.00727
91,77,23.86031,38.00727
91,78,23.860698,38.00825
91,79,23.861059,38.010532
91,80,23.860349,38.012652
91,81,23.86034,38.014663
91,82,23.86035,38.017814
91,83,23.860269,38.020683
91,84,23.859699,38.023231
91,85,23.859588,38.025992
91,86,23.859229,38.029311
91,87,23.857909,38.031352
91,88,23.857109,38.031642
91,89,23.85669,38.032412
91,90,23.85714,38.033503
91,91,23.85523,38.035113
91,92,23.85177,38.038234
91,93,23.84906,38.040954
91,94,23.845511,38.043013
91,95,23.84147,38.045303
91,96,23.84078,38.045742
91,97,23.840391,38.046012
91,98,23.840372,38.046024
91,99,23.839703,38.046764
91,100,23.841402,38.047794
91,101,23.843381,38.049083
91,102,23.845121,38.050551
91,103,23.846792,38.052031
91,104,23.850061,38.052402
91,105,23.853272,38.053272
91,106,23.854891,38.053882
91,107,23.857321,38.05577
91,108,23.85808,38.05746
91,109,23.857919,38.059402
91,110,23.856409,38.061091
91,111,23.857168,38.063193
91,112,23.858248,38.063884
91,113,23.858238,38.063735
91,114,23.858198,38.063495
91,115,23.858059,38.063304
91,116,23.857828,38.062885
91,117,23.857587,38.062484
91,118,23.857557,38.062415
91,119,23.857557,38.062384
91,120,23.857576,38.062465
91,121,23.857576,38.062465
91,122,23.857657,38.062613
91,123,23.858076,38.063182
91,124,23.858316,38.06338
91,125,23.858286,38.063751
91,126,23.857145,38.063079
91,127,23.856615,38.060649
91,128,23.858274,38.05915
91,129,23.858414,38.059001
91,130,23.859064,38.059402
91,131,23.859804,38.059932
91,132,23.859944,38.059993
91,133,23.860174,38.060134
91,134,23.860684,38.060443
91,135,23.860955,38.060801
91,136,23.860174,38.060672
91,137,23.859814,38.060622
91,138,23.859313,38.060592
91,139,23.859425,38.060642
91,140,23.860665,38.06087
91,141,23.860884,38.060908
91,142,23.860963,38.060909
91,143,23.860643,38.060809
91,144,23.860193,38.060779
91,145,23.859913,38.060729
91,146,23.859553,38.060661
91,147,23.859222,38.060672
91,148,23.858762,38.06029
91,149,23.859312,38.059611
91,150,23.857922,38.059173
91,151,23.857382,38.056311
91,152,23.854892,38.053833
91,153,23.854662,38.053352
91,154,23.850761,38.052451
91,155,23.846111,38.051601
91,156,23.842762,38.048819
91,157,23.840652,38.04742
91,158,23.839962,38.047031
91,159,23.839522,38.046661
91,160,23.842941,38.044509
91,161,23.843441,38.044257
91,162,23.847581,38.041896
91,163,23.851101,38.039047
91,164,23.85429,38.035858
91,165,23.85706,38.033648
91,166,23.856569,38.03186
91,167,23.85854,38.03123
91,168,23.859199,38.028739
91,169,23.85961,38.025329
91,170,23.859579,38.024577
91,171,23.859619,38.023677
91,172,23.860229,38.020266
91,173,23.860189,38.016177
91,174,23.859958,38.012206
91,175,23.860328,38.010745
91,176,23.858728,38.009327
91,177,23.858078,38.008575
91,178,23.858069,38.008544
91,179,23.857779,38.008185
91,180,23.857738,38.008117
91,181,23.857399,38.007258
91,182,23.856319,38.006099
91,183,23.85618,38.005297
91,184,23.85622,38.003498
91,185,23.85767,38.002586
91,186,23.860331,38.000965
91,187,23.863581,37.999415
91,188,23.86667,37.997886
91,189,23.86993,37.996066
91,190,23.872681,37.994864
91,191,23.87424,37.992774
91,192,23.876411,37.991324
91,193,23.879772,37.989185
91,194,23.881052,37.989734
91,195,23.881372,37.989963
91,196,23.881372,37.989974
91,197,23.881382,37.989974
91,198,23.881613,37.990116
91,199,23.881594,37.990135
91,200,23.881653,37.990253
91,201,23.881644,37.990264
91,202,23.881674,37.990374
91,203,23.881683,37.990455
91,204,23.881954,37.990546
91,205,23.882093,37.991157
91,206,23.881533,37.993228
91,207,23.881023,37.995116
91,208,23.880213,37.998096
91,209,23.880592,38.001086
91,210,23.881052,38.002437
91,211,23.882852,38.002399
91,212,23.884693,38.001708
91,213,23.884703,38.002647
91,214,23.884702,38.002685
91,215,23.884502,38.003463
91,216,23.886553,38.003833
91,217,23.891323,38.004562
91,218,23.896973,38.0036
91,219,23.901854,38.002898
91,220,23.906874,38.00262
91,221,23.911484,38.002262
91,222,23.914114,37.999721
91,223,23.918684,37.998542
91,224,23.924814,37.997654
91,225,23.930765,37.998214
91,226,23.936105,38.000175
91,227,23.941236,38.002086
91,228,23.946556,38.003756
91,229,23.951397,38.005248
91,230,23.955697,38.006598
91,231,23.960186,38.007949
91,232,23.965166,38.0084
91,233,23.970076,38.010459
91,234,23.974285,38.012458
91,235,23.977436,38.015239
91,236,23.980086,38.018211
91,237,23.981935,38.020839
91,238,23.983105,38.024047
91,239,23.982655,38.026386
91,240,23.982654,38.028884
91,241,23.984205,38.031543
91,242,23.984575,38.032764
91,243,23.987255,38.035464
91,244,23.990145,38.038646
91,245,23.989564,38.042506
91,246,23.988214,38.046596
91,247,23.986524,38.051235
91,248,23.984165,38.055552
91,249,23.982426,38.059852
91,250,23.981806,38.063811
91,251,23.981925,38.065231
91,252,23.982077,38.067119
91,253,23.982397,38.071178
91,254,23.982807,38.075217
91,255,23.981018,38.078666
91,256,23.979399,38.081707
91,257,23.978168,38.083976
91,258,23.977228,38.085757
91,259,23.976177,38.087799
91,260,23.975686,38.088817
91,261,23.973947,38.092555
91,262,23.971977,38.097545
91,263,23.970056,38.102885
91,264,23.969856,38.104076
91,265,23.969826,38.105906
91,266,23.969796,38.110225
91,267,23.969755,38.115775
91,268,23.969725,38.121325
91,269,23.968944,38.127067
91,270,23.967924,38.133048
91,271,23.966344,38.138999
91,272,23.965426,38.143791
91,273,23.968145,38.144649
91,274,23.973515,38.143859
91,275,23.979795,38.143668
91,276,23.985916,38.144549
91,277,23.990677,38.146941
91,278,23.994766,38.149822
91,279,23.997415,38.14965
91,280,24.001557,38.146941
91,281,24.005827,38.144153
91,282,24.008778,38.142192
91,283,24.009418,38.141784
91,284,24.012489,38.139762
91,285,24.01591,38.138213
91,286,24.016439,38.138774
91,287,24.01569,38.139865
91,288,24.015249,38.141014
91,289,24.015249,38.141014
91,290,24.014719,38.141265
91,291,24.014608,38.141475
91,292,24.014568,38.142147
91,293,24.014518,38.143336
91,294,24.014568,38.144756
91,295,24.014457,38.146354
91,296,24.014538,38.147643
91,297,24.015777,38.148692
91,298,24.017557,38.148994
91,299,24.017477,38.149093
91,300,24.017587,38.149062
91,301,24.017698,38.149062
91,302,24.017599,38.149062
91,303,24.016698,38.148921
91,304,24.015688,38.148699
91,305,24.015058,38.148028
91,306,24.014867,38.147788
91,307,24.014867,38.147777
91,308,24.014677,38.147708
91,309,24.014446,38.146647
91,310,24.014527,38.145187
91,311,24.014507,38.143668
91,312,24.014588,38.141937
91,313,24.015287,38.141005
91,314,24.015778,38.139606
91,315,24.016848,38.138385
91,316,24.013848,38.138945
91,317,24.008827,38.142234
91,318,24.003868,38.145496
91,319,23.999418,38.148395
91,320,23.995968,38.150683
91,321,23.993257,38.148925
91,322,23.988327,38.145694
91,323,23.981567,38.143783
91,324,23.973717,38.143874
91,325,23.966696,38.144504
91,326,23.965737,38.142463
91,327,23.967066,38.136142
91,328,23.968576,38.128913
91,329,23.969665,38.121894
91,330,23.969666,38.115013
91,331,23.969696,38.108802
91,332,23.969736,38.104541
91,333,23.971326,38.099151
91,334,23.973236,38.094173
91,335,23.975106,38.089912
91,336,23.975825,38.088351
91,337,23.976234,38.0875
91,338,23.977674,38.084842
91,339,23.978975,38.082363
91,340,23.981134,38.078372
91,341,23.982554,38.073142
91,342,23.982054,38.067752
91,343,23.981915,38.066192
91,344,23.981604,38.06214
91,345,23.983624,38.05683
91,346,23.986833,38.050719
91,347,23.988724,38.04451
91,348,23.990234,38.039107
91,349,23.986494,38.035067
91,350,23.984493,38.033069
91,351,23.982754,38.0293
91,352,23.982923,38.023712
91,353,23.980543,38.018862
91,354,23.980312,38.018604
91,355,23.979862,38.018214
91,356,23.976982,38.014637
91,357,23.971771,38.011035
91,358,23.965901,38.008846
91,359,23.960121,38.008014
91,360,23.954552,38.006045
91,361,23.948841,38.004535
91,362,23.943201,38.002796
91,363,23.938061,38.001235
91,364,23.932282,37.998824
91,365,23.926161,37.997813
91,366,23.920011,37.998275
91,367,23.914322,37.999725
91,368,23.911201,38.002433
91,369,23.906262,38.002642
91,370,23.900861,38.003062
91,371,23.894772,38.004043
91,372,23.889831,38.004413
91,373,23.886171,38.003844
91,374,23.885882,38.003806
91,375,23.885082,38.003695
91,376,23.884283,38.003566
91,377,23.883873,38.003535
91,378,23.882963,38.003696
91,379,23.882362,38.003775
91,380,23.881592,38.003795
91,381,23.880971,38.003795
91,382,23.880762,38.002906
91,383,23.880192,37.998375
91,384,23.881642,37.992874
91,385,23.881681,37.990413
91,386,23.881201,37.989963
91,387,23.881321,37.989943
91,388,23.881351,37.990115
91,389,23.881342,37.990115
91,390,23.881232,37.990016
91,391,23.88125,37.989986
91,392,23.88122,37.989787
91,393,23.88121,37.989799
91,394,23.880301,37.98896
91,395,23.87899,37.98965
91,396,23.87598,37.991648
91,397,23.87335,37.994139
91,398,23.870381,37.995978
91,399,23.86593,37.998279
91,400,23.86165,38.000141
91,401,23.857951,38.002532
91,402,23.858,38.005183
91,403,23.8584,38.006675
91,404,23.858481,38.007015
91,405,23.858511,38.007213
91,406,23.858471,38.007243
91,407,23.857921,38.007693
91,408,23.856111,38.008304
91,409,23.857052,38.009402
91,410,23.85567,38.010612
91,411,23.85367,38.01393
91,412,23.851881,38.017879
91,413,23.850391,38.020949
91,414,23.850561,38.02132
91,415,23.851101,38.021518
91,416,23.852371,38.021419
91,417,23.852091,38.02156
91,418,23.851292,38.02167
91,419,23.850941,38.021739
91,420,23.850771,38.021777
91,421,23.849701,38.021926
91,422,23.848371,38.022025
91,423,23.847042,38.022224
91,424,23.846361,38.022354
91,425,23.844911,38.022545
91,426,23.844171,38.022693
91,427,23.843391,38.022582
91,428,23.845072,38.022262
91,429,23.845501,38.022201
91,430,23.845381,38.022239
91,431,23.84581,38.022159
91,432,23.846001,38.022098
91,433,23.846059,38.022086
91,434,23.845569,38.022186
91,435,23.844289,38.022365
91,436,23.843469,38.022716
91,437,23.844509,38.022624
91,438,23.845179,38.022483
91,439,23.84553,38.022453
91,440,23.84551,38.022483
91,441,23.845791,38.022453
91,442,23.84725,38.022224
91,443,23.84816,38.022075
91,444,23.849369,38.022014
91,445,23.850488,38.021873
91,446,23.851539,38.021693
91,447,23.852029,38.021522
91,448,23.850959,38.021693
91,449,23.8503,38.021312
91,450,23.851059,38.01966
91,451,23.853328,38.014579
91,452,23.855509,38.01055
91,453,23.855299,38.00949
91,454,23.855249,38.008842
91,455,23.85499,38.008804
91,456,23.85343,38.008662
91,457,23.853741,38.006572
91,458,23.854811,38.004112
91,459,23.85774,38.002551
91,460,23.862541,37.999782
91,461,23.866701,37.997863
91,462,23.869982,37.996032
91,463,23.871212,37.995681
91,464,23.875371,37.992023
91,465,23.880103,37.989013
91,466,23.880633,37.989432
91,467,23.881751,37.990523
91,468,23.881863,37.990615
91,469,23.881962,37.990715
91,470,23.882021,37.990665
91,471,23.881881,37.990535
91,472,23.881881,37.990535
91,473,23.882081,37.990715
91,474,23.882081,37.990684
91,475,23.881913,37.990875
91,476,23.881382,37.990085
91,477,23.881332,37.990054
91,478,23.881573,37.990172
