92,1,23.881981,37.990402
92,2,23.882051,37.99052
92,3,23.881892,37.990402
92,4,23.881851,37.990402
92,5,23.881941,37.990482
92,6,23.881931,37.990462
92,7,23.881641,37.990283
92,8,23.881371,37.990104
92,9,23.88132,37.990123
92,10,23.880701,37.989451
92,11,23.880701,37.989414
92,12,23.880521,37.989203
92,13,23.880231,37.989005
92,14,23.878403,37.990074
92,15,23.875133,37.992251
92,16,23.872854,37.9948
92,17,23.868364,37.996989
92,18,23.863326,37.999488
92,19,23.858785,38.001987
92,20,23.857925,38.004035
92,21,23.858526,38.006946
92,22,23.858607,38.007278
92,23,23.857326,38.007796
92,24,23.854536,38.008678
92,25,23.850656,38.009399
92,26,23.846376,38.01012
92,27,23.843176,38.010551
92,28,23.838936,38.01144
92,29,23.834755,38.013011
92,30,23.832266,38.013553
92,31,23.830986,38.013832
92,32,23.827245,38.014003
92,33,23.822746,38.013793
92,34,23.818386,38.013103
92,35,23.816606,38.012561
92,36,23.814476,38.012019
92,37,23.808657,38.010459
92,38,23.807327,38.009818
92,39,23.804817,38.008678
92,40,23.802417,38.007686
92,41,23.799757,38.006984
92,42,23.797086,38.006103
92,43,23.795887,38.005615
92,44,23.795837,38.005615
92,45,23.795718,38.005153
92,46,23.796547,38.004542
92,47,23.796257,38.003833
92,48,23.795317,38.003081
92,49,23.794827,38.002662
92,50,23.794496,38.002342
92,51,23.794096,38.002071
92,52,23.794077,38.001979
92,53,23.794416,38.001689
92,54,23.794576,38.001498
92,55,23.794777,38.001319
92,56,23.795245,38.000808
92,57,23.795476,38.000499
92,58,23.796136,37.999931
92,59,23.796217,37.999919
92,60,23.795246,38.000697
92,61,23.795206,38.000789
92,62,23.795175,38.000789
92,63,23.795095,38.000869
92,64,23.795274,38.000617
92,65,23.795534,38.000407
92,66,23.795725,38.000289
92,67,23.795965,38.000068
92,68,23.796144,37.999938
92,69,23.796224,37.999926
92,70,23.796755,37.999378
92,71,23.796945,37.999438
92,72,23.797516,37.999968
92,73,23.795545,38.001648
92,74,23.793316,38.003547
92,75,23.793257,38.003535
92,76,23.793836,38.004257
92,77,23.795026,38.005115
92,78,23.795967,38.005683
92,79,23.800586,38.007064
92,80,23.804437,38.008426
92,81,23.807178,38.009685
92,82,23.811729,38.011314
92,83,23.81605,38.012313
92,84,23.820388,38.013522
92,85,23.824389,38.013793
92,86,23.828369,38.013912
92,87,23.82935,38.013881
92,88,23.83051,38.013801
92,89,23.831029,38.01369
92,90,23.831671,38.01356
92,91,23.833121,38.013229
92,92,23.833999,38.013057
92,93,23.83454,38.012939
92,94,23.835899,38.012649
92,95,23.836429,38.012477
92,96,23.838009,38.011737
92,97,23.839178,38.011176
92,98,23.840069,38.010924
92,99,23.84145,38.010765
92,100,23.84354,38.010536
92,101,23.84745,38.009967
92,102,23.85252,38.009097
92,103,23.85325,38.007968
92,104,23.854181,38.005267
92,105,23.85597,38.003386
92,106,23.85872,38.001998
92,107,23.862862,37.99966
92,108,23.867121,37.99763
92,109,23.87125,37.9957
92,110,23.875669,37.99179
92,111,23.879579,37.989268
92,112,23.88118,37.98991
92,113,23.8813,37.989989
92,114,23.881309,37.989978
92,115,23.881319,37.990127
92,116,23.881229,37.990066
92,117,23.88123,37.989917
92,118,23.880258,37.989078
92,119,23.880089,37.989116
92,120,23.877998,37.990367
92,121,23.874387,37.992808
92,122,23.872217,37.99533
92,123,23.868606,37.996848
92,124,23.864546,37.99905
92,125,23.860405,38.000919
92,126,23.858335,38.002257
92,127,23.857906,38.003719
92,128,23.858426,38.006789
92,129,23.858578,38.00735
92,130,23.860197,38.007251
92,131,23.860336,38.007251
92,132,23.860636,38.007701
92,133,23.861036,38.009982
92,134,23.860906,38.01224
92,135,23.860287,38.013221
92,136,23.860296,38.01559
92,137,23.860447,38.018489
92,138,23.860197,38.0213
92,139,23.859676,38.023902
92,140,23.859707,38.025081
92,141,23.859707,38.02536
92,142,23.859267,38.0279
92,143,23.859115,38.030769
92,144,23.856605,38.031779
92,145,23.856525,38.0321
92,146,23.856945,38.033882
92,147,23.854335,38.035823
92,148,23.851476,38.038604
92,149,23.848307,38.041472
92,150,23.847807,38.041782
92,151,23.845657,38.042911
92,152,23.843477,38.044272
92,153,23.840637,38.045844
92,154,23.839687,38.046546
92,155,23.839668,38.046557
92,156,23.839939,38.047648
92,157,23.839769,38.04882
92,158,23.839689,38.049739
92,159,23.839459,38.05104
92,160,23.838829,38.051502
92,161,23.838779,38.051502
92,162,23.837839,38.051441
92,163,23.835199,38.051169
92,164,23.832828,38.051219
92,165,23.830818,38.05157
92,166,23.827808,38.052588
92,167,23.825057,38.053038
92,168,23.823769,38.05297
92,169,23.822588,38.052428
92,170,23.821637,38.052348
92,171,23.818668,38.052509
92,172,23.815408,38.052909
92,173,23.813818,38.053439
92,174,23.811928,38.053928
92,175,23.811878,38.053939
92,176,23.811669,38.054629
92,177,23.811159,38.056548
92,178,23.80864,38.058257
92,179,23.808719,38.059337
92,180,23.80891,38.060558
92,181,23.809129,38.062117
92,182,23.80936,38.064128
92,183,23.809151,38.063399
92,184,23.808731,38.06066
92,185,23.808711,38.06052
92,186,23.808711,38.060549
92,187,23.808622,38.060409
92,188,23.808592,38.060409
92,189,23.808423,38.06029
92,190,23.808242,38.060279
92,191,23.808072,38.060347
92,192,23.808123,38.060337
92,193,23.808082,38.060428
92,194,23.808363,38.060317
92,195,23.808594,38.060508
92,196,23.808464,38.060519
92,197,23.808433,38.060531
92,198,23.808683,38.060161
92,199,23.810234,38.056899
92,200,23.811274,38.054038
92,201,23.810074,38.051608
92,202,23.808033,38.048858
92,203,23.806652,38.045577
92,204,23.803472,38.042708
92,205,23.803463,38.04145
92,206,23.805133,38.041099
92,207,23.807283,38.040049
92,208,23.808042,38.039718
92,209,23.808042,38.039718
92,210,23.808942,38.04145
92,211,23.809272,38.04465
92,212,23.810343,38.04457
92,213,23.814632,38.042819
92,214,23.817703,38.040679
92,215,23.819072,38.040069
92,216,23.819474,38.0405
92,217,23.821813,38.040511
92,218,23.823303,38.041289
92,219,23.826683,38.042999
92,220,23.828583,38.043898
92,221,23.829223,38.04325
92,222,23.829754,38.041339
92,223,23.829945,38.040759
92,224,23.829963,38.040721
92,225,23.830774,38.040531
92,226,23.831625,38.04116
92,227,23.832025,38.04148
92,228,23.832956,38.042079
92,229,23.835057,38.042041
92,230,23.837807,38.039752
92,231,23.840117,38.037841
92,232,23.842127,38.036243
92,233,23.844807,38.034564
92,234,23.847347,38.033393
92,235,23.849867,38.032214
92,236,23.853836,38.030384
92,237,23.854375,38.030112
92,238,23.854286,38.029891
92,239,23.855547,38.028602
92,240,23.859078,38.027801
92,241,23.859528,38.02592
92,242,23.859457,38.02402
92,243,23.860017,38.021289
92,244,23.860157,38.016868
92,245,23.859966,38.012347
92,246,23.860376,38.011188
92,247,23.859366,38.009998
92,248,23.858005,38.008506
92,249,23.857935,38.008445
92,250,23.857904,38.008433
92,251,23.857594,38.008026
92,252,23.857554,38.008037
92,253,23.857563,38.007735
92,254,23.855892,38.007224
92,255,23.855371,38.006182
92,256,23.85646,38.005072
92,257,23.856251,38.003314
92,258,23.859942,38.001235
92,259,23.863941,37.999293
92,260,23.868042,37.997154
92,261,23.870003,37.996043
92,262,23.873444,37.993682
92,263,23.875464,37.9919
92,264,23.876632,37.991161
92,265,23.880062,37.989021
92,266,23.880392,37.989162
92,267,23.881212,37.990131
92,268,23.881332,37.990039
92,269,23.881332,37.990051
92,270,23.881252,37.99005
92,271,23.881221,37.99005
92,272,23.881241,37.990032
92,273,23.880321,37.989013
92,274,23.881592,37.988242
92,275,23.885251,37.986591
92,276,23.889853,37.983951
92,277,23.894034,37.981113
92,278,23.898214,37.978412
92,279,23.901994,37.975982
92,280,23.904785,37.972693
92,281,23.905575,37.969184
92,282,23.906405,37.968193
92,283,23.909673,37.968223
92,284,23.911542,37.970363
92,285,23.912492,37.973865
92,286,23.914183,37.977153
92,287,23.916104,37.980014
92,288,23.918113,37.981112
92,289,23.920864,37.981174
92,290,23.923914,37.982204
92,291,23.923964,37.982234
92,292,23.923982,37.982254
92,293,23.924112,37.982512
92,294,23.924862,37.983593
92,295,23.924862,37.983603
92,296,23.924803,37.983703
92,297,23.924744,37.983703
92,298,23.924044,37.982314
92,299,23.925083,37.982455
92,300,23.928493,37.983066
92,301,23.927603,37.983767
92,302,23.926804,37.983619
92,303,23.927004,37.983527
92,304,23.926384,37.983558
92,305,23.925844,37.983558
92,306,23.925714,37.983546
92,307,23.926165,37.983547
92,308,23.926405,37.983547
92,309,23.925995,37.983509
92,310,23.925764,37.983497
92,311,23.925754,37.983478
92,312,23.926494,37.983527
92,313,23.928015,37.983806
92,314,23.927515,37.982947
92,315,23.923945,37.982208
92,316,23.920395,37.981288
92,317,23.916556,37.980178
92,318,23.915106,37.978446
92,319,23.912685,37.974697
92,320,23.911455,37.970206
92,321,23.909506,37.968257
92,322,23.906145,37.969257
92,323,23.905625,37.971095
92,324,23.902554,37.975666
92,325,23.898043,37.978584
92,326,23.892473,37.982185
92,327,23.888473,37.984825
92,328,23.883713,37.987483
92,329,23.880493,37.988845
92,330,23.881323,37.989986
92,331,23.881413,37.990116
92,332,23.881413,37.989955
92,333,23.881472,37.990116
92,334,23.881512,37.990184
92,335,23.881492,37.990196
92,336,23.881644,37.990314
92,337,23.881994,37.990573
92,338,23.882173,37.990825
92,339,23.881573,37.993057
92,340,23.880444,37.997145
92,341,23.880623,38.001464
92,342,23.880752,38.002735
92,343,23.880734,38.002754
92,344,23.880823,38.003142
92,345,23.880823,38.003154
92,346,23.880842,38.003425
92,347,23.880842,38.003463
92,348,23.879171,38.003704
92,349,23.876772,38.003753
92,350,23.875371,38.004085
92,351,23.873972,38.004554
92,352,23.872261,38.005084
92,353,23.872162,38.006706
92,354,23.870962,38.009826
92,355,23.871591,38.013915
92,356,23.872181,38.017344
92,357,23.869822,38.017864
92,358,23.867731,38.017241
92,359,23.86606,38.01686
92,360,23.864521,38.01821
92,361,23.86202,38.019721
92,362,23.86038,38.020232
92,363,23.86091,38.019702
92,364,23.860751,38.019801
92,365,23.86021,38.020023
92,366,23.86076,38.020202
92,367,23.86228,38.019542
92,368,23.86428,38.018401
92,369,23.866161,38.01673
92,370,23.867531,38.01689
92,371,23.869391,38.018012
92,372,23.872171,38.017582
92,373,23.871472,38.013713
92,374,23.870781,38.009395
92,375,23.871881,38.006263
92,376,23.871751,38.005473
92,377,23.871751,38.005461
92,378,23.872813,38.005023
92,379,23.874363,38.004573
92,380,23.876033,38.004134
92,381,23.876715,38.003993
92,382,23.877695,38.003955
92,383,23.878216,38.003993
92,384,23.879116,38.003982
92,385,23.880346,38.003963
92,386,23.880717,38.003685
92,387,23.880337,38.000446
92,388,23.880777,37.995967
92,389,23.882047,37.991359
92,390,23.881977,37.99073
92,391,23.881977,37.990691
92,392,23.881838,37.990531
92,393,23.881897,37.990623
92,394,23.881878,37.990482
92,395,23.881328,37.990081
92,396,23.881328,37.990081
92,397,23.880718,37.98946
92,398,23.879858,37.989287
92,399,23.877487,37.990749
92,400,23.874108,37.993079
92,401,23.872408,37.995258
92,402,23.867848,37.997348
92,403,23.863487,37.999518
92,404,23.859568,38.001567
92,405,23.857918,38.003456
92,406,23.858238,38.006267
92,407,23.858428,38.006946
92,408,23.858528,38.007255
92,409,23.858528,38.007274
92,410,23.858558,38.007563
92,411,23.857079,38.008033
92,412,23.856529,38.008891
92,413,23.85681,38.00997
92,414,23.8547,38.011802
92,415,23.852939,38.015564
92,416,23.85115,38.019534
92,417,23.84967,38.020663
92,418,23.84774,38.020862
92,419,23.84663,38.02114
92,420,23.843889,38.021461
92,421,23.840549,38.021682
92,422,23.837638,38.021121
92,423,23.836649,38.021171
92,424,23.836198,38.021659
92,425,23.836069,38.02177
92,426,23.836019,38.02164
92,427,23.836029,38.021781
92,428,23.835899,38.022002
92,429,23.835988,38.022254
92,430,23.836199,38.022514
92,431,23.836279,38.022624
92,432,23.836618,38.023055
92,433,23.836797,38.023265
92,434,23.836817,38.023315
92,435,23.835907,38.022094
92,436,23.836607,38.021155
92,437,23.838358,38.021377
92,438,23.841278,38.021507
92,439,23.844849,38.021316
92,440,23.846837,38.021007
92,441,23.845339,38.018058
92,442,23.843639,38.014079
92,443,23.843719,38.010921
92,444,23.843729,38.010921
92,445,23.843879,38.0106
92,446,23.84764,38.009971
92,447,23.853069,38.00901
92,448,23.853409,38.007449
92,449,23.854299,38.005199
92,450,23.8561,38.003349
92,451,23.859511,38.001518
92,452,23.86408,37.999206
92,453,23.86841,37.996917
92,454,23.870291,37.995937
92,455,23.873541,37.993575
92,456,23.87791,37.990326
92,457,23.880729,37.989486
92,458,23.882019,37.990615
92,459,23.881908,37.990585
92,460,23.881908,37.990573
92,461,23.881388,37.990165
92,462,23.881388,37.990116
92,463,23.881008,37.989585
92,464,23.880249,37.989044
92,465,23.87834,37.990173
92,466,23.87508,37.992362
92,467,23.87295,37.994792
92,468,23.868769,37.996802
92,469,23.865468,37.998611
92,470,23.86234,37.999919
92,471,23.859409,38.001677
92,472,23.857978,38.002856
92,473,23.85818,38.006026
92,474,23.85853,38.007297
92,475,23.85853,38.007285
92,476,23.85882,38.007506
92,477,23.860451,38.007308
92,478,23.860451,38.00732
92,479,23.86063,38.007518
92,480,23.86098,38.009078
92,481,23.861271,38.011447
92,482,23.860361,38.013167
92,483,23.860342,38.016006
92,484,23.860493,38.019317
92,485,23.860113,38.021926
92,486,23.859073,38.024047
92,487,23.855564,38.024806
92,488,23.852005,38.025798
92,489,23.850624,38.026279
92,490,23.850605,38.026317
92,491,23.848365,38.027027
92,492,23.844727,38.028976
92,493,23.843466,38.027674
92,494,23.842146,38.027713
92,495,23.838485,38.029304
92,496,23.837006,38.029445
92,497,23.835005,38.026977
92,498,23.833194,38.024997
92,499,23.832476,38.025718
92,500,23.831016,38.026447
92,501,23.828996,38.027728
92,502,23.828806,38.027877
92,503,23.823117,38.032619
92,504,23.823187,38.03271
92,505,23.823196,38.032722
92,506,23.823156,38.032733
92,507,23.823057,38.032615
92,508,23.823038,38.032665
92,509,23.822918,38.032756
92,510,23.823118,38.032794
92,511,23.823318,38.032695
92,512,23.830538,38.026695
92,513,23.832338,38.025702
92,514,23.832878,38.024932
92,515,23.834358,38.026504
92,516,23.836267,38.028534
92,517,23.838567,38.027732
92,518,23.841898,38.026233
92,519,23.842848,38.026714
92,520,23.846208,38.025485
92,521,23.848719,38.025104
92,522,23.848648,38.024005
92,523,23.847057,38.021457
92,524,23.845377,38.018336
92,525,23.844017,38.015556
92,526,23.843456,38.012477
92,527,23.843596,38.011539
92,528,23.843614,38.01144
92,529,23.845664,38.010429
92,530,23.850065,38.009658
92,531,23.853225,38.009048
92,532,23.853606,38.006839
92,533,23.854636,38.004447
92,534,23.857124,38.002955
92,535,23.859224,38.001784
92,536,23.863745,37.999446
92,537,23.868154,37.997146
92,538,23.872475,37.995098
92,539,23.875586,37.991908
92,540,23.879514,37.989379
92,541,23.880985,37.98981
92,542,23.881204,37.99002
92,543,23.881094,37.990139
