93,1,23.881861,37.990443
93,2,23.88191,37.990493
93,3,23.88191,37.990532
93,4,23.88145,37.99018
93,5,23.8813,37.9901
93,6,23.8813,37.990088
93,7,23.88142,37.990126
93,8,23.881661,37.990306
93,9,23.881621,37.990325
93,10,23.8815,37.990196
93,11,23.88138,37.990054
93,12,23.88043,37.989093
93,13,23.880332,37.988982
93,14,23.882082,37.988044
93,15,23.884863,37.986823
93,16,23.889352,37.984294
93,17,23.893583,37.981403
93,18,23.897253,37.97901
93,19,23.900833,37.976711
93,20,23.903892,37.974243
93,21,23.905533,37.970584
93,22,23.905632,37.969043
93,23,23.905863,37.967933
93,24,23.906433,37.965362
93,25,23.905844,37.964153
93,26,23.901663,37.963031
93,27,23.900443,37.96223
93,28,23.900432,37.96062
93,29,23.900563,37.958518
93,30,23.900362,37.956077
93,31,23.899813,37.954196
93,32,23.898324,37.951858
93,33,23.896322,37.947498
93,34,23.893852,37.942477
93,35,23.891632,37.937637
93,36,23.890042,37.934325
93,37,23.887981,37.933196
93,38,23.885271,37.934547
93,39,23.883771,37.934405
93,40,23.882572,37.932327
93,41,23.883353,37.931476
93,42,23.885853,37.928188
93,43,23.883803,37.923847
93,44,23.890053,37.921565
93,45,23.893153,37.916427
93,46,23.894962,37.911456
93,47,23.894322,37.906295
93,48,23.894672,37.903384
93,49,23.891813,37.900993
93,50,23.886574,37.898994
93,51,23.884492,37.897575
93,52,23.883343,37.893733
93,53,23.882322,37.891452
93,54,23.882322,37.891441
93,55,23.881672,37.890712
93,56,23.881672,37.890003
93,57,23.881212,37.888694
93,58,23.880232,37.887473
93,59,23.879122,37.886481
93,60,23.876722,37.88438
93,61,23.873084,37.88143
93,62,23.869244,37.878471
93,63,23.865354,37.8758
93,64,23.861184,37.873488
93,65,23.858764,37.871948
93,66,23.855875,37.869899
93,67,23.851815,37.866477
93,68,23.847713,37.862826
93,69,23.843824,37.860515
93,70,23.840195,37.858226
93,71,23.835024,37.857208
93,72,23.831114,37.854487
93,73,23.829374,37.850658
93,74,23.827875,37.848468
93,75,23.824095,37.846508
93,76,23.821785,37.845386
93,77,23.821554,37.845226
93,78,23.820994,37.844874
93,79,23.820633,37.844684
93,80,23.820513,37.844574
93,81,23.818992,37.843554
93,82,23.818922,37.843517
93,83,23.817991,37.842845
93,84,23.81751,37.842525
93,85,23.816631,37.841964
93,86,23.81603,37.841606
93,87,23.815731,37.841407
93,88,23.815521,37.841266
93,89,23.81475,37.840785
93,90,23.81365,37.840145
93,91,23.81221,37.839305
93,92,23.811529,37.838897
93,93,23.811079,37.838618
93,94,23.809938,37.837897
93,95,23.809828,37.837837
93,96,23.808548,37.837028
93,97,23.808049,37.836719
93,98,23.807218,37.83625
93,99,23.807119,37.836188
93,100,23.806129,37.835548
93,101,23.805411,37.835116
93,102,23.804652,37.834647
93,103,23.804442,37.834498
93,104,23.804361,37.834419
93,105,23.802792,37.834498
93,106,23.802301,37.833968
93,107,23.80227,37.833529
93,108,23.802711,37.832389
93,109,23.802452,37.831321
93,110,23.801892,37.82941
93,111,23.800902,37.8273
93,112,23.800741,37.826351
93,113,23.800561,37.824969
93,114,23.800053,37.822711
93,115,23.799562,37.822303
93,116,23.797021,37.822292
93,117,23.795141,37.822281
93,118,23.79433,37.822029
93,119,23.794321,37.822227
93,120,23.79391,37.822265
93,121,23.793732,37.822254
93,122,23.793513,37.822253
93,123,23.793482,37.822692
93,124,23.793473,37.823131
93,125,23.793473,37.823142
93,126,23.793513,37.822284
93,127,23.795523,37.822246
93,128,23.798652,37.822207
93,129,23.800062,37.82275
93,130,23.800582,37.82526
93,131,23.800623,37.82582
93,132,23.800633,37.82587
93,133,23.800712,37.82632
93,134,23.801493,37.828392
93,135,23.802303,37.830913
93,136,23.802494,37.831394
93,137,23.802503,37.831394
93,138,23.802553,37.831664
93,139,23.802674,37.832305
93,140,23.802713,37.832336
93,141,23.802802,37.832576
93,142,23.802772,37.832908
93,143,23.802782,37.832958
93,144,23.802813,37.833049
93,145,23.803602,37.833728
93,146,23.807213,37.836028
93,147,23.808782,37.836998
93,148,23.809883,37.837699
93,149,23.810243,37.837939
93,150,23.811434,37.838691
93,151,23.813355,37.839862
93,152,23.815914,37.841373
93,153,23.817804,37.842563
93,154,23.820824,37.844653
93,155,23.824924,37.846813
93,156,23.828184,37.848613
93,157,23.829414,37.850662
93,158,23.830484,37.853
93,159,23.831434,37.855048
93,160,23.832455,37.85593
93,161,23.832855,37.856182
93,162,23.833925,37.856773
93,163,23.834474,37.856945
93,164,23.835394,37.857204
93,165,23.835863,37.857345
93,166,23.836473,37.857524
93,167,23.836873,37.857616
93,168,23.837404,37.857715
93,169,23.838314,37.857856
93,170,23.839073,37.857997
93,171,23.839313,37.858017
93,172,23.840643,37.858268
93,173,23.841833,37.858756
93,174,23.842604,37.859687
93,175,23.842863,37.859928
93,176,23.843433,37.860198
93,177,23.843674,37.860316
93,178,23.844164,37.860805
93,179,23.844974,37.861434
93,180,23.845893,37.861694
93,181,23.846934,37.862163
93,182,23.847063,37.862254
93,183,23.847464,37.862556
93,184,23.848644,37.863597
93,185,23.849944,37.864745
93,186,23.850154,37.864936
93,187,23.850154,37.864936
93,188,23.850784,37.865497
93,189,23.851204,37.865867
93,190,23.851564,37.866188
93,191,23.851844,37.866447
93,192,23.852603,37.867187
93,193,23.853033,37.867587
93,194,23.853613,37.868129
93,195,23.854383,37.868758
93,196,23.855283,37.869399
93,197,23.856453,37.87022
93,198,23.857183,37.870731
93,199,23.858094,37.871371
93,200,23.858723,37.871822
93,201,23.859823,37.8726
93,202,23.860773,37.873168
93,203,23.862513,37.874099
93,204,23.862883,37.874297
93,205,23.864322,37.875087
93,206,23.864723,37.875309
93,207,23.867564,37.877109
93,208,23.870412,37.879447
93,209,23.873963,37.881927
93,210,23.876713,37.884307
93,211,23.877643,37.885086
93,212,23.878344,37.885696
93,213,23.879685,37.886905
93,214,23.880464,37.887576
93,215,23.881634,37.890697
93,216,23.883385,37.893848
93,217,23.884816,37.898197
93,218,23.886986,37.898925
93,219,23.892817,37.901554
93,220,23.894026,37.902622
93,221,23.894276,37.90285
93,222,23.894326,37.902889
93,223,23.894565,37.903087
93,224,23.894306,37.906257
93,225,23.895237,37.912597
93,226,23.891755,37.918777
93,227,23.886615,37.922446
93,228,23.883495,37.924937
93,229,23.885845,37.928557
93,230,23.882986,37.931777
93,231,23.883735,37.934299
93,232,23.885456,37.934207
93,233,23.888466,37.932837
93,234,23.890177,37.934638
93,235,23.891527,37.937476
93,236,23.893217,37.941108
93,237,23.895187,37.945278
93,238,23.897108,37.949039
93,239,23.898277,37.951739
93,240,23.899627,37.95391
93,241,23.900207,37.955532
93,242,23.900306,37.957012
93,243,23.900537,37.95898
93,244,23.900377,37.96078
93,245,23.900487,37.962852
93,246,23.903808,37.963523
93,247,23.907099,37.964214
93,248,23.906369,37.965362
93,249,23.906178,37.966793
93,250,23.905616,37.969493
93,251,23.903866,37.974273
93,252,23.897745,37.978664
93,253,23.894335,37.980883
93,254,23.892253,37.982265
93,255,23.889814,37.983935
93,256,23.884924,37.986766
93,257,23.880304,37.988887
93,258,23.881084,37.989746
93,259,23.881255,37.989997
93,260,23.881334,37.989967
93,261,23.881365,37.990066
93,262,23.881275,37.990016
93,263,23.881226,37.990016
93,264,23.881225,37.989905
93,265,23.880895,37.989585
93,266,23.880876,37.989585
93,267,23.880177,37.988975
93,268,23.878446,37.989985
93,269,23.875126,37.992205
93,270,23.872776,37.994808
93,271,23.870577,37.995917
93,272,23.869597,37.996207
93,273,23.866236,37.998077
93,274,23.861956,37.999965
93,275,23.858076,38.002326
93,276,23.857956,38.004936
93,277,23.858465,38.006977
93,278,23.859165,38.007358
93,279,23.860245,38.007217
93,280,23.860614,38.007575
93,281,23.861016,38.009746
93,282,23.860966,38.012165
93,283,23.860145,38.012794
93,284,23.859775,38.013362
93,285,23.857805,38.013701
93,286,23.858054,38.01538
93,287,23.857426,38.01654
93,288,23.854536,38.017162
93,289,23.854366,38.018081
93,290,23.855076,38.02048
93,291,23.855517,38.022159
93,292,23.855486,38.024539
93,293,23.854135,38.02491
93,294,23.853016,38.025329
93,295,23.852306,38.025558
93,296,23.852287,38.025569
93,297,23.852118,38.025619
93,298,23.851418,38.02584
93,299,23.851337,38.02587
93,300,23.850968,38.025989
93,301,23.850968,38.026
93,302,23.850847,38.026031
93,303,23.850508,38.026142
93,304,23.850498,38.026142
93,305,23.850279,38.026221
93,306,23.847399,38.027202
93,307,23.844408,38.028953
93,308,23.843357,38.027381
93,309,23.841677,38.027732
93,310,23.838066,38.029323
93,311,23.837125,38.029514
93,312,23.835745,38.027652
93,313,23.834456,38.026363
93,314,23.833435,38.024993
93,315,23.832834,38.025073
93,316,23.831924,38.025874
93,317,23.830294,38.026775
93,318,23.828724,38.027823
93,319,23.823343,38.032535
93,320,23.823044,38.032535
93,321,23.822804,38.032787
93,322,23.822723,38.032847
93,323,23.822763,38.032809
93,324,23.822773,38.032809
93,325,23.823202,38.032611
93,326,23.823301,38.032531
93,327,23.830082,38.026832
93,328,23.831171,38.026183
93,329,23.83263,38.025203
93,330,23.833691,38.025603
93,331,23.835261,38.027202
93,332,23.837169,38.02814
93,333,23.84066,38.026649
93,334,23.84213,38.026019
93,335,23.843,38.026481
93,336,23.846152,38.025371
93,337,23.848431,38.025069
93,338,23.84844,38.025069
93,339,23.849109,38.02491
93,340,23.84872,38.02412
93,341,23.848381,38.023498
93,342,23.846901,38.021198
93,343,23.848641,38.020606
93,344,23.851031,38.019638
93,345,23.85309,38.015086
93,346,23.85545,38.010837
93,347,23.855219,38.009017
93,348,23.855219,38.009006
93,349,23.855189,38.008815
93,350,23.854808,38.007556
93,351,23.855388,38.006206
93,352,23.855989,38.005324
93,353,23.856149,38.003906
93,354,23.85753,38.002654
93,355,23.860861,38.000564
93,356,23.864261,37.999164
93,357,23.867412,37.997486
93,358,23.871643,37.995555
93,359,23.874773,37.992404
93,360,23.879123,37.989566
93,361,23.880644,37.989425
93,362,23.881004,37.989783
93,363,23.881303,37.990115
93,364,23.881374,37.990104
93,365,23.881344,37.990143
93,366,23.881344,37.990131
93,367,23.881893,37.990569
93,368,23.881863,37.990569
93,369,23.881893,37.990558
93,370,23.881613,37.990287
93,371,23.881354,37.990088
93,372,23.881294,37.990107
93,373,23.881544,37.990306
93,374,23.882164,37.990825
93,375,23.881655,37.992694
93,376,23.880785,37.995852
93,377,23.880155,37.998802
93,378,23.880655,38.001693
93,379,23.881016,38.002421
93,380,23.881907,38.002391
93,381,23.884046,38.001952
93,382,23.884737,38.001991
93,383,23.884518,38.003291
93,384,23.886488,38.003692
93,385,23.891197,38.00447
93,386,23.896538,38.003612
93,387,23.900488,38.003021
93,388,23.905388,38.002601
93,389,23.910558,38.00249
93,390,23.914059,37.999721
93,391,23.920127,37.998191
93,392,23.926156,37.997783
93,393,23.931936,37.998684
93,394,23.937506,38.000942
93,395,23.940325,38.00188
93,396,23.942736,38.00262
93,397,23.947136,38.003959
93,398,23.952306,38.005458
93,399,23.957266,38.006847
93,400,23.959366,38.007976
93,401,23.957395,38.009517
93,402,23.954275,38.011695
93,403,23.951426,38.013865
93,404,23.950655,38.017147
93,405,23.950446,38.019866
93,406,23.950435,38.023074
93,407,23.951407,38.025775
93,408,23.951176,38.027976
93,409,23.949375,38.029105
93,410,23.948155,38.030914
93,411,23.947534,38.033172
93,412,23.946224,38.034683
93,413,23.945765,38.036231
93,414,23.945083,38.037742
93,415,23.944633,38.039024
93,416,23.941734,38.039325
93,417,23.940143,38.038795
93,418,23.937433,38.038265
93,419,23.937282,38.038314
93,420,23.937393,38.038295
93,421,23.936462,38.038334
93,422,23.935532,38.038531
93,423,23.934431,38.038863
93,424,23.933021,38.038703
93,425,23.932281,38.037925
93,426,23.932282,38.037223
93,427,23.931113,38.037105
93,428,23.930141,38.036716
93,429,23.929592,38.036105
93,430,23.928952,38.035385
93,431,23.928232,38.034453
93,432,23.927863,38.033774
93,433,23.926842,38.033614
93,434,23.92579,38.033416
93,435,23.924951,38.033465
93,436,23.924921,38.033405
93,437,23.925171,38.033725
93,438,23.92505,38.033583
93,439,23.92522,38.033424
93,440,23.925121,38.033404
93,441,23.925121,38.033404
93,442,23.92534,38.033336
93,443,23.926601,38.033515
93,444,23.928171,38.033836
93,445,23.929661,38.032615
93,446,23.931372,38.031574
93,447,23.933071,38.031012
93,448,23.933302,38.029575
93,449,23.932242,38.028976
93,450,23.932371,38.027885
93,451,23.932902,38.027156
93,452,23.933873,38.024657
93,453,23.934622,38.023936
93,454,23.936993,38.023498
93,455,23.934303,38.022036
93,456,23.930492,38.022155
93,457,23.928683,38.021095
93,458,23.927542,38.020183
93,459,23.927863,38.017513
93,460,23.929752,38.015762
93,461,23.931973,38.013992
93,462,23.932232,38.01245
93,463,23.934061,38.01118
93,464,23.93445,38.011051
93,465,23.93454,38.010669
93,466,23.93462,38.010489
93,467,23.93646,38.009749
93,468,23.937891,38.00661
93,469,23.940121,38.003429
93,470,23.939551,38.0018
93,471,23.934709,37.999641
93,472,23.92812,37.99797
93,473,23.92304,37.997729
93,474,23.91774,37.998851
93,475,23.912911,38.000331
93,476,23.90932,38.00259
93,477,23.90468,38.00265
93,478,23.901729,38.00296
93,479,23.90118,38.00302
93,480,23.89982,38.003181
93,481,23.89901,38.00328
93,482,23.8939,38.004192
93,483,23.88822,38.004142
93,484,23.887609,38.004062
93,485,23.886638,38.003901
93,486,23.886158,38.003791
93,487,23.885557,38.00368
93,488,23.885058,38.003601
93,489,23.884178,38.003471
93,490,23.882997,38.003643
93,491,23.882417,38.003711
93,492,23.881628,38.003749
93,493,23.880878,38.003268
93,494,23.880718,38.001918
93,495,23.880219,37.999629
93,496,23.880989,37.995349
93,497,23.882118,37.991218
93,498,23.881359,37.99007
93,499,23.881458,37.9901
93,500,23.881428,37.990089
93,501,23.881289,37.989929
93,502,23.881229,37.990059
93,503,23.881489,37.99023
93,504,23.881689,37.99042
93,505,23.882099,37.991062
93,506,23.88151,37.993232
93,507,23.88059,37.996593
93,508,23.880291,38.000034
93,509,23.880741,38.002944
93,510,23.880812,38.003276
93,511,23.880802,38.003357
93,512,23.880601,38.003726
93,513,23.879711,38.003707
93,514,23.879051,38.003696
93,515,23.87886,38.003707
93,516,23.878771,38.003726
93,517,23.8777,38.003696
93,518,23.877131,38.003715
93,519,23.87661,38.003833
93,520,23.87569,38.004054
93,521,23.874691,38.004306
93,522,23.87446,38.004424
93,523,23.874461,38.004505
93,524,23.87456,38.004585
93,525,23.87456,38.004615
93,526,23.875121,38.004966
93,527,23.87644,38.005667
93,528,23.87709,38.006179
93,529,23.877701,38.00698
93,530,23.87844,38.007388
93,531,23.878721,38.007006
93,532,23.878842,38.007205
93,533,23.87894,38.007427
93,534,23.87879,38.007235
93,535,23.87792,38.007254
93,536,23.877121,38.006236
93,537,23.87634,38.005725
93,538,23.874661,38.004756
93,539,23.87445,38.004535
93,540,23.87504,38.004275
93,541,23.87631,38.004047
93,542,23.878129,38.003905
93,543,23.879249,38.003906
93,544,23.879989,38.003917
93,545,23.88065,38.002597
93,546,23.880249,37.997936
93,547,23.881659,37.992775
93,548,23.882109,37.990814
93,549,23.881489,37.990333
93,550,23.881439,37.990162
93,551,23.88142,37.990062
93,552,23.88126,37.989994
93,553,23.88126,37.989982
93,554,23.880461,37.989181
93,555,23.881151,37.988441
93,556,23.885052,37.986671
93,557,23.889542,37.98413
93,558,23.893732,37.98128
93,559,23.898672,37.97808
93,560,23.902931,37.975188
93,561,23.905472,37.97124
93,562,23.905732,37.96841
93,563,23.90632,37.965838
93,564,23.906681,37.964168
93,565,23.902851,37.963256
93,566,23.900471,37.962398
93,567,23.900511,37.959636
93,568,23.900371,37.956954
93,569,23.900452,37.956325
93,570,23.900161,37.954654
93,571,23.898753,37.952705
93,572,23.897152,37.949085
93,573,23.894953,37.944766
93,574,23.892772,37.940097
93,575,23.891062,37.936199
93,576,23.889012,37.93285
93,577,23.886732,37.933589
93,578,23.884352,37.93515
93,579,23.883232,37.933429
93,580,23.882551,37.93225
93,581,23.882671,37.932021
93,582,23.885092,37.929702
93,583,23.883892,37.9262
93,584,23.886692,37.922408
93,585,23.891423,37.919208
93,586,23.894663,37.913806
93,587,23.894391,37.908538
93,588,23.894542,37.904048
93,589,23.894774,37.903666
93,590,23.893213,37.901965
93,591,23.888874,37.899665
93,592,23.885504,37.898814
93,593,23.884143,37.896743
93,594,23.883173,37.893012
93,595,23.883133,37.892833
93,596,23.882914,37.891864
93,597,23.881643,37.890365
93,598,23.879953,37.887134
93,599,23.878044,37.885413
93,600,23.875105,37.882854
93,601,23.871596,37.880374
93,602,23.868485,37.877754
93,603,23.866054,37.876174
93,604,23.863224,37.874515
93,605,23.860313,37.872955
93,606,23.858913,37.871993
93,607,23.856904,37.870563
93,608,23.853123,37.867671
93,609,23.848993,37.863933
93,610,23.845074,37.861541
93,611,23.841574,37.858631
93,612,23.836403,37.857539
93,613,23.832193,37.85583
93,614,23.830143,37.85229
93,615,23.828563,37.84896
93,616,23.824814,37.846809
93,617,23.821644,37.845248
93,618,23.820753,37.844687
93,619,23.819624,37.843917
93,620,23.819624,37.843917
93,621,23.818704,37.843295
93,622,23.817625,37.842517
93,623,23.816255,37.841658
93,624,23.814395,37.84056
93,625,23.812756,37.83958
93,626,23.811226,37.838661
93,627,23.810116,37.83797
93,628,23.808946,37.837219
93,629,23.807926,37.836597
93,630,23.806696,37.835826
93,631,23.805625,37.835166
93,632,23.805367,37.835006
93,633,23.803947,37.834254
93,634,23.802467,37.834273
93,635,23.802338,37.833724
93,636,23.802307,37.833663
93,637,23.802548,37.833041
93,638,23.802557,37.831462
93,639,23.801968,37.829452
93,640,23.800997,37.827563
93,641,23.800676,37.825404
93,642,23.800377,37.823364
93,643,23.799716,37.822322
93,644,23.797888,37.822322
93,645,23.795278,37.822353
93,646,23.794319,37.822254
93,647,23.793929,37.822333
93,648,23.793541,37.822345
93,649,23.793451,37.822486
