94,1,23.881782,37.99047
94,2,23.882093,37.990669
94,3,23.882103,37.99068
94,4,23.881912,37.99163
94,5,23.881422,37.99348
94,6,23.880821,37.995601
94,7,23.880241,37.997642
94,8,23.880201,37.999744
94,9,23.880602,38.001815
94,10,23.880682,38.002754
94,11,23.880762,38.003193
94,12,23.880762,38.003284
94,13,23.880761,38.003345
94,14,23.880743,38.003436
94,15,23.881384,38.003738
94,16,23.883653,38.00346
94,17,23.884354,38.00355
94,18,23.884354,38.004051
94,19,23.885023,38.004592
94,20,23.886023,38.00566
94,21,23.886812,38.007098
94,22,23.888012,38.008437
94,23,23.889612,38.009326
94,24,23.891542,38.010295
94,25,23.892742,38.010875
94,26,23.894552,38.010967
94,27,23.894932,38.011478
94,28,23.896932,38.011756
94,29,23.899072,38.011817
94,30,23.901172,38.012249
94,31,23.901944,38.013168
94,32,23.901644,38.013999
94,33,23.901924,38.01517
94,34,23.901693,38.01578
94,35,23.901002,38.01583
94,36,23.900792,38.016059
94,37,23.900763,38.015979
94,38,23.900781,38.016028
94,39,23.900921,38.015948
94,40,23.9008,38.016059
94,41,23.901112,38.015728
94,42,23.901891,38.015628
94,43,23.901632,38.013728
94,44,23.901124,38.012168
94,45,23.898133,38.011848
94,46,23.895221,38.011569
94,47,23.894022,38.010879
94,48,23.891571,38.010348
94,49,23.889992,38.009578
94,50,23.888632,38.008838
94,51,23.886812,38.00716
94,52,23.885871,38.005481
94,53,23.884472,38.004253
94,54,23.884332,38.004092
94,55,23.884332,38.004062
94,56,23.884483,38.003612
94,57,23.884613,38.003223
94,58,23.884923,38.001964
94,59,23.884603,38.001864
94,60,23.883923,38.002235
94,61,23.883852,38.002246
94,62,23.883312,38.002376
94,63,23.883041,38.001624
94,64,23.8824,38.001414
94,65,23.88258,37.999953
94,66,23.88125,37.999233
94,67,23.880269,37.999171
94,68,23.880251,37.99813
94,69,23.88133,37.993968
94,70,23.882141,37.990688
94,71,23.882021,37.990607
94,72,23.88199,37.990596
94,73,23.88183,37.990467
94,74,23.88184,37.990566
94,75,23.881609,37.990337
94,76,23.880709,37.989398
94,77,23.880409,37.989158
94,78,23.880159,37.989078
94,79,23.878749,37.989856
94,80,23.87657,37.991268
94,81,23.87499,37.992629
94,82,23.87607,37.994148
94,83,23.87601,37.996077
94,84,23.87533,37.996539
94,85,23.87372,37.995239
94,86,23.871081,37.996337
94,87,23.87046,37.996116
94,88,23.86915,37.996394
94,89,23.866471,37.997935
94,90,23.863069,37.999546
94,91,23.860079,38.001087
94,92,23.857919,38.002707
94,93,23.85788,38.004508
94,94,23.85837,38.006739
94,95,23.859209,38.007361
94,96,23.860319,38.007243
94,97,23.860609,38.007552
94,98,23.860889,38.009113
94,99,23.86108,38.010723
94,100,23.861179,38.011962
94,101,23.861198,38.012
94,102,23.860489,38.012561
94,103,23.860309,38.0135
94,104,23.860329,38.01527
94,105,23.860359,38.017631
94,106,23.860429,38.01974
94,107,23.860429,38.01982
94,108,23.860279,38.020572
94,109,23.860038,38.021831
94,110,23.85965,38.02346
94,111,23.859619,38.02365
94,112,23.85817,38.02412
94,113,23.855409,38.024718
94,114,23.852708,38.02547
94,115,23.850747,38.026081
94,116,23.850477,38.026352
94,117,23.851288,38.02722
94,118,23.851969,38.02824
94,119,23.851288,38.02835
94,120,23.850499,38.028018
94,121,23.849758,38.027828
94,122,23.849758,38.027839
94,123,23.849098,38.028148
94,124,23.848839,38.028839
94,125,23.849519,38.03001
94,126,23.85001,38.030619
94,127,23.85083,38.03025
94,128,23.851129,38.030101
94,129,23.851531,38.029891
94,130,23.85148,38.029922
94,131,23.851521,38.03012
94,132,23.8516,38.030281
94,133,23.851681,38.03041
94,134,23.851681,38.03041
94,135,23.851921,38.030799
94,136,23.852701,38.030829
94,137,23.853431,38.030299
94,138,23.85349,38.030391
94,139,23.85448,38.030021
94,140,23.85457,38.029952
94,141,23.852741,38.028991
94,142,23.850441,38.026443
94,143,23.85016,38.026221
94,144,23.84897,38.024414
94,145,23.848449,38.023444
94,146,23.84745,38.021804
94,147,23.84763,38.020873
94,148,23.849399,38.020613
94,149,23.85108,38.019565
94,150,23.852801,38.015754
94,151,23.854589,38.011814
94,152,23.857119,38.009742
94,153,23.857699,38.009151
94,154,23.85797,38.00856
94,155,23.857911,38.008498
94,156,23.85763,38.008197
94,157,23.857639,38.008166
94,158,23.857889,38.007637
94,159,23.860539,38.007156
94,160,23.861898,38.006206
94,161,23.862108,38.004767
94,162,23.861248,38.003219
94,163,23.861908,38.0009
94,164,23.862167,37.999969
94,165,23.863188,37.999519
94,166,23.866817,37.997768
94,167,23.871237,37.995677
94,168,23.874807,37.992358
94,169,23.879226,37.989478
94,170,23.881197,37.989879
94,171,23.881497,37.990188
94,172,23.881497,37.990199
94,173,23.881816,37.990489
94,174,23.881968,37.990607
94,175,23.881897,37.990607
94,176,23.881767,37.990466
94,177,23.881298,37.990165
94,178,23.881298,37.990153
94,179,23.881298,37.990142
94,180,23.881239,37.990032
94,181,23.880298,37.9891
94,182,23.880228,37.989063
94,183,23.879488,37.989421
94,184,23.877487,37.990672
94,185,23.875248,37.992233
94,186,23.875088,37.992843
94,187,23.876077,37.994205
94,188,23.875978,37.996277
94,189,23.875078,37.996238
94,190,23.873018,37.995678
94,191,23.870418,37.996108
94,192,23.870409,37.996108
94,193,23.869039,37.996589
94,194,23.866409,37.998069
94,195,23.862989,37.999648
94,196,23.859628,38.001479
94,197,23.857948,38.002578
94,198,23.857868,38.004348
94,199,23.858308,38.006599
94,200,23.858389,38.006877
94,201,23.858509,38.007278
94,202,23.858509,38.007278
94,203,23.85879,38.007476
94,204,23.86014,38.007316
94,205,23.8603,38.007285
94,206,23.860719,38.008185
94,207,23.86104,38.009887
94,208,23.86118,38.011527
94,209,23.860238,38.012946
94,210,23.86035,38.014834
94,211,23.860309,38.017134
94,212,23.860399,38.019744
94,213,23.86023,38.021026
94,214,23.859979,38.022235
94,215,23.85964,38.023665
94,216,23.85879,38.024097
94,217,23.85515,38.024745
94,218,23.85165,38.025806
94,219,23.85111,38.025985
94,220,23.850001,38.026355
94,221,23.847481,38.027206
94,222,23.84449,38.028945
94,223,23.84345,38.027556
94,224,23.84198,38.027626
94,225,23.838979,38.028946
94,226,23.837669,38.029537
94,227,23.837179,38.029655
94,228,23.836519,38.028644
94,229,23.835949,38.027873
94,230,23.834099,38.026023
94,231,23.833639,38.025302
94,232,23.83325,38.024894
94,233,23.832861,38.024974
94,234,23.83217,38.025363
94,235,23.831301,38.025802
94,236,23.830461,38.026302
94,237,23.822702,38.032531
94,238,23.822181,38.033061
94,239,23.821111,38.03384
94,240,23.820482,38.034511
94,241,23.820482,38.034481
94,242,23.820513,38.034442
94,243,23.821153,38.033893
94,244,23.821504,38.033614
94,245,23.822414,38.032863
94,246,23.822964,38.032462
94,247,23.823315,38.032562
94,248,23.823176,38.03271
94,249,23.822795,38.032989
94,250,23.822536,38.033217
94,251,23.823076,38.032798
94,252,23.823276,38.032569
94,253,23.829807,38.027351
94,254,23.829967,38.02724
94,255,23.829998,38.027011
94,256,23.831018,38.02637
94,257,23.832539,38.025539
94,258,23.832988,38.024836
94,259,23.833969,38.025855
94,260,23.835138,38.026996
94,261,23.836078,38.028014
94,262,23.837189,38.028133
94,263,23.839838,38.027065
94,264,23.842227,38.025966
94,265,23.843408,38.026237
94,266,23.846749,38.025268
94,267,23.848268,38.02507
94,268,23.849108,38.024871
94,269,23.849108,38.024871
94,270,23.849077,38.024612
94,271,23.847798,38.022212
94,272,23.846058,38.019664
94,273,23.845549,38.018295
94,274,23.846748,38.017955
94,275,23.849859,38.017677
94,276,23.85219,38.017158
94,277,23.853599,38.014038
94,278,23.855178,38.011046
94,279,23.857168,38.009616
94,280,23.858248,38.008838
94,281,23.857489,38.007988
94,282,23.857029,38.006878
94,283,23.85529,38.007286
94,284,23.855919,38.006034
94,285,23.856489,38.005073
94,286,23.856378,38.003223
94,287,23.85978,38.001334
94,288,23.8638,37.999324
94,289,23.867621,37.997382
94,290,23.8708,37.995822
94,291,23.873239,37.994224
94,292,23.876249,37.991435
94,293,23.879389,37.989413
94,294,23.881059,37.989734
94,295,23.881349,37.990024
94,296,23.8813,37.989993
94,297,23.88156,37.990085
94,298,23.881619,37.990226
94,299,23.88214,37.990645
94,300,23.88209,37.991187
94,301,23.88168,37.992606
94,302,23.8811,37.994777
94,303,23.880489,37.996986
94,304,23.880169,37.999244
94,305,23.880629,38.001513
94,306,23.880758,38.003104
94,307,23.880808,38.003485
94,308,23.880789,38.003505
94,309,23.881029,38.003646
94,310,23.883569,38.003395
94,311,23.887369,38.003913
94,312,23.891128,38.004512
94,313,23.895559,38.003791
94,314,23.900269,38.003051
94,315,23.905248,38.00262
94,316,23.910168,38.002521
94,317,23.912838,38.000312
94,318,23.916998,37.99898
94,319,23.921128,37.998
94,320,23.925517,37.99773
94,321,23.929348,37.997989
94,322,23.933449,37.999111
94,323,23.937128,38.00067
94,324,23.938348,38.001121
94,325,23.938209,38.001071
94,326,23.937839,38.001082
94,327,23.936169,38.000243
94,328,23.933088,37.999042
94,329,23.929018,37.997982
94,330,23.924338,37.997631
94,331,23.919688,37.99829
94,332,23.915987,37.999228
94,333,23.913536,37.999888
94,334,23.912247,38.001419
94,335,23.912187,38.001598
94,336,23.912187,38.001579
94,337,23.912117,38.00167
94,338,23.910897,38.00249
94,339,23.907667,38.00262
94,340,23.903356,38.002769
94,341,23.899896,38.003169
94,342,23.899316,38.00325
94,343,23.896156,38.003791
94,344,23.890596,38.004531
94,345,23.889786,38.004413
94,346,23.888935,38.004252
94,347,23.886185,38.003844
94,348,23.882704,38.003704
94,349,23.880813,38.003684
94,350,23.880764,38.003485
94,351,23.880665,38.001846
94,352,23.880405,38.000457
94,353,23.880146,37.998996
94,354,23.880605,37.996517
94,355,23.881516,37.993186
94,356,23.882045,37.991218
94,357,23.881836,37.990477
94,358,23.881836,37.990489
94,359,23.881336,37.990199
94,360,23.881345,37.990199
94,361,23.881675,37.990371
94,362,23.882105,37.990672
94,363,23.882064,37.991393
94,364,23.881565,37.993194
94,365,23.880925,37.995475
94,366,23.880305,37.997726
94,367,23.880264,37.999636
94,368,23.880684,38.001807
94,369,23.880795,38.003097
94,370,23.880795,38.003116
94,371,23.880825,38.003456
94,372,23.880825,38.003456
94,373,23.880844,38.003516
94,374,23.882303,38.003596
94,375,23.885883,38.003635
94,376,23.890003,38.004295
94,377,23.894614,38.003944
94,378,23.899454,38.003123
94,379,23.904634,38.002612
94,380,23.908384,38.002673
94,381,23.908545,38.003295
94,382,23.908365,38.004294
94,383,23.908406,38.005287
94,384,23.908636,38.005405
94,385,23.908417,38.005313
94,386,23.908436,38.005535
94,387,23.908377,38.005534
94,388,23.908306,38.004856
94,389,23.908466,38.003696
94,390,23.908297,38.002895
94,391,23.907646,38.002856
94,392,23.904066,38.002868
94,393,23.901766,38.003108
94,394,23.900535,38.003226
94,395,23.899265,38.003386
94,396,23.895725,38.003978
94,397,23.890775,38.004669
94,398,23.886015,38.003939
94,399,23.882546,38.003871
94,400,23.881265,38.00391
94,401,23.881106,38.003909
94,402,23.880735,38.003367
94,403,23.880624,38.001498
94,404,23.880264,37.998076
94,405,23.881393,37.993945
94,406,23.882193,37.990947
94,407,23.881922,37.990626
94,408,23.881912,37.990665
94,409,23.881362,37.990184
94,410,23.881363,37.990085
94,411,23.881354,37.990047
94,412,23.881353,37.989825
94,413,23.881295,37.989825
94,414,23.880434,37.989066
94,415,23.879663,37.989386
94,416,23.877773,37.990565
94,417,23.875344,37.992236
94,418,23.875053,37.992458
94,419,23.875574,37.993476
94,420,23.876234,37.995067
94,421,23.875744,37.996917
94,422,23.874803,37.995979
94,423,23.873014,37.995806
94,424,23.870575,37.996288
94,425,23.870165,37.996188
94,426,23.868123,37.997249
94,427,23.865383,37.998687
94,428,23.863083,37.999705
94,429,23.862163,38.000266
94,430,23.861963,38.000915
94,431,23.861553,38.002433
94,432,23.861414,38.003474
94,433,23.861843,38.004177
94,434,23.862244,38.005275
94,435,23.861904,38.006194
94,436,23.861904,38.007083
94,437,23.863165,38.006873
94,438,23.865605,38.006374
94,439,23.867394,38.006042
94,440,23.869533,38.005634
94,441,23.871473,38.005252
94,442,23.871994,38.005134
94,443,23.873773,38.004695
94,444,23.874414,38.004585
94,445,23.875284,38.005126
94,446,23.876224,38.005645
94,447,23.876854,38.005736
94,448,23.877054,38.006198
94,449,23.877314,38.006549
94,450,23.877354,38.006561
94,451,23.877754,38.007011
94,452,23.878214,38.007412
94,453,23.878704,38.00719
94,454,23.878944,38.007411
94,455,23.879394,38.007762
94,456,23.879675,38.008113
94,457,23.879694,38.008254
94,458,23.879754,38.008174
94,459,23.879552,38.007953
94,460,23.879513,38.007862
94,461,23.879293,38.007663
94,462,23.879275,38.007674
94,463,23.878963,38.007316
94,464,23.878323,38.007476
94,465,23.877622,38.006885
94,466,23.877332,38.006583
94,467,23.877332,38.006583
94,468,23.877062,38.005962
94,469,23.876171,38.005683
94,470,23.874641,38.004744
94,471,23.874611,38.004466
94,472,23.87689,38.003917
94,473,23.879061,38.003887
94,474,23.88015,38.003906
94,475,23.880739,38.003875
94,476,23.880699,38.002726
94,477,23.8804,38.000205
94,478,23.88068,37.996756
94,479,23.881208,37.994765
94,480,23.882088,37.991535
94,481,23.881829,37.990585
94,482,23.881477,37.990253
94,483,23.881467,37.990104
94,484,23.881498,37.989906
94,485,23.880758,37.989226
94,486,23.880619,37.989158
94,487,23.880461,37.989215
94,488,23.879171,37.989776
94,489,23.87713,37.991095
94,490,23.875049,37.992595
94,491,23.875589,37.993476
94,492,23.876259,37.995208
94,493,23.875938,37.996947
94,494,23.874967,37.996089
94,495,23.873167,37.995769
94,496,23.870466,37.996219
94,497,23.870466,37.996199
94,498,23.869257,37.996559
94,499,23.866728,37.997997
94,500,23.865467,37.998835
94,501,23.866037,37.999736
94,502,23.866618,38.001148
94,503,23.867147,38.002429
94,504,23.867668,38.003799
94,505,23.867467,38.005587
94,506,23.868319,38.005767
94,507,23.870928,38.005306
94,508,23.871507,38.005214
94,509,23.871677,38.005195
94,510,23.872088,38.006526
94,511,23.870998,38.008258
94,512,23.871029,38.010436
94,513,23.870729,38.010806
94,514,23.8702,38.010886
94,515,23.869598,38.010955
94,516,23.868729,38.011066
94,517,23.868448,38.011787
94,518,23.868168,38.012989
94,519,23.867708,38.014297
94,520,23.867079,38.015536
94,521,23.866808,38.016024
94,522,23.866558,38.016395
94,523,23.865888,38.017054
94,524,23.865129,38.017734
94,525,23.864198,38.018436
94,526,23.863128,38.019085
94,527,23.861518,38.019905
94,528,23.860378,38.020236
94,529,23.859469,38.020396
94,530,23.858118,38.020668
94,531,23.857097,38.020858
94,532,23.855777,38.021079
94,533,23.854568,38.02127
94,534,23.853328,38.021419
94,535,23.852529,38.021537
94,536,23.851709,38.021648
94,537,23.850859,38.021777
94,538,23.849968,38.021869
94,539,23.849108,38.022048
94,540,23.848037,38.022079
94,541,23.847119,38.022197
94,542,23.845888,38.022395
94,543,23.844778,38.022544
94,544,23.843718,38.022685
94,545,23.842706,38.022724
94,546,23.842386,38.022785
94,547,23.841476,38.023006
94,548,23.841277,38.023086
94,549,23.841036,38.023067
94,550,23.841156,38.023005
94,551,23.841767,38.022925
94,552,23.842306,38.022754
94,553,23.842867,38.022685
94,554,23.843928,38.022647
94,555,23.844788,38.022506
94,556,23.845678,38.022395
94,557,23.846578,38.022254
94,558,23.847739,38.022056
94,559,23.848809,38.022006
94,560,23.849838,38.021865
94,561,23.850658,38.021773
94,562,23.851698,38.021602
94,563,23.852527,38.021491
94,564,23.853557,38.02135
94,565,23.854818,38.02119
94,566,23.856338,38.020968
94,567,23.857859,38.020698
94,568,23.859289,38.020469
94,569,23.860319,38.020148
94,570,23.862159,38.019477
94,571,23.862471,38.019317
94,572,23.862541,38.019316
94,573,23.86404,38.018466
94,574,23.86532,38.017425
94,575,23.866351,38.016445
94,576,23.86698,38.015514
94,577,23.867711,38.014075
94,578,23.86813,38.012725
94,579,23.86843,38.011386
94,580,23.869419,38.010917
94,581,23.870399,38.010825
94,582,23.870988,38.010574
94,583,23.870859,38.008224
94,584,23.871759,38.005596
94,585,23.873899,38.004596
94,586,23.877578,38.003776
94,587,23.880808,38.003627
94,588,23.880657,38.001308
94,589,23.880268,37.997867
94,590,23.881338,37.993938
94,591,23.882177,37.990756
94,592,23.881588,37.990306
94,593,23.881169,37.990397
94,594,23.881158,37.990257
94,595,23.881159,37.989978
94,596,23.881338,37.990119
