96,1,23.881578,37.991538
96,2,23.881849,37.99094
96,3,23.882089,37.99078
96,4,23.88199,37.9915
96,5,23.881281,37.994109
96,6,23.880211,37.997821
96,7,23.880621,38.001712
96,8,23.88076,38.003413
96,9,23.880791,38.003425
96,10,23.881392,38.003703
96,11,23.885351,38.003673
96,12,23.88993,38.004352
96,13,23.895191,38.003902
96,14,23.89911,38.0032
96,15,23.900631,38.003051
96,16,23.905411,38.002632
96,17,23.909842,38.00254
96,18,23.912941,38.000179
96,19,23.91827,37.998668
96,20,23.922101,37.997828
96,21,23.925791,37.997749
96,22,23.93153,37.9985
96,23,23.93589,38.000072
96,24,23.94017,38.001761
96,25,23.941431,38.002101
96,26,23.944712,38.003131
96,27,23.949781,38.004702
96,28,23.955092,38.006194
96,29,23.959101,38.007335
96,30,23.963261,38.007736
96,31,23.9673,38.009474
96,32,23.971812,38.010913
96,33,23.975521,38.013312
96,34,23.977011,38.014251
96,35,23.977011,38.014343
96,36,23.976861,38.014304
96,37,23.97702,38.014316
96,38,23.97677,38.014464
96,39,23.97426,38.012534
96,40,23.97002,38.010543
96,41,23.965451,38.008613
96,42,23.9608,38.008163
96,43,23.95566,38.006671
96,44,23.951059,38.005221
96,45,23.94611,38.003703
96,46,23.94145,38.002292
96,47,23.936599,38.00051
96,48,23.931209,37.99842
96,49,23.925579,37.99776
96,50,23.920279,37.99818
96,51,23.915148,37.999488
96,52,23.911787,38.002117
96,53,23.907147,38.002635
96,54,23.902716,38.002833
96,55,23.899956,38.003184
96,56,23.899625,38.003215
96,57,23.896795,38.003695
96,58,23.891625,38.004634
96,59,23.886894,38.003994
96,60,23.884724,38.003662
96,61,23.884594,38.003311
96,62,23.884923,38.00201
96,63,23.884594,38.00191
96,64,23.883204,38.002372
96,65,23.883105,38.001773
96,66,23.882753,38.001761
96,67,23.882325,38.00175
96,68,23.882484,38.000339
96,69,23.881565,37.999358
96,70,23.880175,37.999229
96,71,23.880144,37.99905
96,72,23.880264,37.997699
96,73,23.881315,37.993907
96,74,23.882086,37.990737
96,75,23.881466,37.990329
96,76,23.881496,37.990058
96,77,23.881317,37.990058
96,78,23.880867,37.989589
96,79,23.880318,37.98907
96,80,23.879568,37.989348
96,81,23.877539,37.990607
96,82,23.87522,37.992217
96,83,23.87518,37.992927
96,84,23.876209,37.994605
96,85,23.875769,37.996837
96,86,23.874718,37.995777
96,87,23.872967,37.995738
96,88,23.870417,37.996059
96,89,23.868866,37.996619
96,90,23.866085,37.998168
96,91,23.862635,37.999709
96,92,23.859375,38.001609
96,93,23.857876,38.003261
96,94,23.857987,38.005573
96,95,23.858467,38.007163
96,96,23.858427,38.007163
96,97,23.858637,38.007464
96,98,23.860197,38.007273
96,99,23.860567,38.007495
96,100,23.860808,38.008865
96,101,23.861048,38.010086
96,102,23.861168,38.011104
96,103,23.860857,38.012305
96,104,23.860358,38.013766
96,105,23.860268,38.016025
96,106,23.860459,38.018836
96,107,23.8604,38.019817
96,108,23.8604,38.019828
96,109,23.860329,38.020358
96,110,23.860048,38.021998
96,111,23.859629,38.024299
96,112,23.859277,38.027061
96,113,23.859167,38.029861
96,114,23.857617,38.031539
96,115,23.856487,38.03221
96,116,23.857058,38.033412
96,117,23.855877,38.034732
96,118,23.853786,38.036262
96,119,23.851636,38.03844
96,120,23.849466,38.04074
96,121,23.846257,38.042659
96,122,23.844005,38.044028
96,123,23.842057,38.045028
96,124,23.840206,38.046176
96,125,23.840187,38.046188
96,126,23.839656,38.046595
96,127,23.839647,38.046595
96,128,23.839428,38.046714
96,129,23.837618,38.045406
96,130,23.835447,38.043785
96,131,23.833197,38.042094
96,132,23.831006,38.040496
96,133,23.830947,38.040458
96,134,23.830257,38.040206
96,135,23.829887,38.041506
96,136,23.829246,38.043765
96,137,23.828167,38.043624
96,138,23.825488,38.042316
96,139,23.822706,38.040905
96,140,23.821247,38.040416
96,141,23.819387,38.040427
96,142,23.819258,38.040068
96,143,23.817817,38.04066
96,144,23.815798,38.042201
96,145,23.813007,38.043742
96,146,23.809467,38.044902
96,147,23.807287,38.045691
96,148,23.807278,38.045672
96,149,23.806448,38.045524
96,150,23.806337,38.045456
96,151,23.806556,38.045265
96,152,23.806306,38.044955
96,153,23.804487,38.043014
96,154,23.803127,38.042343
96,155,23.803886,38.041301
96,156,23.803926,38.041312
96,157,23.804407,38.041263
96,158,23.804487,38.041252
96,159,23.806118,38.040603
96,160,23.808187,38.039623
96,161,23.808467,38.039634
96,162,23.809038,38.041873
96,163,23.809298,38.044624
96,164,23.810386,38.044544
96,165,23.813806,38.043292
96,166,23.816958,38.041343
96,167,23.819257,38.039993
96,168,23.819396,38.040362
96,169,23.820917,38.040343
96,170,23.822736,38.040904
96,171,23.825567,38.042373
96,172,23.828667,38.043891
96,173,23.829416,38.04264
96,174,23.829857,38.041011
96,175,23.829916,38.040801
96,176,23.830015,38.040512
96,177,23.830095,38.040271
96,178,23.830115,38.040232
96,179,23.831254,38.040702
96,180,23.833565,38.042362
96,181,23.836093,38.044162
96,182,23.836464,38.044432
96,183,23.837624,38.045272
96,184,23.839674,38.04634
96,185,23.842964,38.044372
96,186,23.843793,38.04394
96,187,23.847164,38.042022
96,188,23.850914,38.039161
96,189,23.854134,38.03588
96,190,23.856964,38.033279
96,191,23.855033,38.030399
96,192,23.851713,38.02793
96,193,23.849595,38.025439
96,194,23.849374,38.025131
96,195,23.848034,38.022632
96,196,23.846443,38.020511
96,197,23.845092,38.017672
96,198,23.843813,38.014732
96,199,23.843662,38.014251
96,200,23.843522,38.013339
96,201,23.843522,38.013309
96,202,23.843513,38.013248
96,203,23.843494,38.013076
96,204,23.843494,38.012195
96,205,23.843494,38.012195
96,206,23.843503,38.012077
96,207,23.843695,38.010997
96,208,23.843695,38.010997
96,209,23.844774,38.010406
96,210,23.849634,38.009605
96,211,23.853924,38.008865
96,212,23.854784,38.007717
96,213,23.855114,38.006198
96,214,23.855975,38.005317
96,215,23.856134,38.003665
96,216,23.858175,38.002284
96,217,23.862434,37.999794
96,218,23.866535,37.997913
96,219,23.870115,37.995994
96,220,23.872835,37.994704
96,221,23.874435,37.992633
96,222,23.876026,37.991565
96,223,23.880035,37.989036
96,224,23.881155,37.989894
96,225,23.881426,37.990245
96,226,23.881426,37.990165
96,227,23.881485,37.990326
96,228,23.881725,37.990547
96,229,23.881765,37.990547
96,230,23.881875,37.990607
96,231,23.881875,37.990577
96,232,23.881645,37.990325
96,233,23.881334,37.990104
96,234,23.881325,37.990115
96,235,23.881455,37.990085
96,236,23.881435,37.990097
96,237,23.882086,37.990657
96,238,23.882015,37.991515
96,239,23.881485,37.993427
96,240,23.880845,37.995677
96,241,23.880214,37.997997
96,242,23.880274,37.999946
96,243,23.880663,38.002025
96,244,23.880722,38.003536
96,245,23.880722,38.003596
96,246,23.881122,38.003696
96,247,23.883682,38.003424
96,248,23.886442,38.003807
96,249,23.890371,38.004429
96,250,23.89471,38.003978
96,251,23.89929,38.003169
96,252,23.903039,38.002738
96,253,23.906309,38.002589
96,254,23.910148,38.002498
96,255,23.91178,38.002326
96,256,23.91178,38.002185
96,257,23.91214,38.001723
96,258,23.91242,38.001255
96,259,23.91234,38.001403
96,260,23.91234,38.001403
96,261,23.91127,38.002444
96,262,23.90745,38.002673
96,263,23.90308,38.002822
96,264,23.90246,38.002891
96,265,23.90191,38.00296
96,266,23.90109,38.003039
96,267,23.89945,38.003231
96,268,23.897431,38.003581
96,269,23.896721,38.003711
96,270,23.896511,38.003749
96,271,23.896141,38.00381
96,272,23.895861,38.003859
96,273,23.894849,38.00405
96,274,23.89406,38.00418
96,275,23.893949,38.004199
96,276,23.89315,38.004348
96,277,23.892919,38.004398
96,278,23.89246,38.004489
96,279,23.89213,38.004527
96,280,23.891349,38.004638
96,281,23.890419,38.004539
96,282,23.888819,38.004268
96,283,23.888539,38.004238
96,284,23.888129,38.004177
96,285,23.887548,38.004085
96,286,23.887108,38.004023
96,287,23.886297,38.003913
96,288,23.886168,38.003883
96,289,23.885817,38.003821
96,290,23.885586,38.003783
96,291,23.885196,38.003734
96,292,23.884808,38.003654
96,293,23.884598,38.003333
96,294,23.884808,38.002211
96,295,23.884487,38.001891
96,296,23.883118,38.002143
96,297,23.882698,38.001655
96,298,23.882347,38.001655
96,299,23.882397,38.000743
96,300,23.882366,37.999282
96,301,23.880416,37.999163
96,302,23.880358,37.997444
96,303,23.881548,37.993103
96,304,23.882017,37.990554
96,305,23.881897,37.990424
96,306,23.881856,37.990455
96,307,23.881838,37.990436
96,308,23.881869,37.990577
96,309,23.881698,37.990398
96,310,23.881258,37.990146
96,311,23.881289,37.990134
96,312,23.881168,37.989803
96,313,23.881118,37.989821
96,314,23.881019,37.989761
96,315,23.880239,37.989001
96,316,23.881791,37.988143
96,317,23.882879,37.987762
96,318,23.882759,37.98878
96,319,23.882099,37.991199
96,320,23.881329,37.993999
96,321,23.880498,37.99702
96,322,23.88024,37.99979
96,323,23.88068,38.002208
96,324,23.880751,38.003509
96,325,23.880751,38.003528
96,326,23.881071,38.003799
96,327,23.88445,38.003608
96,328,23.887711,38.004089
96,329,23.891571,38.004607
96,330,23.897131,38.003615
96,331,23.899752,38.003196
96,332,23.903021,38.002815
96,333,23.90792,38.002624
96,334,23.91151,38.002272
96,335,23.91198,38.002452
96,336,23.91258,38.002624
96,337,23.913191,38.002704
96,338,23.91332,38.002075
96,339,23.914301,38.001926
96,340,23.9158,38.002345
96,341,23.91647,38.003486
96,342,23.91655,38.004245
96,343,23.916131,38.004524
96,344,23.914979,38.004123
96,345,23.91398,38.005233
96,346,23.91364,38.005664
96,347,23.913561,38.005626
96,348,23.913161,38.005836
96,349,23.912731,38.006267
96,350,23.912131,38.006907
96,351,23.91254,38.006427
96,352,23.91326,38.005718
96,353,23.91358,38.005588
96,354,23.91341,38.005046
96,355,23.91324,38.003936
96,356,23.91296,38.002807
96,357,23.91164,38.002337
96,358,23.909481,38.002616
96,359,23.905411,38.002708
96,360,23.899961,38.003208
96,361,23.894571,38.004127
96,362,23.889461,38.004398
96,363,23.884772,38.003677
96,364,23.884771,38.002658
96,365,23.884461,38.002036
96,366,23.883079,38.002048
96,367,23.882339,38.001777
96,368,23.882429,38.000469
96,369,23.881439,37.999358
96,370,23.8802,37.999267
96,371,23.880588,37.996535
96,372,23.881218,37.994247
96,373,23.882078,37.991127
96,374,23.881798,37.990547
96,375,23.881918,37.990615
96,376,23.881698,37.990436
96,377,23.881729,37.990356
96,378,23.881408,37.990116
96,379,23.881408,37.990134
96,380,23.881739,37.990424
96,381,23.882038,37.990653
96,382,23.882109,37.990744
96,383,23.882128,37.990825
96,384,23.882038,37.991565
96,385,23.881538,37.993396
96,386,23.880808,37.996017
96,387,23.880188,37.999087
96,388,23.880709,38.001949
96,389,23.88082,38.002571
96,390,23.88196,38.00252
96,391,23.88351,38.002349
96,392,23.88457,38.00188
96,393,23.884812,38.002139
96,394,23.884632,38.003207
96,395,23.884592,38.003559
96,396,23.886131,38.003829
96,397,23.889452,38.004398
96,398,23.890522,38.004596
96,399,23.894703,38.004134
96,400,23.900182,38.003196
96,401,23.905881,38.002684
96,402,23.910773,38.002524
96,403,23.912012,38.002486
96,404,23.913023,38.002788
96,405,23.913214,38.003349
96,406,23.913263,38.00418
96,407,23.913414,38.005012
96,408,23.913694,38.005592
96,409,23.912294,38.006683
96,410,23.912404,38.006614
96,411,23.912846,38.006023
96,412,23.913526,38.005672
96,413,23.913406,38.005183
96,414,23.913256,38.004325
96,415,23.913185,38.003146
96,416,23.912105,38.002578
96,417,23.911045,38.002517
96,418,23.908226,38.002628
96,419,23.903776,38.002739
96,420,23.899836,38.0032
96,421,23.899836,38.003211
96,422,23.897936,38.00349
96,423,23.893665,38.004241
96,424,23.888815,38.004241
96,425,23.885185,38.003711
96,426,23.884646,38.003169
96,427,23.884935,38.001838
96,428,23.883356,38.002448
96,429,23.883107,38.001979
96,430,23.882806,38.001799
96,431,23.882397,38.00154
96,432,23.882566,37.999721
96,433,23.881206,37.99945
96,434,23.880156,37.99916
96,435,23.880655,37.996459
96,436,23.881614,37.992919
96,437,23.882074,37.99079
96,438,23.881864,37.990562
96,439,23.881833,37.990531
96,440,23.881615,37.990531
96,441,23.881384,37.990271
96,442,23.881365,37.9901
96,443,23.881235,37.990039
96,444,23.881294,37.990008
96,445,23.880974,37.989547
96,446,23.880403,37.989036
96,447,23.880043,37.989097
96,448,23.878662,37.989898
96,449,23.876572,37.991268
96,450,23.875012,37.992488
96,451,23.875742,37.993537
96,452,23.876251,37.994938
96,453,23.875841,37.996787
96,454,23.8749,37.995849
96,455,23.87302,37.995738
96,456,23.870929,37.996249
96,457,23.87054,37.99604
96,458,23.870491,37.996028
96,459,23.86911,37.996509
96,460,23.86668,37.997898
96,461,23.865499,37.998717
96,462,23.865989,37.999557
96,463,23.866471,38.000575
96,464,23.866921,38.001765
96,465,23.867231,38.002586
96,466,23.867771,38.003985
96,467,23.867491,38.005695
96,468,23.86751,38.005725
96,469,23.867559,38.005706
96,470,23.867739,38.005805
96,471,23.869568,38.005484
96,472,23.871477,38.005184
96,473,23.871517,38.005184
96,474,23.872038,38.006251
96,475,23.871188,38.008071
96,476,23.870977,38.010039
96,477,23.871027,38.01073
96,478,23.870286,38.010829
96,479,23.869368,38.010929
96,480,23.868578,38.01118
96,481,23.868347,38.012241
96,482,23.867947,38.013701
96,483,23.867286,38.01509
96,484,23.867006,38.015632
96,485,23.866757,38.016101
96,486,23.866306,38.016612
96,487,23.865536,38.017364
96,488,23.864555,38.018222
96,489,23.863445,38.018943
96,490,23.862955,38.019194
96,491,23.861845,38.019793
96,492,23.860704,38.020305
96,493,23.859804,38.020397
96,494,23.858194,38.020507
96,495,23.856825,38.020808
96,496,23.855335,38.021079
96,497,23.854086,38.021331
96,498,23.852957,38.02148
96,499,23.852467,38.02156
96,500,23.852077,38.021621
96,501,23.851278,38.021739
96,502,23.850668,38.021869
96,503,23.850058,38.021881
96,504,23.849278,38.02206
96,505,23.848447,38.022079
96,506,23.847878,38.02214
96,507,23.847187,38.022209
96,508,23.846326,38.02238
96,509,23.845337,38.022498
96,510,23.844316,38.022697
96,511,23.843466,38.022746
96,512,23.842736,38.022777
96,513,23.842595,38.022765
96,514,23.843025,38.022784
96,515,23.842824,38.022815
96,516,23.842674,38.022804
96,517,23.842773,38.022712
96,518,23.842965,38.022731
96,519,23.843024,38.022822
96,520,23.843633,38.022853
96,521,23.844142,38.022842
96,522,23.844142,38.022853
96,523,23.844334,38.022853
96,524,23.844774,38.022792
96,525,23.844734,38.022761
96,526,23.845515,38.02262
96,527,23.846495,38.022479
96,528,23.847314,38.022319
96,529,23.847795,38.02222
96,530,23.847776,38.022109
96,531,23.848356,38.021998
96,532,23.849096,38.022037
96,533,23.849896,38.021918
96,534,23.850586,38.02193
96,535,23.850716,38.02193
96,536,23.850746,38.021941
96,537,23.851785,38.02175
96,538,23.852846,38.021621
96,539,23.853817,38.021502
96,540,23.853826,38.021502
96,541,23.854326,38.021453
96,542,23.855246,38.021335
96,543,23.856176,38.021174
96,544,23.857227,38.021014
96,545,23.858186,38.020835
96,546,23.858588,38.020755
96,547,23.859807,38.020316
96,548,23.859948,38.020327
96,549,23.860557,38.020248
96,550,23.862288,38.019538
96,551,23.864169,38.018508
96,552,23.865518,38.017379
96,553,23.866688,38.016318
96,554,23.867798,38.017349
96,555,23.869099,38.01797
96,556,23.87221,38.01765
96,557,23.871859,38.015819
96,558,23.871288,38.012278
96,559,23.870779,38.009078
96,560,23.872018,38.006618
96,561,23.872379,38.004996
96,562,23.874819,38.004295
96,563,23.877029,38.003765
96,564,23.879699,38.003765
96,565,23.88056,38.003753
96,566,23.880819,38.003494
96,567,23.88082,38.003295
96,568,23.880779,38.002887
96,569,23.880689,38.001586
96,570,23.88031,37.997847
96,571,23.88149,37.993506
96,572,23.882151,37.990744
96,573,23.88121,37.989875
96,574,23.88032,37.989005
96,575,23.88123,37.988444
96,576,23.883059,37.987513
96,577,23.882759,37.986293
96,578,23.882459,37.985214
96,579,23.882479,37.985103
96,580,23.882469,37.985171
96,581,23.882488,37.985473
96,582,23.882508,37.985523
96,583,23.882578,37.985713
96,584,23.882899,37.986724
96,585,23.882988,37.987693
96,586,23.880947,37.988551
96,587,23.880608,37.989241
96,588,23.881308,37.9901
96,589,23.881367,37.99015
96,590,23.881827,37.99044
96,591,23.881817,37.9915
96,592,23.881497,37.991011
96,593,23.881736,37.990821
96,594,23.881736,37.990802
96,595,23.881767,37.990752
96,596,23.881557,37.990844
96,597,23.881207,37.990573
96,598,23.881256,37.990272
96,599,23.881127,37.990283
96,600,23.881256,37.990295
96,601,23.881857,37.990615
96,602,23.881977,37.990745
96,603,23.882007,37.990734
96,604,23.881758,37.991435
96,605,23.881567,37.991466
96,606,23.881527,37.991534
96,607,23.881527,37.991546
