97,1,23.881807,37.991321
97,2,23.882017,37.990642
97,3,23.881857,37.990482
97,4,23.881817,37.990363
97,5,23.881537,37.990272
97,6,23.881537,37.99026
97,7,23.881777,37.990451
97,8,23.881866,37.990569
97,9,23.881567,37.99034
97,10,23.881416,37.990249
97,11,23.881486,37.990287
97,12,23.881746,37.990367
97,13,23.882146,37.990688
97,14,23.882116,37.991008
97,15,23.881687,37.992556
97,16,23.881037,37.994887
97,17,23.880367,37.997299
97,18,23.880157,37.999388
97,19,23.880617,38.001419
97,20,23.880728,38.003128
97,21,23.880728,38.003128
97,22,23.880758,38.003386
97,23,23.880758,38.003398
97,24,23.880999,38.003669
97,25,23.883099,38.00349
97,26,23.884399,38.003719
97,27,23.88447,38.00423
97,28,23.88515,38.00471
97,29,23.88578,38.005352
97,30,23.88635,38.006572
97,31,23.887532,38.007922
97,32,23.889151,38.009071
97,33,23.891491,38.010242
97,34,23.89306,38.010821
97,35,23.894581,38.01094
97,36,23.894661,38.01139
97,37,23.89649,38.011642
97,38,23.89918,38.011752
97,39,23.901729,38.012393
97,40,23.902019,38.013034
97,41,23.901668,38.013835
97,42,23.901989,38.015056
97,43,23.901678,38.015696
97,44,23.901028,38.015659
97,45,23.900297,38.015739
97,46,23.899538,38.01585
97,47,23.898928,38.016669
97,48,23.898428,38.017341
97,49,23.898018,38.017901
97,50,23.897838,38.01874
97,51,23.898069,38.0196
97,52,23.89826,38.020007
97,53,23.898389,38.020477
97,54,23.898371,38.020965
97,55,23.89829,38.021415
97,56,23.89805,38.021846
97,57,23.897791,38.022185
97,58,23.897501,38.022544
97,59,23.897371,38.022625
97,60,23.897352,38.022544
97,61,23.897121,38.023086
97,62,23.897291,38.022815
97,63,23.897332,38.022575
97,64,23.897331,38.022655
97,65,23.897041,38.023223
97,66,23.896912,38.023654
97,67,23.896852,38.023864
97,68,23.896903,38.023834
97,69,23.896682,38.024165
97,70,23.896294,38.024844
97,71,23.896673,38.024124
97,72,23.896993,38.023352
97,73,23.898224,38.021464
97,74,23.897795,38.018783
97,75,23.899065,38.016543
97,76,23.901155,38.015704
97,77,23.901886,38.014453
97,78,23.901787,38.012523
97,79,23.898897,38.011882
97,80,23.896097,38.011691
97,81,23.894027,38.010913
97,82,23.891557,38.010402
97,83,23.888948,38.00904
97,84,23.88696,38.007449
97,85,23.886139,38.00616
97,86,23.885658,38.005432
97,87,23.884308,38.004252
97,88,23.884407,38.003951
97,89,23.884447,38.003673
97,90,23.884546,38.003131
97,91,23.884777,38.001929
97,92,23.883328,38.00254
97,93,23.882967,38.001849
97,94,23.882326,38.001308
97,95,23.882486,37.999476
97,96,23.880257,37.999298
97,97,23.880137,37.998836
97,98,23.880877,37.995494
97,99,23.881927,37.991664
97,100,23.882067,37.990725
97,101,23.882067,37.990715
97,102,23.881857,37.990486
97,103,23.881856,37.990455
97,104,23.881915,37.990467
97,105,23.881956,37.990505
97,106,23.881676,37.990234
97,107,23.881385,37.990043
97,108,23.881346,37.990042
97,109,23.880935,37.989554
97,110,23.880917,37.989554
97,111,23.880367,37.989074
97,112,23.880348,37.989055
97,113,23.880268,37.988975
97,114,23.880259,37.988975
97,115,23.879778,37.989204
97,116,23.878088,37.990253
97,117,23.875827,37.991771
97,118,23.874948,37.99242
97,119,23.875658,37.99351
97,120,23.876188,37.995162
97,121,23.875608,37.996734
97,122,23.874189,37.995303
97,123,23.871569,37.996364
97,124,23.869858,37.996135
97,125,23.868087,37.997127
97,126,23.865457,37.998527
97,127,23.863077,37.999556
97,128,23.860246,38.000987
97,129,23.859017,38.001838
97,130,23.857947,38.00267
97,131,23.857916,38.004619
97,132,23.858436,38.006958
97,133,23.858446,38.007129
97,134,23.858436,38.007141
97,135,23.858926,38.007461
97,136,23.860377,38.007263
97,137,23.860496,38.007301
97,138,23.860776,38.008582
97,139,23.861036,38.009994
97,140,23.861166,38.011455
97,141,23.860235,38.012874
97,142,23.860306,38.013385
97,143,23.860376,38.014747
97,144,23.860286,38.017035
97,145,23.860407,38.019496
97,146,23.860207,38.021106
97,147,23.859818,38.022727
97,148,23.859679,38.023399
97,149,23.859679,38.023399
97,150,23.859169,38.024021
97,151,23.856128,38.024661
97,152,23.852838,38.025462
97,153,23.850758,38.026134
97,154,23.850727,38.026145
97,155,23.849796,38.026446
97,156,23.847687,38.027137
97,157,23.844946,38.028735
97,158,23.843935,38.028376
97,159,23.842945,38.027285
97,160,23.841314,38.027976
97,161,23.838425,38.029235
97,162,23.837595,38.029617
97,163,23.837585,38.029617
97,164,23.837006,38.029376
97,165,23.835596,38.027526
97,166,23.833776,38.025585
97,167,23.832876,38.024993
97,168,23.832377,38.025283
97,169,23.831667,38.025672
97,170,23.830606,38.026263
97,171,23.830456,38.026302
97,172,23.831406,38.02576
97,173,23.832475,38.025508
97,174,23.832457,38.0256
97,175,23.831967,38.025779
97,176,23.831186,38.026229
97,177,23.830196,38.026828
97,178,23.828987,38.02766
97,179,23.828817,38.027759
97,180,23.823236,38.032737
97,181,23.822897,38.032989
97,182,23.823147,38.032798
97,183,23.823147,38.032687
97,184,23.822928,38.032497
97,185,23.822878,38.032497
97,186,23.822677,38.032748
97,187,23.822668,38.032737
97,188,23.822858,38.032386
97,189,23.822778,38.032447
97,190,23.823019,38.032477
97,191,23.823268,38.032527
97,192,23.830099,38.026797
97,193,23.831638,38.025909
97,194,23.832498,38.025489
97,195,23.832838,38.02494
97,196,23.833279,38.024902
97,197,23.833959,38.025871
97,198,23.835048,38.026931
97,199,23.835739,38.026801
97,200,23.837359,38.026001
97,201,23.838078,38.026939
97,202,23.838928,38.027037
97,203,23.839609,38.027217
97,204,23.842159,38.026046
97,205,23.843029,38.026557
97,206,23.84577,38.025436
97,207,23.84915,38.024924
97,208,23.84915,38.024924
97,209,23.84922,38.024875
97,210,23.84827,38.023044
97,211,23.847009,38.021175
97,212,23.84738,38.020965
97,213,23.84882,38.020557
97,214,23.850741,38.020415
97,215,23.852291,38.016994
97,216,23.853851,38.013545
97,217,23.855562,38.010795
97,218,23.856832,38.009975
97,219,23.857883,38.009074
97,220,23.858063,38.008674
97,221,23.857773,38.008365
97,222,23.857782,38.008365
97,223,23.857462,38.008006
97,224,23.857462,38.007968
97,225,23.858791,38.007487
97,226,23.861681,38.007037
97,227,23.861941,38.005466
97,228,23.86165,38.003585
97,229,23.86174,38.001747
97,230,23.862181,37.999995
97,231,23.862451,37.999847
97,232,23.865632,37.998477
97,233,23.869612,37.996219
97,234,23.873423,37.9939
97,235,23.874362,37.992728
97,236,23.876124,37.991508
97,237,23.880083,37.98904
97,238,23.881264,37.99002
97,239,23.881784,37.990482
97,240,23.881794,37.990482
97,241,23.881945,37.990561
97,242,23.881905,37.990561
97,243,23.881845,37.990432
97,244,23.881355,37.990081
97,245,23.881315,37.990081
97,246,23.880675,37.989421
97,247,23.880675,37.989421
97,248,23.880554,37.989303
97,249,23.880244,37.989032
97,250,23.879753,37.989253
97,251,23.877973,37.990333
97,252,23.875594,37.991954
97,253,23.875352,37.993144
97,254,23.876213,37.994926
97,255,23.875673,37.996806
97,256,23.874403,37.995498
97,257,23.871553,37.99641
97,258,23.870413,37.996078
97,259,23.870403,37.996078
97,260,23.869833,37.996158
97,261,23.867452,37.997478
97,262,23.865343,37.998637
97,263,23.865654,37.999068
97,264,23.866083,37.999927
97,265,23.866484,38.000865
97,266,23.867063,38.002295
97,267,23.867362,38.003116
97,268,23.867782,38.004646
97,269,23.867872,38.005805
97,270,23.869013,38.005633
97,271,23.869712,38.005515
97,272,23.870573,38.005366
97,273,23.870853,38.005336
97,274,23.871044,38.005325
97,275,23.871044,38.005325
97,276,23.871334,38.005275
97,277,23.871433,38.005264
97,278,23.871433,38.005264
97,279,23.871874,38.005694
97,280,23.872013,38.007594
97,281,23.870884,38.009796
97,282,23.870803,38.010837
97,283,23.869854,38.010936
97,284,23.869083,38.010985
97,285,23.868383,38.011775
97,286,23.868093,38.013045
97,287,23.867733,38.014114
97,288,23.867123,38.015342
97,289,23.866903,38.01578
97,290,23.866632,38.016292
97,291,23.865963,38.017013
97,292,23.865044,38.017814
97,293,23.863943,38.018653
97,294,23.862294,38.019603
97,295,23.860834,38.020244
97,296,23.860044,38.020305
97,297,23.859064,38.020576
97,298,23.857793,38.020797
97,299,23.856374,38.021057
97,300,23.854904,38.021277
97,301,23.853415,38.021476
97,302,23.852634,38.021568
97,303,23.851694,38.021685
97,304,23.850754,38.021857
97,305,23.849973,38.021918
97,306,23.848944,38.02209
97,307,23.847892,38.02214
97,308,23.846974,38.02228
97,309,23.845913,38.022452
97,310,23.844843,38.022594
97,311,23.843902,38.022735
97,312,23.843563,38.022545
97,313,23.844563,38.022384
97,314,23.845613,38.022243
97,315,23.845514,38.022281
97,316,23.845404,38.022269
97,317,23.845733,38.022209
97,318,23.846014,38.022148
97,319,23.846044,38.022117
97,320,23.845424,38.022247
97,321,23.844665,38.022387
97,322,23.844665,38.022387
97,323,23.844555,38.022388
97,324,23.843404,38.022739
97,325,23.844564,38.022628
97,326,23.844774,38.022579
97,327,23.845774,38.022448
97,328,23.846964,38.022251
97,329,23.848124,38.022059
97,330,23.849183,38.022041
97,331,23.850235,38.02185
97,332,23.851194,38.02172
97,333,23.852085,38.021579
97,334,23.852335,38.021518
97,335,23.851256,38.021587
97,336,23.850445,38.021396
97,337,23.850565,38.020674
97,338,23.852015,38.017494
97,339,23.853794,38.013484
97,340,23.855574,38.010593
97,341,23.855213,38.008743
97,342,23.855013,38.008342
97,343,23.855093,38.006781
97,344,23.855722,38.005554
97,345,23.856271,38.004382
97,346,23.856941,38.002922
97,347,23.860411,38.000842
97,348,23.86493,37.998793
97,349,23.867971,37.997154
97,350,23.870712,37.995845
97,351,23.873493,37.993587
97,352,23.874353,37.992687
97,353,23.877134,37.990825
97,354,23.880285,37.989025
97,355,23.881266,37.990035
97,356,23.881405,37.990196
97,357,23.881904,37.990527
97,358,23.881914,37.990489
97,359,23.882025,37.990607
97,360,23.881914,37.990547
97,361,23.881405,37.990177
97,362,23.881374,37.990085
97,363,23.881374,37.990085
97,364,23.881704,37.990283
97,365,23.881955,37.990905
97,366,23.881865,37.990954
97,367,23.881834,37.991275
97,368,23.881664,37.991577
97,369,23.881365,37.991676
97,370,23.881904,37.991004
97,371,23.881633,37.990374
97,372,23.880663,37.989383
97,373,23.879993,37.989173
97,374,23.878534,37.990023
97,375,23.876224,37.991553
97,376,23.875084,37.992743
97,377,23.876144,37.994273
97,378,23.875954,37.996605
97,379,23.875063,37.996196
97,380,23.873582,37.995276
97,381,23.870823,37.996238
97,382,23.870434,37.99604
97,383,23.870415,37.99604
97,384,23.870014,37.99607
97,385,23.867874,37.99721
97,386,23.864895,37.998809
97,387,23.861435,38.000198
97,388,23.858264,38.002238
97,389,23.857985,38.002608
97,390,23.857975,38.002781
97,391,23.857965,38.002791
97,392,23.857925,38.003143
97,393,23.857945,38.004992
97,394,23.858314,38.006503
97,395,23.858395,38.006794
97,396,23.858394,38.006873
97,397,23.858394,38.006885
97,398,23.858514,38.007225
97,399,23.858514,38.007262
97,400,23.859125,38.007411
97,401,23.860306,38.007292
97,402,23.860346,38.007274
97,403,23.860755,38.008266
97,404,23.861117,38.009986
97,405,23.861227,38.011626
97,406,23.860286,38.012916
97,407,23.860457,38.014286
97,408,23.860277,38.016376
97,409,23.860468,38.018844
97,410,23.860438,38.019534
97,411,23.860327,38.020446
97,412,23.859938,38.022326
97,413,23.859607,38.023745
97,414,23.859607,38.023764
97,415,23.858288,38.024166
97,416,23.855029,38.024734
97,417,23.852048,38.025715
97,418,23.850568,38.026195
97,419,23.850568,38.026195
97,420,23.849499,38.026527
97,421,23.848688,38.026786
97,422,23.848678,38.026786
97,423,23.847879,38.027026
97,424,23.845449,38.028415
97,425,23.844069,38.028624
97,426,23.843069,38.027145
97,427,23.841709,38.027755
97,428,23.839089,38.028895
97,429,23.838309,38.029228
97,430,23.837688,38.029506
97,431,23.837688,38.029517
97,432,23.837158,38.029628
97,433,23.836489,38.028709
97,434,23.836079,38.028118
97,435,23.83467,38.026638
97,436,23.834059,38.026138
97,437,23.832909,38.024898
97,438,23.832569,38.025207
97,439,23.83214,38.025589
97,440,23.83246,38.025588
97,441,23.83181,38.025909
97,442,23.830789,38.02645
97,443,23.82913,38.027541
97,444,23.828791,38.027793
97,445,23.830542,38.026591
97,446,23.831762,38.02589
97,447,23.832681,38.025169
97,448,23.832912,38.024837
97,449,23.832912,38.024837
97,450,23.833113,38.024848
97,451,23.833832,38.025737
97,452,23.834591,38.026557
97,453,23.83604,38.028075
97,454,23.83692,38.028305
97,455,23.839679,38.027183
97,456,23.842249,38.025993
97,457,23.843169,38.026401
97,458,23.846409,38.025371
97,459,23.848789,38.025001
97,460,23.848749,38.024082
97,461,23.847059,38.021331
97,462,23.848629,38.020622
97,463,23.850418,38.020793
97,464,23.851747,38.018062
97,465,23.853447,38.014282
97,466,23.855497,38.010779
97,467,23.857367,38.009391
97,468,23.858147,38.008769
97,469,23.858106,38.008719
97,470,23.857847,38.008361
97,471,23.857847,38.008312
97,472,23.857527,38.00798
97,473,23.857496,38.007968
97,474,23.857175,38.006988
97,475,23.855456,38.007358
97,476,23.855575,38.006148
97,477,23.856275,38.005279
97,478,23.856176,38.0036
97,479,23.857496,38.002639
97,480,23.860386,38.000857
97,481,23.864295,37.999099
97,482,23.868197,37.997028
97,483,23.872627,37.994907
97,484,23.875788,37.991699
97,485,23.879778,37.989158
97,486,23.880308,37.988998
97,487,23.881289,37.990058
97,488,23.881289,37.990058
97,489,23.881717,37.990478
97,490,23.881777,37.990458
97,491,23.881956,37.990496
97,492,23.881926,37.990516
97,493,23.882076,37.990688
97,494,23.882076,37.990676
97,495,23.881977,37.990855
97,496,23.881637,37.991478
97,497,23.881637,37.991359
97,498,23.881767,37.991661
