98,1,23.881802,37.991222
98,2,23.881962,37.990653
98,3,23.881811,37.990463
98,4,23.881802,37.990463
98,5,23.881881,37.990531
98,6,23.881792,37.990672
98,7,23.881663,37.990512
98,8,23.881262,37.990161
98,9,23.881261,37.990131
98,10,23.881111,37.98983
98,11,23.880241,37.989009
98,12,23.880242,37.988998
98,13,23.879531,37.98933
98,14,23.877703,37.990478
98,15,23.875622,37.991909
98,16,23.875301,37.993019
98,17,23.876251,37.994719
98,18,23.87573,37.996779
98,19,23.87433,37.995361
98,20,23.8715,37.996421
98,21,23.87044,37.99607
98,22,23.86989,37.996131
98,23,23.867559,37.997413
98,24,23.8643,37.999122
98,25,23.86072,38.000651
98,26,23.85797,38.002601
98,27,23.85795,38.004649
98,28,23.85844,38.006919
98,29,23.85853,38.007251
98,30,23.85856,38.007251
98,31,23.85877,38.007411
98,32,23.85894,38.007381
98,33,23.858949,38.007381
98,34,23.858999,38.007381
98,35,23.860479,38.007209
98,36,23.860499,38.007209
98,37,23.860739,38.007819
98,38,23.861059,38.009669
98,39,23.861199,38.01107
98,40,23.860597,38.012481
98,41,23.860367,38.013671
98,42,23.860336,38.015583
98,43,23.860435,38.018001
98,44,23.860435,38.019721
98,45,23.860416,38.019962
98,46,23.860175,38.02151
98,47,23.859686,38.02365
98,48,23.859415,38.026412
98,49,23.859246,38.02933
98,50,23.858076,38.031322
98,51,23.856457,38.032061
98,52,23.857017,38.033153
98,53,23.856867,38.033973
98,54,23.854986,38.035354
98,55,23.852417,38.037612
98,56,23.849916,38.040271
98,57,23.847836,38.041801
98,58,23.847836,38.041801
98,59,23.846896,38.042282
98,60,23.844005,38.04396
98,61,23.840845,38.045692
98,62,23.839665,38.04655
98,63,23.839665,38.04655
98,64,23.839565,38.046641
98,65,23.839926,38.047923
98,66,23.839775,38.049625
98,67,23.839515,38.051116
98,68,23.839205,38.051395
98,69,23.837854,38.051425
98,70,23.835615,38.051135
98,71,23.834165,38.051116
98,72,23.831686,38.051314
98,73,23.828346,38.052275
98,74,23.826006,38.052817
98,75,23.824147,38.053538
98,76,23.822277,38.052311
98,77,23.818787,38.052459
98,78,23.814877,38.053019
98,79,23.814047,38.053351
98,80,23.811946,38.053893
98,81,23.811917,38.053893
98,82,23.811435,38.054145
98,83,23.812065,38.055404
98,84,23.810205,38.056873
98,85,23.808787,38.057914
98,86,23.808636,38.058814
98,87,23.808734,38.059223
98,88,23.808935,38.060394
98,89,23.808815,38.060573
98,90,23.808645,38.060375
98,91,23.808205,38.060294
98,92,23.808294,38.060214
98,93,23.808325,38.060225
98,94,23.808265,38.060286
98,95,23.808355,38.060225
98,96,23.808635,38.060424
98,97,23.808686,38.060332
98,98,23.808515,38.059192
98,99,23.809185,38.05728
98,100,23.811845,38.05553
98,101,23.810887,38.053328
98,102,23.808977,38.05012
98,103,23.808897,38.050082
98,104,23.807846,38.048484
98,105,23.806557,38.045494
98,106,23.804117,38.043212
98,107,23.803667,38.042873
98,108,23.803078,38.041553
98,109,23.806507,38.040382
98,110,23.808087,38.039672
98,111,23.808336,38.039642
98,112,23.808996,38.041702
98,113,23.809307,38.044773
98,114,23.810956,38.044383
98,115,23.814146,38.043052
98,116,23.816927,38.04132
98,117,23.819397,38.040012
98,118,23.820418,38.040343
98,119,23.822147,38.040553
98,120,23.824176,38.041613
98,121,23.827236,38.043144
98,122,23.829117,38.043785
98,123,23.829717,38.041583
98,124,23.830007,38.040515
98,125,23.830208,38.039973
98,126,23.830688,38.040194
98,127,23.831209,38.040565
98,128,23.831799,38.040935
98,129,23.833109,38.041846
98,130,23.834689,38.042995
98,131,23.836908,38.044666
98,132,23.839168,38.046317
98,133,23.841539,38.044956
98,134,23.845379,38.042846
98,135,23.84796,38.041457
98,136,23.84959,38.040309
98,137,23.851459,38.038288
98,138,23.854648,38.035419
98,139,23.856868,38.033069
98,140,23.856468,38.032237
98,141,23.855339,38.030768
98,142,23.852098,38.028488
98,143,23.850969,38.026859
98,144,23.849359,38.025077
98,145,23.849289,38.024978
98,146,23.848228,38.022987
98,147,23.846649,38.020747
98,148,23.845499,38.018355
98,149,23.845549,38.018237
98,150,23.847538,38.017787
98,151,23.850847,38.017596
98,152,23.852617,38.016067
98,153,23.854437,38.012077
98,154,23.856917,38.009845
98,155,23.857756,38.009094
98,156,23.857947,38.008582
98,157,23.857977,38.008551
98,158,23.857857,38.00838
98,159,23.857647,38.008159
98,160,23.857647,38.00814
98,161,23.857447,38.00788
98,162,23.857847,38.007602
98,163,23.857918,38.007583
98,164,23.857887,38.007583
98,165,23.858328,38.007522
98,166,23.858978,38.007411
98,167,23.861759,38.006961
98,168,23.862009,38.005321
98,169,23.861558,38.00344
98,170,23.861578,38.001991
98,171,23.862128,37.99995
98,172,23.863878,37.999259
98,173,23.867807,37.997218
98,174,23.872279,37.995159
98,175,23.875528,37.99184
98,176,23.879639,37.989212
98,177,23.880918,37.989631
98,178,23.881449,37.990162
98,179,23.881449,37.990199
98,180,23.88164,37.990429
98,181,23.881568,37.99039
98,182,23.881288,37.990169
98,183,23.881258,37.99018
98,184,23.881387,37.99031
98,185,23.881897,37.990611
98,186,23.881847,37.990612
98,187,23.881697,37.990482
98,188,23.881268,37.990131
98,189,23.881298,37.990093
98,190,23.880728,37.989482
98,191,23.879868,37.989173
98,192,23.877978,37.990321
98,193,23.875517,37.991943
98,194,23.874817,37.992103
98,195,23.874768,37.992103
98,196,23.875097,37.992103
98,197,23.874906,37.992435
98,198,23.875616,37.993544
98,199,23.876205,37.994666
98,200,23.875906,37.996658
98,201,23.875247,37.996486
98,202,23.873596,37.995284
98,203,23.870587,37.996165
98,204,23.870395,37.996066
98,205,23.870045,37.996078
98,206,23.867846,37.997256
98,207,23.864546,37.999007
98,208,23.860876,38.000537
98,209,23.858147,38.002318
98,210,23.857836,38.004127
98,211,23.858196,38.006366
98,212,23.858455,38.007216
98,213,23.858505,38.007426
98,214,23.859455,38.007408
98,215,23.860174,38.007316
98,216,23.860544,38.007587
98,217,23.860875,38.009086
98,218,23.861133,38.010807
98,219,23.861213,38.011798
98,220,23.861213,38.011848
98,221,23.860443,38.012637
98,222,23.860363,38.013958
98,223,23.860243,38.016177
98,224,23.860433,38.018898
98,225,23.860374,38.019928
98,226,23.860124,38.021506
98,227,23.859665,38.023368
98,228,23.859584,38.023807
98,229,23.857635,38.024269
98,230,23.854225,38.024989
98,231,23.851376,38.02592
98,232,23.850676,38.026172
98,233,23.850676,38.026172
98,234,23.850445,38.026252
98,235,23.850395,38.026362
98,236,23.851104,38.027023
98,237,23.852234,38.028663
98,238,23.854673,38.029994
98,239,23.855303,38.030746
98,240,23.855691,38.031207
98,241,23.855911,38.031448
98,242,23.856161,38.031829
98,243,23.856171,38.03184
98,244,23.856731,38.03263
98,245,23.856593,38.034202
98,246,23.854193,38.036003
98,247,23.851642,38.038402
98,248,23.849231,38.040881
98,249,23.845472,38.043083
98,250,23.842032,38.045012
98,251,23.840151,38.046214
98,252,23.83947,38.046965
98,253,23.839769,38.048805
98,254,23.83977,38.049025
98,255,23.83973,38.049594
98,256,23.83943,38.051223
98,257,23.838829,38.051623
98,258,23.838829,38.051623
98,259,23.83741,38.051452
98,260,23.83617,38.051242
98,261,23.835631,38.051242
98,262,23.83547,38.050201
98,263,23.835511,38.050509
98,264,23.835649,38.051101
98,265,23.836159,38.05112
98,266,23.836839,38.05122
98,267,23.83703,38.051258
98,268,23.838279,38.051497
98,269,23.83831,38.051497
98,270,23.839469,38.050876
98,271,23.839649,38.049445
98,272,23.83976,38.048083
98,273,23.839399,38.046572
98,274,23.841299,38.045265
98,275,23.84408,38.043773
98,276,23.84709,38.042064
98,277,23.84841,38.041343
98,278,23.85107,38.039004
98,279,23.853981,38.036014
98,280,23.857092,38.033553
98,281,23.855522,38.031005
98,282,23.853332,38.029255
98,283,23.851082,38.026996
98,284,23.849481,38.025165
98,285,23.848741,38.023864
98,286,23.846701,38.020793
98,287,23.845041,38.017505
98,288,23.843842,38.014644
98,289,23.843681,38.014133
98,290,23.843611,38.013572
98,291,23.843521,38.01287
98,292,23.843512,38.012431
98,293,23.843512,38.01232
98,294,23.843651,38.011382
98,295,23.84366,38.011363
98,296,23.843731,38.010742
98,297,23.846901,38.01007
98,298,23.851422,38.0093
98,299,23.854811,38.008609
98,300,23.85502,38.007461
98,301,23.85532,38.006179
98,302,23.85614,38.005321
98,303,23.856189,38.003761
98,304,23.857839,38.002478
98,305,23.861009,38.000469
98,306,23.86496,37.998839
98,307,23.86892,37.996619
98,308,23.87306,37.994499
98,309,23.87638,37.991389
98,310,23.880112,37.989051
98,311,23.880781,37.98947
98,312,23.881041,37.989692
98,313,23.88105,37.989703
98,314,23.881309,37.990023
98,315,23.88142,37.990123
98,316,23.881421,37.990142
98,317,23.88187,37.990493
98,318,23.881851,37.990924
98,319,23.88154,37.990912
98,320,23.881719,37.990832
98,321,23.881719,37.990802
98,322,23.881729,37.990813
98,323,23.881619,37.990943
98,324,23.881898,37.990493
98,325,23.881849,37.990432
98,326,23.881839,37.990443
98,327,23.881849,37.990443
98,328,23.881908,37.990585
98,329,23.882087,37.990684
98,330,23.881548,37.991676
98,331,23.881398,37.991687
98,332,23.881387,37.991698
98,333,23.881308,37.99171
98,334,23.881638,37.991618
98,335,23.881777,37.99155
98,336,23.881656,37.991741
98,337,23.881666,37.991729
98,338,23.881697,37.991729
98,339,23.881466,37.991927
