99,1,23.881376,37.991503
99,2,23.881475,37.991614
99,3,23.881676,37.991504
99,4,23.882064,37.990653
99,5,23.881864,37.990432
99,6,23.881864,37.990512
99,7,23.881593,37.990352
99,8,23.881384,37.990161
99,9,23.881514,37.990211
99,10,23.881523,37.990161
99,11,23.881193,37.98983
99,12,23.880383,37.98907
99,13,23.880482,37.988849
99,14,23.882482,37.987869
99,15,23.885653,37.986358
99,16,23.889522,37.984179
99,17,23.893133,37.981711
99,18,23.896852,37.979281
99,19,23.900433,37.976951
99,20,23.903762,37.974391
99,21,23.905543,37.97105
99,22,23.905912,37.967891
99,23,23.906443,37.965281
99,24,23.906313,37.96416
99,25,23.903272,37.96342
99,26,23.900463,37.963012
99,27,23.898223,37.962573
99,28,23.895714,37.960395
99,29,23.892844,37.957565
99,30,23.889933,37.956825
99,31,23.887712,37.956195
99,32,23.885251,37.955195
99,33,23.882261,37.953857
99,34,23.878582,37.953506
99,35,23.874162,37.952544
99,36,23.869453,37.951953
99,37,23.865273,37.951724
99,38,23.862383,37.951606
99,39,23.862512,37.950645
99,40,23.864033,37.948215
99,41,23.865793,37.946643
99,42,23.868913,37.944362
99,43,23.872524,37.94168
99,44,23.875675,37.938769
99,45,23.878506,37.936038
99,46,23.881666,37.93304
99,47,23.884716,37.930122
99,48,23.884766,37.927012
99,49,23.883795,37.923793
99,50,23.888315,37.922362
99,51,23.891295,37.919444
99,52,23.893454,37.915854
99,53,23.895134,37.912234
99,54,23.894385,37.908583
99,55,23.894314,37.904926
99,56,23.894804,37.903697
99,57,23.894804,37.903697
99,58,23.895763,37.902808
99,59,23.898623,37.901408
99,60,23.902912,37.900947
99,61,23.907001,37.898517
99,62,23.911411,37.896057
99,63,23.915262,37.893596
99,64,23.919073,37.891357
99,65,23.921973,37.888427
99,66,23.923802,37.886725
99,67,23.92382,37.886706
99,68,23.92522,37.886356
99,69,23.927761,37.885497
99,70,23.928861,37.886699
99,71,23.930092,37.88832
99,72,23.930982,37.887919
99,73,23.932843,37.887111
99,74,23.935013,37.886271
99,75,23.937122,37.88544
99,76,23.938143,37.88597
99,77,23.940631,37.887302
99,78,23.943783,37.888431
99,79,23.945713,37.891372
99,80,23.949373,37.89318
99,81,23.952983,37.894011
99,82,23.957224,37.894344
99,83,23.961244,37.895423
99,84,23.965346,37.894912
99,85,23.970075,37.894001
99,86,23.974256,37.893538
99,87,23.978496,37.89355
99,88,23.981766,37.893771
99,89,23.984105,37.894462
99,90,23.986545,37.894302
99,91,23.989996,37.89363
99,92,23.993566,37.891959
99,93,23.997186,37.890239
99,94,24.000786,37.888648
99,95,24.003845,37.88705
99,96,24.006315,37.885428
99,97,24.008825,37.884578
99,98,24.011366,37.883498
99,99,24.013366,37.88174
99,100,24.014887,37.880069
99,101,24.014347,37.87976
99,102,24.013407,37.87973
99,103,24.012528,37.879691
99,104,24.012678,37.879653
99,105,24.012278,37.879535
99,106,24.012528,37.879626
99,107,24.014088,37.879687
99,108,24.014868,37.880268
99,109,24.013039,37.881999
99,110,24.010609,37.88391
99,111,24.006998,37.885112
99,112,24.003648,37.887202
99,113,24.000288,37.888954
99,114,23.996668,37.890544
99,115,23.992988,37.892314
99,116,23.988909,37.893924
99,117,23.984259,37.894515
99,118,23.979429,37.893646
99,119,23.974419,37.893615
99,120,23.969359,37.894183
99,121,23.964769,37.895095
99,122,23.960239,37.894996
99,123,23.955599,37.894587
99,124,23.950899,37.893596
99,125,23.946529,37.892257
99,126,23.943089,37.890418
99,127,23.937899,37.889758
99,128,23.93266,37.889537
99,129,23.927608,37.888809
99,130,23.925607,37.886298
99,131,23.924096,37.886718
99,132,23.923998,37.886268
99,133,23.924378,37.885367
99,134,23.925028,37.884086
99,135,23.926748,37.881217
99,136,23.926379,37.879008
99,137,23.924577,37.875747
99,138,23.921648,37.873367
99,139,23.920747,37.870727
99,140,23.919367,37.869635
99,141,23.918037,37.868556
99,142,23.916257,37.867828
99,143,23.914417,37.867347
99,144,23.912737,37.866988
99,145,23.911207,37.866817
99,146,23.910686,37.867087
99,147,23.911476,37.867907
99,148,23.911205,37.868648
99,149,23.910616,37.868739
99,150,23.909656,37.86874
99,151,23.908707,37.868938
99,152,23.907637,37.868686
99,153,23.906757,37.868606
99,154,23.906816,37.868698
99,155,23.907187,37.868629
99,156,23.907927,37.868648
99,157,23.908757,37.868869
99,158,23.909596,37.868728
99,159,23.910515,37.868618
99,160,23.911024,37.868839
99,161,23.911594,37.868247
99,162,23.911234,37.867507
99,163,23.910685,37.867046
99,164,23.910855,37.866725
99,165,23.912495,37.866885
99,166,23.914474,37.867255
99,167,23.916435,37.867786
99,168,23.917655,37.868156
99,169,23.918725,37.869026
99,170,23.919126,37.869315
99,171,23.919556,37.869647
99,172,23.921076,37.870887
99,173,23.921556,37.872737
99,174,23.923447,37.874877
99,175,23.925597,37.876338
99,176,23.928177,37.877288
99,177,23.929137,37.877258
99,178,23.930256,37.875347
99,179,23.931036,37.874046
99,180,23.931557,37.873935
99,181,23.931087,37.874206
99,182,23.929888,37.876247
99,183,23.928019,37.879428
99,184,23.926088,37.882697
99,185,23.924929,37.884696
99,186,23.924929,37.884696
99,187,23.924728,37.885097
99,188,23.924448,37.886546
99,189,23.926567,37.885818
99,190,23.927757,37.885448
99,191,23.928676,37.886298
99,192,23.929917,37.888186
99,193,23.930887,37.887935
99,194,23.932907,37.887084
99,195,23.935367,37.886085
99,196,23.937147,37.885375
99,197,23.938517,37.886196
99,198,23.941447,37.887424
99,199,23.944296,37.889255
99,200,23.946476,37.892135
99,201,23.950287,37.893405
99,202,23.954647,37.894397
99,203,23.959087,37.894557
99,204,23.963238,37.895358
99,205,23.967558,37.894477
99,206,23.971949,37.893687
99,207,23.976037,37.893569
99,208,23.980108,37.893569
99,209,23.983019,37.89437
99,210,23.985689,37.894359
99,211,23.988948,37.893871
99,212,23.992378,37.892581
99,213,23.995437,37.891063
99,214,23.998638,37.889632
99,215,24.001848,37.888122
99,216,24.004428,37.886691
99,217,24.006909,37.885181
99,218,24.009819,37.8843
99,219,24.012349,37.882869
99,220,24.014278,37.881088
99,221,24.014849,37.879806
99,222,24.014879,37.879786
99,223,24.014339,37.879706
99,224,24.013621,37.879696
99,225,24.013451,37.879696
99,226,24.013451,37.879684
99,227,24.01326,37.879623
99,228,24.012939,37.879634
99,229,24.012599,37.879604
99,230,24.012658,37.879573
99,231,24.012399,37.879585
99,232,24.012449,37.879573
99,233,24.01368,37.879641
99,234,24.014928,37.879711
99,235,24.014419,37.881011
99,236,24.014269,37.881152
99,237,24.014269,37.881152
99,238,24.013729,37.881473
99,239,24.012388,37.882873
99,240,24.010119,37.884155
99,241,24.006667,37.885234
99,242,24.003588,37.887245
99,243,24.001349,37.888385
99,244,23.998249,37.889815
99,245,23.994958,37.891334
99,246,23.991749,37.892974
99,247,23.987978,37.894153
99,248,23.983707,37.894523
99,249,23.979248,37.893611
99,250,23.974668,37.893592
99,251,23.970188,37.89403
99,252,23.965859,37.894862
99,253,23.961878,37.895522
99,254,23.957878,37.894512
99,255,23.953968,37.894283
99,256,23.950017,37.893371
99,257,23.946318,37.891971
99,258,23.943197,37.89038
99,259,23.938578,37.889759
99,260,23.933798,37.88948
99,261,23.929198,37.889388
99,262,23.926076,37.88684
99,263,23.924538,37.886649
99,264,23.924149,37.886661
99,265,23.924139,37.886661
99,266,23.923989,37.886371
99,267,23.924548,37.88507
99,268,23.92519,37.883929
99,269,23.926839,37.881129
99,270,23.926251,37.878608
99,271,23.92429,37.87532
99,272,23.921641,37.87313
99,273,23.9207,37.87059
99,274,23.91995,37.86996
99,275,23.91885,37.869151
99,276,23.918039,37.868449
99,277,23.916648,37.867938
99,278,23.915208,37.867538
99,279,23.913649,37.867038
99,280,23.912178,37.866859
99,281,23.910518,37.866718
99,282,23.911238,37.867447
99,283,23.911599,37.868305
99,284,23.910858,37.868914
99,285,23.910109,37.868625
99,286,23.909368,37.868835
99,287,23.908518,37.868854
99,288,23.907658,37.868633
99,289,23.906838,37.868541
99,290,23.906897,37.868609
99,291,23.906766,37.868549
99,292,23.906766,37.86856
99,293,23.907327,37.868999
99,294,23.907588,37.86919
99,295,23.908247,37.869399
99,296,23.909116,37.869491
99,297,23.909666,37.869849
99,298,23.909936,37.8703
99,299,23.909907,37.87025
99,300,23.909756,37.87017
99,301,23.909966,37.87035
99,302,23.909706,37.869929
99,303,23.909355,37.869708
99,304,23.909105,37.869518
99,305,23.908584,37.869468
99,306,23.907825,37.869308
99,307,23.907055,37.868846
99,308,23.907005,37.868808
99,309,23.906987,37.868796
99,310,23.906856,37.868606
99,311,23.906856,37.868717
99,312,23.906915,37.868705
99,313,23.907196,37.868915
99,314,23.907606,37.869193
99,315,23.908176,37.869384
99,316,23.908657,37.869453
99,317,23.909228,37.869594
99,318,23.909667,37.869846
99,319,23.909908,37.870295
99,320,23.909828,37.870258
99,321,23.909828,37.870258
99,322,23.909908,37.87035
99,323,23.909658,37.869888
99,324,23.910189,37.869998
99,325,23.910519,37.869697
99,326,23.910839,37.869106
99,327,23.911289,37.868636
99,328,23.911579,37.868186
99,329,23.911579,37.868026
99,330,23.911508,37.867897
99,331,23.911508,37.867885
99,332,23.911429,37.867774
99,333,23.910359,37.866836
99,334,23.911548,37.866805
99,335,23.911938,37.867026
99,336,23.912098,37.867427
99,337,23.912237,37.867828
99,338,23.912367,37.868267
99,339,23.912477,37.868544
99,340,23.912577,37.868835
99,341,23.912487,37.868594
99,342,23.912326,37.868205
99,343,23.912287,37.868106
99,344,23.912228,37.867866
99,345,23.912197,37.867747
99,346,23.912126,37.867527
99,347,23.912136,37.867527
99,348,23.912025,37.867248
99,349,23.911686,37.866809
99,350,23.910557,37.866759
99,351,23.910997,37.86724
99,352,23.911416,37.867659
99,353,23.911436,37.867698
99,354,23.911645,37.868167
99,355,23.911325,37.868617
99,356,23.910905,37.868957
99,357,23.910276,37.868655
99,358,23.909566,37.868815
99,359,23.908886,37.868964
99,360,23.908146,37.868774
99,361,23.907455,37.868713
99,362,23.907455,37.868701
99,363,23.907336,37.86869
99,364,23.906796,37.868572
99,365,23.906776,37.86859
99,366,23.906887,37.868591
99,367,23.907016,37.868591
99,368,23.907016,37.868591
99,369,23.907747,37.86859
99,370,23.909338,37.868811
99,371,23.910168,37.868583
99,372,23.909868,37.868701
99,373,23.909619,37.868873
99,374,23.909628,37.868892
99,375,23.909687,37.868854
99,376,23.909677,37.869094
99,377,23.909677,37.868995
99,378,23.909578,37.869193
99,379,23.909658,37.868995
99,380,23.909969,37.868686
99,381,23.91029,37.868705
99,382,23.91,37.868667
99,383,23.909309,37.868876
99,384,23.908609,37.868877
99,385,23.90752,37.868636
99,386,23.906839,37.868526
99,387,23.906849,37.868686
99,388,23.907039,37.868667
99,389,23.907049,37.868667
99,390,23.907559,37.868667
99,391,23.908928,37.868957
99,392,23.910118,37.868686
99,393,23.909909,37.868754
99,394,23.909658,37.869033
99,395,23.909587,37.869243
99,396,23.909598,37.869273
99,397,23.909668,37.869033
99,398,23.910208,37.868663
99,399,23.910307,37.868693
99,400,23.909817,37.868724
99,401,23.909286,37.868915
99,402,23.908617,37.868915
99,403,23.907667,37.868674
99,404,23.906847,37.868575
99,405,23.906856,37.868686
99,406,23.907365,37.868686
99,407,23.908105,37.868736
99,408,23.908707,37.868907
99,409,23.909388,37.868846
99,410,23.910047,37.868667
99,411,23.909977,37.868698
99,412,23.909638,37.868938
99,413,23.909598,37.869216
99,414,23.909558,37.869228
99,415,23.909527,37.869239
99,416,23.909567,37.869258
99,417,23.909438,37.869037
99,418,23.909968,37.868716
99,419,23.909918,37.868636
99,420,23.909707,37.868728
99,421,23.909707,37.868728
99,422,23.909267,37.868888
99,423,23.908478,37.86885
99,424,23.907238,37.868678
99,425,23.906898,37.868609
99,426,23.906889,37.868671
99,427,23.9075,37.868632
99,428,23.908259,37.868731
99,429,23.909008,37.868892
99,430,23.909819,37.868663
99,431,23.910099,37.868633
99,432,23.909779,37.868824
99,433,23.909739,37.869063
99,434,23.909468,37.869194
99,435,23.909598,37.869262
99,436,23.909736,37.869121
99,437,23.909887,37.86877
99,438,23.910008,37.868652
99,439,23.909548,37.868831
99,440,23.908737,37.86893
99,441,23.907806,37.86869
99,442,23.906956,37.868678
99,443,23.906836,37.86856
99,444,23.906855,37.86872
99,445,23.907074,37.86864
99,446,23.907734,37.86864
99,447,23.908243,37.868739
99,448,23.908743,37.86888
99,449,23.908912,37.868899
99,450,23.909582,37.868758
99,451,23.910171,37.868648
99,452,23.909802,37.868827
99,453,23.909651,37.869197
99,454,23.90961,37.869216
99,455,23.90961,37.869227
99,456,23.909511,37.869228
99,457,23.90957,37.869278
99,458,23.909391,37.869136
99,459,23.909721,37.868926
99,460,23.910051,37.868705
99,461,23.910332,37.868785
99,462,23.910182,37.868717
99,463,23.909521,37.868858
99,464,23.908821,37.868968
99,465,23.908071,37.868789
99,466,23.907232,37.86875
99,467,23.906862,37.868602
99,468,23.906881,37.868682
99,469,23.906971,37.868683
99,470,23.90685,37.868652
99,471,23.907061,37.868632
99,472,23.907711,37.868633
99,473,23.908611,37.868892
99,474,23.909681,37.868762
99,475,23.910532,37.868712
99,476,23.911041,37.868904
99,477,23.911571,37.868384
99,478,23.911392,37.867794
99,479,23.910581,37.867122
99,480,23.911241,37.866881
99,481,23.913782,37.867141
99,482,23.915241,37.867671
99,483,23.9169,37.868121
99,484,23.918421,37.868911
99,485,23.91957,37.8698
99,486,23.920811,37.870792
99,487,23.921391,37.871963
99,488,23.921859,37.873943
99,489,23.924389,37.875541
99,490,23.926458,37.876861
99,491,23.928778,37.877669
99,492,23.929058,37.87754
99,493,23.930267,37.875449
99,494,23.931026,37.87421
99,495,23.931067,37.874141
99,496,23.931067,37.874141
99,497,23.931866,37.87493
99,498,23.932716,37.877002
99,499,23.933596,37.877982
99,500,23.934166,37.878562
99,501,23.933965,37.879131
99,502,23.934055,37.8791
99,503,23.934114,37.879069
99,504,23.934114,37.879069
99,505,23.934008,37.878989
99,506,23.933487,37.879581
99,507,23.933126,37.879012
99,508,23.932646,37.876811
99,509,23.931535,37.87416
99,510,23.931316,37.87408
99,511,23.930216,37.8758
99,512,23.928135,37.879352
99,513,23.925905,37.883144
99,514,23.924934,37.884822
99,515,23.924074,37.886611
99,516,23.921564,37.889053
99,517,23.918795,37.891601
99,518,23.914614,37.8941
99,519,23.910354,37.896808
99,520,23.907005,37.899887
99,521,23.902495,37.901248
99,522,23.897283,37.901816
99,523,23.894912,37.903758
99,524,23.894363,37.907058
99,525,23.895014,37.911319
99,526,23.894134,37.914939
99,527,23.891865,37.91872
99,528,23.889114,37.922229
99,529,23.884445,37.923221
99,530,23.884605,37.926799
99,531,23.884975,37.929939
99,532,23.881775,37.932997
99,533,23.878466,37.936157
99,534,23.875287,37.939185
99,535,23.871705,37.942305
99,536,23.867725,37.945247
99,537,23.864244,37.947918
99,538,23.863024,37.949928
99,539,23.863822,37.950629
99,540,23.864933,37.951579
99,541,23.867674,37.952011
99,542,23.871775,37.952048
99,543,23.876194,37.952937
99,544,23.880983,37.953548
99,545,23.885084,37.955027
99,546,23.888865,37.956569
99,547,23.892904,37.957568
99,548,23.895695,37.96035
99,549,23.898834,37.962749
99,550,23.902394,37.963081
99,551,23.906543,37.964122
99,552,23.906485,37.965281
99,553,23.906044,37.96754
99,554,23.905594,37.97037
99,555,23.904394,37.973579
99,556,23.901444,37.976317
99,557,23.897764,37.97871
99,558,23.894144,37.98104
99,559,23.890604,37.983451
99,560,23.886845,37.985709
99,561,23.883563,37.98754
99,562,23.882614,37.989379
99,563,23.882123,37.990741
99,564,23.881735,37.991492
99,565,23.881676,37.991642
99,566,23.881676,37.99168
